67407878.170713215715
67407878.170713222715
67407878.170713225715
67407878.170714002715
67407878.170714025715
67407878.170714032715
67407878.170714035715
67407878.170714082714
67407878.170714085714
67407878.170714092714
67407878.170714155713
67407878.170714162713
67407878.170714175712
67407878.170714192713
67407878.170714232713
67407878.170715052713
67407878.170715055713
67407878.170715195710
67407878.170716052709
67407878.170716055709
67407878.170716095708
67407878.170716105708
67407878.170716112708
67407878.170716135708
67407878.170717012706
67407878.170717015706
67407878.170717062706
