Selection	View	Channel	Begin Time (s)	End Time (s)	Low Freq (Hz)	High Freq (Hz)	Delta Time (s)	Delta Freq (Hz)	Avg Power Density (dB FS/Hz)	Annotation
1	Spectrogram 1	1	2.004955691	2.662690024	198.874	331.456	0.6577	132.583	-30.74	
2	Spectrogram 1	1	5.697340154	6.160022237	187.050	359.712	0.4627	172.662	-35.67	
3	Spectrogram 1	1	8.123981795	8.541302889	151.079	309.353	0.4173	158.273	-36.49	
4	Spectrogram 1	1	11.149031523	11.765940967	151.079	352.518	0.6169	201.439	-29.29	
5	Spectrogram 1	1	17.425280345	17.788168252	280.576	510.791	0.3629	230.216	-46.17	
6	Spectrogram 1	1	18.173736655	18.482191376	294.964	467.626	0.3085	172.662	-40.57	
7	Spectrogram 1	1	20.031901563	20.816646664	151.079	381.295	0.7847	230.216	-33.68	
8	Spectrogram 1	1	24.204927010	24.694825686	165.468	330.935	0.4899	165.468	-35.57	
9	Spectrogram 1	1	27.201653006	27.950109316	107.914	294.964	0.7485	187.050	-38.83	
10	Spectrogram 1	1	30.059262222	31.039059574	162.787	330.661	0.9798	167.874	-31.97	
11	Spectrogram 1	1	33.515769545	34.404844919	183.136	340.836	0.8891	157.700	-38.25	
12	Spectrogram 1	1	36.781760716	37.634547300	91.568	259.442	0.8528	167.874	-37.29	
13	Spectrogram 1	1	39.412698048	40.519506167	152.613	335.749	1.1068	183.136	-34.07	
14	Spectrogram 1	1	42.841988778	43.467970419	167.874	381.532	0.6260	213.658	-37.30	
15	Spectrogram 1	1	45.832357778	47.002671281	76.306	228.919	1.1703	152.613	-41.00	
16	Spectrogram 1	1	48.263706761	49.515670043	162.787	361.184	1.2520	198.397	-34.64	
17	Spectrogram 1	1	52.391556713	53.099188133	188.223	351.010	0.7076	162.787	-41.38	
18	Spectrogram 1	1	54.786616905	54.958988661	132.265	289.965	0.1724	157.700	-36.89	
19	Spectrogram 1	1	55.285587779	56.737139410	96.655	254.355	1.4516	157.700	-40.85	
20	Spectrogram 1	1	58.306629612	59.250138172	162.787	335.749	0.9435	172.961	-34.20	
21	Spectrogram 1	1	61.971797482	62.715717693	167.874	356.097	0.7439	188.223	-40.79	
22	Spectrogram 1	1	64.793250966	65.718615131	71.219	279.790	0.9254	208.571	-39.73	
23	Spectrogram 1	1	67.335996611	68.215999787	178.048	376.445	0.8800	198.397	-38.37	
24	Spectrogram 1	1	71.273330411	71.899312053	198.397	361.184	0.6260	162.787	-34.66	
25	Spectrogram 1	1	76.755653727	77.717306683	167.874	361.184	0.9617	193.310	-38.77	
26	Spectrogram 1	1	80.726004620	81.442708238	223.832	335.749	0.7167	111.916	-39.95	
27	Spectrogram 1	1	83.991995791	85.116948306	96.655	213.658	1.1250	117.003	-38.32	
28	Spectrogram 1	1	86.628549140	87.535768910	183.136	330.661	0.9072	147.526	-37.16	
29	Spectrogram 1	1	90.393511185	91.454958315	178.048	391.707	1.0614	213.658	-45.17	
30	Spectrogram 1	1	93.673635677	94.526422261	71.219	239.094	0.8528	167.874	-41.99	
31	Spectrogram 1	1	96.168490044	97.003132232	183.136	351.010	0.8346	167.874	-37.53	
32	Spectrogram 1	1	100.069535054	100.949538230	183.136	325.574	0.8800	142.439	-36.93	
33	Spectrogram 1	1	103.080472475	103.942331256	61.045	244.181	0.8619	183.136	-37.16	
34	Spectrogram 1	1	105.666048819	106.654918368	178.048	396.794	0.9889	218.745	-37.90	
35	Spectrogram 1	1	109.530805038	110.193075470	188.223	366.271	0.6623	178.048	-38.78	
36	Spectrogram 1	1	112.756416508	113.554769906	86.481	234.007	0.7984	147.526	-38.75	
37	Spectrogram 1	1	115.278487468	116.067768668	178.048	381.532	0.7893	203.484	-36.53	
38	Spectrogram 1	1	118.834788966	119.569636979	218.745	356.097	0.7348	137.352	-39.86	
39	Spectrogram 1	1	121.728045870	122.653410036	71.219	218.745	0.9254	147.526	-39.13	
40	Spectrogram 1	1	124.485993970	125.075686821	178.048	366.271	0.5897	188.223	-33.99	
41	Spectrogram 1	1	128.278172608	128.867865458	188.223	366.271	0.5897	178.048	-38.60	
42	Spectrogram 1	1	131.432942667	132.349234635	66.132	264.529	0.9163	198.397	-38.52	
43	Spectrogram 1	1	134.018519011	134.998316363	172.961	371.358	0.9798	198.397	-37.00	
44	Spectrogram 1	1	137.254022275	137.934437102	208.571	371.358	0.6804	162.787	-36.21	
45	Spectrogram 1	1	139.894031805	140.619807621	71.219	239.094	0.7258	167.874	-37.06	
46	Spectrogram 1	1	142.358213844	142.984195485	152.613	381.532	0.6260	228.919	-37.93	
47	Spectrogram 1	1	143.465021963	144.136364593	386.620	554.494	0.6713	167.874	-45.17	
48	Spectrogram 1	1	145.860082155	146.622146762	178.048	396.794	0.7621	218.745	-35.96	
49	Spectrogram 1	1	147.511222136	147.992048614	162.787	315.400	0.4808	152.613	-45.46	
51	Spectrogram 1	1	148.156983451	149.191213988	86.481	234.007	1.0342	147.526	-37.00	
53	Spectrogram 1	1	150.352455294	151.087303307	188.223	345.923	0.7348	157.700	-35.07	
54	Spectrogram 1	1	153.633319776	154.377239987	178.048	345.923	0.7439	167.874	-36.35	
55	Spectrogram 1	1	156.082813154	156.699722597	81.394	234.007	0.6169	152.613	-38.10	
56	Spectrogram 1	1	157.888180496	158.813544661	172.961	386.620	0.9254	213.658	-36.23	
57	Spectrogram 1	1	161.117512348	161.425967070	76.306	361.184	0.3085	284.878	-41.10	
58	Spectrogram 1	1	163.176901225	163.748449680	66.132	228.919	0.5715	162.787	-40.23	
59	Spectrogram 1	1	166.215901577	166.488067507	198.397	503.623	0.2722	305.226	-41.25	
60	Spectrogram 1	1	169.454676155	169.672408899	335.749	600.278	0.2177	264.529	-39.25	
61	Spectrogram 1	1	171.777158765	172.076541289	86.481	432.403	0.2994	345.923	-41.64	
62	Spectrogram 1	1	173.742369452	173.914741209	147.526	539.233	0.1724	391.707	-40.34	
63	Spectrogram 1	1	175.166704491	175.847119318	289.965	396.794	0.6804	106.829	-46.24	
64	Spectrogram 1	1	176.690833704	176.890422053	137.352	574.842	0.1996	437.491	-37.99	
65	Spectrogram 1	1	180.833556967	181.024073119	167.874	442.578	0.1905	274.703	-39.85	
66	Spectrogram 1	1	185.215242873	185.968235282	330.661	473.100	0.7530	142.439	-47.68	
67	Spectrogram 1	1	188.940645042	189.131161194	259.442	503.623	0.1905	244.181	-39.16	
68	Spectrogram 1	1	192.034264457	192.814473459	300.139	462.926	0.7802	162.787	-47.06	
69	Spectrogram 1	1	195.181946530	196.279682452	315.400	437.491	1.0977	122.090	-46.36	
70	Spectrogram 1	1	201.619936425	202.554372788	310.313	468.013	0.9344	157.700	-46.39	
71	Spectrogram 1	1	205.517710350	205.880598258	305.226	503.623	0.3629	198.397	-49.46	
72	Spectrogram 1	1	208.166792078	208.729268335	554.494	803.762	0.5625	249.268	-47.62	
73	Spectrogram 1	1	209.146589429	209.790715466	295.052	432.403	0.6441	137.352	-48.29	
74	Spectrogram 1	1	219.527713893	220.189984325	345.923	493.449	0.6623	147.526	-47.75	
75	Spectrogram 1	1	229.742268672	230.622271849	366.271	498.536	0.8800	132.265	-46.92	
76	Spectrogram 1	1	232.826815889	233.734035659	340.836	498.536	0.9072	157.700	-46.91	
77	Spectrogram 1	1	239.929976772	241.109362473	371.358	513.797	1.1794	142.439	-46.33	
78	Spectrogram 1	1	242.742358058	243.404628490	366.271	488.362	0.6623	122.090	-48.24	
79	Spectrogram 1	1	249.171090237	250.314187147	340.836	498.536	1.1431	157.700	-46.70	
80	Spectrogram 1	1	253.446810988	254.199803397	401.881	620.626	0.7530	218.745	-46.77	
81	Spectrogram 1	1	259.742546275	260.686054836	371.358	488.362	0.9435	117.003	-44.93	
82	Spectrogram 1	1	263.062784755	263.579900024	361.184	529.058	0.5171	167.874	-47.50	
83	Spectrogram 1	1	263.797632769	264.632274957	640.974	808.849	0.8346	167.874	-48.00	
84	Spectrogram 1	1	269.410051445	270.498715169	366.271	493.449	1.0887	127.177	-44.35	
85	Spectrogram 1	1	279.180067310	280.413886196	366.271	498.536	1.2338	132.265	-43.63	
86	Spectrogram 1	1	282.282758922	283.180906494	335.749	432.403	0.8981	96.655	-49.51	
87	Spectrogram 1	1	288.883863111	289.600566729	335.749	462.926	0.7167	127.177	-48.11	
88	Spectrogram 1	1	292.304081643	293.265734599	300.139	488.362	0.9617	188.223	-46.32	
89	Spectrogram 1	1	296.431931595	296.912758073	351.010	493.449	0.4808	142.439	-47.11	
90	Spectrogram 1	1	299.721683379	300.819419300	320.487	473.100	1.0977	152.613	-43.44	
91	Spectrogram 1	1	303.241696085	303.922110913	289.965	452.752	0.6804	162.787	-46.68	
92	Spectrogram 1	1	307.181745792	307.698861061	259.442	396.794	0.5171	137.352	-46.22	
93	Spectrogram 1	1	310.535187626	311.215602453	320.487	447.665	0.6804	127.177	-45.85	
94	Spectrogram 1	1	311.787150908	313.020969795	432.403	605.365	1.2338	172.961	-43.97	
95	Spectrogram 1	1	314.263860880	314.980564498	284.878	391.707	0.7167	106.829	-48.57	
96	Spectrogram 1	1	315.479535371	316.586343490	437.491	600.278	1.1068	162.787	-39.31	
97	Spectrogram 1	1	318.215883341	318.769287401	244.181	396.794	0.5534	152.613	-47.89	
98	Spectrogram 1	1	320.620015731	321.527235501	503.623	727.455	0.9072	223.832	-40.54	
99	Spectrogram 1	1	335.110661446	336.190252972	513.797	752.891	1.0796	239.094	-39.86	
100	Spectrogram 1	1	336.199325170	336.861595602	269.616	412.055	0.6623	142.439	-47.12	
101	Spectrogram 1	1	338.893397972	340.553610150	508.710	763.065	1.6602	254.355	-38.98	
103	Spectrogram 1	1	342.881893874	343.063337828	157.700	305.226	0.1814	147.526	-43.92	
102	Spectrogram 1	1	344.587467041	345.503759008	600.278	895.329	0.9163	295.052	-38.58	
104	Spectrogram 1	1	347.200259978	347.354487339	162.787	310.313	0.1542	147.526	-42.64	
105	Spectrogram 1	1	348.409578178	348.926693447	213.658	371.358	0.5171	157.700	-49.56	
106	Spectrogram 1	1	355.207554810	356.477662488	585.016	971.636	1.2701	386.620	-40.86	
107	Spectrogram 1	1	358.657520577	360.980003188	640.974	941.113	2.3225	300.139	-39.71	
108	Spectrogram 1	1	364.282283150	365.461668851	590.104	895.329	1.1794	305.226	-38.41	
109	Spectrogram 1	1	369.389560096	369.797808993	228.919	376.445	0.4082	147.526	-45.14	
110	Spectrogram 1	1	373.349243718	374.673784582	646.062	910.591	1.3245	264.529	-39.64	
111	Spectrogram 1	1	374.655640187	375.063889083	193.310	345.923	0.4082	152.613	-48.48	
112	Spectrogram 1	1	376.772178157	378.686411871	666.410	951.288	1.9142	284.878	-38.49	
113	Spectrogram 1	1	378.895072418	379.239815930	178.048	351.010	0.3447	172.961	-47.14	
114	Spectrogram 1	1	382.321092063	383.391611391	585.016	956.375	1.0705	371.358	-38.12	
115	Spectrogram 1	1	387.497861213	387.688377365	122.090	345.923	0.1905	223.832	-39.31	
116	Spectrogram 1	1	393.431078508	393.730461032	218.745	473.100	0.2994	254.355	-40.52	
117	Spectrogram 1	1	396.349055082	397.292563642	1149.684	1566.827	0.9435	417.142	-46.10	
118	Spectrogram 1	1	399.560613067	400.331749871	1261.601	1470.172	0.7711	208.571	-46.05	
119	Spectrogram 1	1	403.808932231	404.416769477	208.571	351.010	0.6078	142.439	-47.62	
120	Spectrogram 1	1	407.510388892	407.909565591	244.181	335.749	0.3992	91.568	-47.92	
121	Spectrogram 1	1	407.501316694	408.526475034	1053.030	1470.172	1.0252	417.142	-46.43	
124	Spectrogram 1	1	410.307341689	410.915178935	1281.949	1429.475	0.6078	147.526	-40.89	
122	Spectrogram 1	1	412.003842659	412.421163753	234.007	381.532	0.4173	147.526	-44.13	
125	Spectrogram 1	1	412.294152985	412.793123858	1271.775	1393.865	0.4990	122.090	-41.79	
126	Spectrogram 1	1	414.798079549	415.070245480	1190.381	1337.907	0.2722	147.526	-43.59	
123	Spectrogram 1	1	415.623649540	416.031898436	228.919	381.532	0.4082	152.613	-43.28	
127	Spectrogram 1	1	419.112989919	420.256086828	1078.465	1393.865	1.1431	315.400	-42.44	
128	Spectrogram 1	1	421.217739784	422.061454170	1103.901	1251.426	0.8437	147.526	-44.00	
129	Spectrogram 1	1	424.150775547	425.085211910	1012.333	1241.252	0.9344	228.919	-40.60	
130	Spectrogram 1	1	427.117384194	427.616355067	936.026	1236.165	0.4990	300.139	-39.13	
131	Spectrogram 1	1	430.325486444	430.606724573	1108.988	1353.168	0.2812	244.181	-50.33	
132	Spectrogram 1	1	432.348586531	433.854571348	1047.942	1266.688	1.5060	218.745	-44.45	
133	Spectrogram 1	1	435.514783527	437.111490322	1093.726	1236.165	1.5967	142.439	-39.90	
135	Spectrogram 1	1	438.919573570	439.599988397	991.984	1302.297	0.6804	310.313	-49.37	
134	Spectrogram 1	1	441.886182217	442.403297486	345.923	483.274	0.5171	137.352	-43.74	
136	Spectrogram 1	1	445.073239515	445.363549841	610.452	936.026	0.2903	325.574	-41.05	
137	Spectrogram 1	1	447.374306646	448.998230034	590.104	819.023	1.6239	228.919	-48.48	
138	Spectrogram 1	1	449.950810792	452.890202846	554.494	819.023	2.9394	264.529	-46.86	
139	Spectrogram 1	1	454.616636315	455.569217073	585.016	768.152	0.9526	183.136	-37.11	
140	Spectrogram 1	1	457.685755043	458.039570753	559.581	895.329	0.3538	335.749	-37.64	
141	Spectrogram 1	1	460.026382049	462.058554333	544.320	1002.159	2.0322	457.839	-39.84	
142	Spectrogram 1	1	462.965774103	465.986815936	549.407	895.329	3.0210	345.923	-41.05	
143	Spectrogram 1	1	468.202962816	468.692861492	523.971	946.200	0.4899	422.229	-35.91	
144	Spectrogram 1	1	471.523387174	473.201743748	534.145	773.239	1.6784	239.094	-32.06	
145	Spectrogram 1	1	474.299109755	477.265718402	559.581	991.984	2.9666	432.403	-41.81	
146	Spectrogram 1	1	479.025724755	479.969233316	498.536	910.591	0.9435	412.055	-37.17	
147	Spectrogram 1	1	482.735883699	484.196507529	503.623	1058.117	1.4606	554.494	-35.02	
148	Spectrogram 1	1	485.557337183	488.487657040	539.233	930.939	2.9303	391.707	-32.02	
149	Spectrogram 1	1	489.506459088	491.665642140	478.187	859.720	2.1592	381.532	-35.62	
150	Spectrogram 1	1	494.302380585	495.055372994	452.752	834.284	0.7530	381.532	-37.82	
151	Spectrogram 1	1	496.833523743	497.459505384	1129.336	1337.907	0.6260	208.571	-47.90	
152	Spectrogram 1	1	497.679954035	499.775631703	452.752	707.107	2.0957	254.355	-34.94	
153	Spectrogram 1	1	500.973161799	503.295644410	412.055	788.500	2.3225	376.445	-38.63	
154	Spectrogram 1	1	505.817345456	506.425182701	381.532	585.016	0.6078	203.484	-40.14	
155	Spectrogram 1	1	508.820242893	511.405819237	396.794	737.629	2.5856	340.836	-37.62	
156	Spectrogram 1	1	512.412463267	514.925462030	381.532	783.413	2.5130	401.881	-36.37	
157	Spectrogram 1	1	517.238872443	518.073514631	396.794	585.016	0.8346	188.223	-39.16	
158	Spectrogram 1	1	520.643661872	523.319960192	345.923	549.407	2.6763	203.484	-36.65	
159	Spectrogram 1	1	524.559395542	525.022077625	406.968	488.362	0.4627	81.394	-38.42	
160	Spectrogram 1	1	525.475687510	526.818372769	300.139	513.797	1.3427	213.658	-38.32	
161	Spectrogram 1	1	528.859617251	529.839414602	391.707	737.629	0.9798	345.923	-44.41	
162	Spectrogram 1	1	532.884401944	534.553686320	259.442	462.926	1.6693	203.484	-32.14	
163	Spectrogram 1	1	536.661152092	538.185281306	279.790	447.665	1.5241	167.874	-34.48	
164	Spectrogram 1	1	540.643846882	541.451272477	284.878	437.491	0.8074	152.613	-34.62	
165	Spectrogram 1	1	544.369063787	545.902265198	274.703	412.055	1.5332	137.352	-29.28	
166	Spectrogram 1	1	548.115881436	549.658155045	244.181	396.794	1.5423	152.613	-33.98	
167	Spectrogram 1	1	552.669754152	553.377385573	259.442	442.578	0.7076	183.136	-35.81	
168	Spectrogram 1	1	555.935745323	557.641318490	249.268	396.794	1.7056	147.526	-32.44	
169	Spectrogram 1	1	559.204452401	560.828375789	249.268	391.707	1.6239	142.439	-33.89	
170	Spectrogram 1	1	563.697906167	564.496259565	208.571	401.881	0.7984	193.310	-32.53	
171	Spectrogram 1	1	566.637298221	568.116066446	213.658	406.968	1.4788	193.310	-34.05	
172	Spectrogram 1	1	570.023943869	571.520856489	188.223	366.271	1.4969	178.048	-29.19	
173	Spectrogram 1	1	574.517397635	575.415545207	183.136	417.142	0.8981	234.007	-34.52	
174	Spectrogram 1	1	575.733072127	576.177609814	162.787	315.400	0.4445	152.613	-44.38	
175	Spectrogram 1	1	577.719883422	579.044424286	183.136	366.271	1.3245	183.136	-29.25	
177	Spectrogram 1	1	579.400955289	579.745698802	157.700	315.400	0.3447	157.700	-42.63	
176	Spectrogram 1	1	581.269828015	582.440141518	203.484	366.271	1.1703	162.787	-31.21	
178	Spectrogram 1	1	582.730451844	582.957256787	193.310	412.055	0.2268	218.745	-39.99	
179	Spectrogram 1	1	584.399736220	584.753551931	183.136	340.836	0.3538	157.700	-40.55	
180	Spectrogram 1	1	585.778710270	586.531702679	198.397	371.358	0.7530	172.961	-33.14	
181	Spectrogram 1	1	588.772164983	589.942478486	172.961	340.836	1.1703	167.874	-30.46	
182	Spectrogram 1	1	591.956506375	592.945375924	193.310	371.358	0.9889	178.048	-31.81	
183	Spectrogram 1	1	596.135333778	596.888326187	208.571	396.794	0.7530	188.223	-33.99	
184	Spectrogram 1	1	597.287502886	597.650390794	198.397	345.923	0.3629	147.526	-47.96	
185	Spectrogram 1	1	598.512249575	599.718851869	172.961	340.836	1.2066	167.874	-27.71	
186	Spectrogram 1	1	601.324630861	602.576594144	193.310	371.358	1.2520	178.048	-31.54	
187	Spectrogram 1	1	605.155628932	606.035632109	198.397	376.445	0.8800	178.048	-33.27	
188	Spectrogram 1	1	608.203887358	609.337912071	142.439	310.313	1.1340	167.874	-39.15	
189	Spectrogram 1	1	610.145337666	610.526369969	218.745	356.097	0.3810	137.352	-43.65	
190	Spectrogram 1	1	611.070701831	611.968849403	172.961	371.358	0.8981	198.397	-31.98	
191	Spectrogram 1	1	613.749530794	614.175924086	223.832	396.794	0.4264	172.961	-46.42	
192	Spectrogram 1	1	614.792833529	615.346237589	178.048	386.620	0.5534	208.571	-33.17	
193	Spectrogram 1	1	616.915727790	617.233254710	132.265	249.268	0.3175	117.003	-40.25	
194	Spectrogram 1	1	617.460059652	617.750369978	117.003	249.268	0.2903	132.265	-39.56	
195	Spectrogram 1	1	618.539651178	619.011405458	228.919	396.794	0.4718	167.874	-43.29	
196	Spectrogram 1	1	620.027491601	620.907494777	167.874	371.358	0.8800	203.484	-33.76	
197	Spectrogram 1	1	622.183218304	622.709405771	228.919	381.532	0.5262	152.613	-42.14	
198	Spectrogram 1	1	623.852502680	624.569206299	198.397	401.881	0.7167	203.484	-32.28	
199	Spectrogram 1	1	626.217075195	626.634396289	244.181	406.968	0.4173	162.787	-41.93	
200	Spectrogram 1	1	627.051717383	627.786565397	81.394	234.007	0.7348	152.613	-35.69	
201	Spectrogram 1	1	629.709871308	630.662452067	188.223	386.620	0.9526	198.397	-30.11	
202	Spectrogram 1	1	633.377755085	634.656934960	208.571	406.968	1.2792	198.397	-36.38	
203	Spectrogram 1	1	636.235497359	637.233439106	96.655	228.919	0.9979	132.265	-35.77	
204	Spectrogram 1	1	637.804987561	638.140658876	239.094	406.968	0.3357	167.874	-43.00	
205	Spectrogram 1	1	638.657774145	639.501488530	157.700	391.707	0.8437	234.007	-32.36	
206	Spectrogram 1	1	642.419280454	643.163200665	188.223	386.620	0.7439	198.397	-32.09	
207	Spectrogram 1	1	645.186300752	646.184242499	96.655	279.790	0.9979	183.136	-37.55	
208	Spectrogram 1	1	647.874387177	648.690884969	193.310	386.620	0.8165	193.310	-30.94	
209	Spectrogram 1	1	651.738957518	652.555455311	188.223	391.707	0.8165	203.484	-34.07	
210	Spectrogram 1	1	653.344736511	653.571541453	234.007	391.707	0.2268	157.700	-43.39	
211	Spectrogram 1	1	654.025151338	655.422269783	91.568	234.007	1.3971	142.439	-34.37	
212	Spectrogram 1	1	656.982317873	657.916754236	198.397	401.881	0.9344	203.484	-31.29	
213	Spectrogram 1	1	659.440883449	659.803771357	223.832	366.271	0.3629	142.439	-45.15	
214	Spectrogram 1	1	660.239236846	660.937796069	213.658	376.445	0.6986	162.787	-30.51	
215	Spectrogram 1	1	662.824813190	663.732032960	91.568	325.574	0.9072	234.007	-34.56	
216	Spectrogram 1	1	665.385703583	666.120551597	172.961	406.968	0.7348	234.007	-29.37	
217	Spectrogram 1	1	666.773749831	666.991482576	208.571	396.794	0.2177	188.223	-41.33	
218	Spectrogram 1	1	668.996438267	669.658708699	193.310	401.881	0.6623	208.571	-30.50	
219	Spectrogram 1	1	671.890469332	672.543667567	76.306	228.919	0.6532	152.613	-32.04	
220	Spectrogram 1	1	674.221654226	674.784130484	157.700	371.358	0.5625	213.658	-29.78	
221	Spectrogram 1	1	677.043107710	677.542078584	183.136	381.532	0.4990	198.397	-28.13	
222	Spectrogram 1	1	679.162730887	679.870362307	71.219	269.616	0.7076	198.397	-33.16	
223	Spectrogram 1	1	681.439852509	681.993256569	208.571	366.271	0.5534	157.700	-30.29	
224	Spectrogram 1	1	683.877002605	684.512056444	162.787	396.794	0.6351	234.007	-38.69	
225	Spectrogram 1	1	685.954535878	686.870827845	35.610	259.442	0.9163	223.832	-34.94	
226	Spectrogram 1	1	688.452106151	688.996438013	167.874	386.620	0.5443	218.745	-31.99	
227	Spectrogram 1	1	691.708839861	692.235027327	228.919	401.881	0.5262	172.961	-33.98	
228	Spectrogram 1	1	694.004105878	694.893181252	61.045	269.616	0.8891	208.571	-33.83	
229	Spectrogram 1	1	696.598754419	697.106797491	203.484	417.142	0.5080	213.658	-31.89	
230	Spectrogram 1	1	697.868492183	698.086224928	676.584	859.720	0.2177	183.136	-41.28	
231	Spectrogram 1	1	699.837159083	700.372418747	198.397	417.142	0.5353	218.745	-30.35	
233	Spectrogram 1	1	701.379432692	701.651598623	564.668	768.152	0.2722	203.484	-41.51	
232	Spectrogram 1	1	701.987269938	702.921706300	55.958	249.268	0.9344	193.310	-29.77	
234	Spectrogram 1	1	704.681712654	705.099033748	651.149	874.981	0.4173	223.832	-38.48	
235	Spectrogram 1	1	704.500268700	705.126250341	183.136	401.881	0.6260	218.745	-28.24	
238	Spectrogram 1	1	706.807322821	707.070416554	142.439	295.052	0.2631	152.613	-43.36	
237	Spectrogram 1	1	708.159080278	708.766917524	147.526	406.968	0.6078	259.442	-29.70	
236	Spectrogram 1	1	708.122791487	709.030011257	605.365	768.152	0.9072	162.787	-40.44	
239	Spectrogram 1	1	710.578085979	711.204067620	81.394	244.181	0.6260	162.787	-29.22	
240	Spectrogram 1	1	712.437886507	712.682835845	661.323	808.849	0.2449	147.526	-37.82	
241	Spectrogram 1	1	713.000362764	713.780571766	178.048	432.403	0.7802	254.355	-28.86	
242	Spectrogram 1	1	715.005318455	715.322845375	569.755	788.500	0.3175	218.745	-37.45	
243	Spectrogram 1	1	716.698363690	717.424139506	213.658	371.358	0.7258	157.700	-29.77	
244	Spectrogram 1	1	717.859604995	718.204348508	605.365	813.936	0.3447	208.571	-39.90	
245	Spectrogram 1	1	719.166001464	720.046004640	76.306	234.007	0.8800	157.700	-29.91	
246	Spectrogram 1	1	720.182087606	720.635697491	559.581	788.500	0.4536	228.919	-38.67	
247	Spectrogram 1	1	721.815083191	722.568075600	188.223	412.055	0.7530	223.832	-29.62	
248	Spectrogram 1	1	723.913476766	724.212859290	574.842	819.023	0.2994	244.181	-38.80	
249	Spectrogram 1	1	725.764205096	726.381114539	223.832	401.881	0.6169	178.048	-29.08	
250	Spectrogram 1	1	727.097818157	728.431431219	549.407	793.587	1.3336	244.181	-43.57	
251	Spectrogram 1	1	728.213698474	729.238856814	55.958	234.007	1.0252	178.048	-32.62	
252	Spectrogram 1	1	729.882612936	730.436016996	554.494	707.107	0.5534	152.613	-40.49	
253	Spectrogram 1	1	730.871482485	731.642619290	203.484	442.578	0.7711	239.094	-28.34	
254	Spectrogram 1	1	734.627372332	735.371292543	172.961	386.620	0.7439	213.658	-26.34	
255	Spectrogram 1	1	737.285156343	738.147015124	61.045	259.442	0.8619	198.397	-35.07	
256	Spectrogram 1	1	738.763924568	739.135884674	518.884	778.326	0.3720	259.442	-41.00	
257	Spectrogram 1	1	739.807227303	740.796096852	193.310	396.794	0.9889	203.484	-30.42	
258	Spectrogram 1	1	742.558819112	742.948923613	417.142	615.539	0.3901	198.397	-44.11	
259	Spectrogram 1	1	743.810782394	744.509341617	193.310	376.445	0.6986	183.136	-32.51	
260	Spectrogram 1	1	745.634294131	746.078831818	412.055	625.713	0.4445	213.658	-41.85	
261	Spectrogram 1	1	746.360069947	747.303578508	71.219	254.355	0.9435	183.136	-32.84	
262	Spectrogram 1	1	749.024024986	749.749800801	178.048	396.794	0.7258	218.745	-27.39	
263	Spectrogram 1	1	749.468562673	750.711453757	498.536	808.849	1.2429	310.313	-45.57	
265	Spectrogram 1	1	752.317232750	753.260741310	447.665	646.062	0.9435	198.397	-44.88	
264	Spectrogram 1	1	752.925069996	753.541979439	213.658	340.836	0.6169	127.177	-28.57	
266	Spectrogram 1	1	753.831919851	754.131302375	406.968	544.320	0.2994	137.352	-41.51	
267	Spectrogram 1	1	754.303674131	754.639345446	269.616	508.710	0.3357	239.094	-40.09	
268	Spectrogram 1	1	755.600998402	756.589867951	71.219	295.052	0.9889	223.832	-34.58	
269	Spectrogram 1	1	756.753167510	757.079766627	478.187	773.239	0.3266	295.052	-43.34	
270	Spectrogram 1	1	758.377090897	759.193588690	188.223	356.097	0.8165	167.874	-27.79	
271	Spectrogram 1	1	759.647198575	761.017100427	391.707	605.365	1.3699	213.658	-43.57	
272	Spectrogram 1	1	762.193030393	762.882517418	178.048	417.142	0.6895	239.094	-31.11	
273	Spectrogram 1	1	763.472210269	764.207058282	376.445	539.233	0.7348	162.787	-41.43	
274	Spectrogram 1	1	764.733245749	765.776548484	45.784	254.355	1.0433	208.571	-32.25	
275	Spectrogram 1	1	767.445832860	768.343980432	193.310	406.968	0.8981	213.658	-30.01	
277	Spectrogram 1	1	770.524023786	771.231655206	412.055	529.058	0.7076	117.003	-35.80	
276	Spectrogram 1	1	770.823406310	771.431243556	208.571	386.620	0.6078	178.048	-28.68	
278	Spectrogram 1	1	772.057225197	772.311246732	406.968	529.058	0.2540	122.090	-42.75	
279	Spectrogram 1	1	773.291044084	774.397852203	96.655	249.268	1.1068	152.613	-29.93	
280	Spectrogram 1	1	774.279913633	774.887750878	396.794	529.058	0.6078	132.265	-38.82	
281	Spectrogram 1	1	776.109041833	776.852962044	172.961	401.881	0.7439	228.919	-25.89	
282	Spectrogram 1	1	778.159358512	778.603896200	376.445	666.410	0.4445	289.965	-44.85	
283	Spectrogram 1	1	779.592765749	780.291324971	203.484	401.881	0.6986	198.397	-34.24	
284	Spectrogram 1	1	781.204345854	782.020843647	351.010	508.710	0.8165	157.700	-39.28	
285	Spectrogram 1	1	782.438164741	783.417962092	45.784	244.181	0.9798	198.397	-32.39	
286	Spectrogram 1	1	784.424976037	785.259618225	366.271	508.710	0.8346	142.439	-40.16	
287	Spectrogram 1	1	785.295907016	786.067043820	167.874	396.794	0.7711	228.919	-29.29	
288	Spectrogram 1	1	788.882141013	789.689566608	162.787	391.707	0.8074	228.919	-33.39	
290	Spectrogram 1	1	791.576583729	792.374937126	386.620	488.362	0.7984	101.742	-39.90	
289	Spectrogram 1	1	791.567511531	792.910196790	76.306	239.094	1.3427	162.787	-33.39	
292	Spectrogram 1	1	793.048995662	793.584255326	351.010	574.842	0.5353	223.832	-44.19	
291	Spectrogram 1	1	794.273742351	795.099312342	188.223	366.271	0.8256	178.048	-28.00	
294	Spectrogram 1	1	796.532719578	796.823029904	351.010	600.278	0.2903	249.268	-39.39	
293	Spectrogram 1	1	797.548805720	798.319942524	208.571	401.881	0.7711	193.310	-29.73	
296	Spectrogram 1	1	799.777110619	800.058348747	361.184	544.320	0.2812	183.136	-41.46	
295	Spectrogram 1	1	799.840616003	801.274023239	55.958	228.919	1.4334	172.961	-34.84	
297	Spectrogram 1	1	802.689286080	803.759805408	183.136	447.665	1.0705	264.529	-33.25	
298	Spectrogram 1	1	809.638219602	810.654305744	81.394	234.007	1.0161	152.613	-34.05	
300	Spectrogram 1	1	810.618016953	810.890182884	376.445	752.891	0.2722	376.445	-43.55	
299	Spectrogram 1	1	812.296373527	813.203593297	208.571	396.794	0.9072	188.223	-31.60	
301	Spectrogram 1	1	813.294315274	813.775141752	345.923	518.884	0.4808	172.961	-41.96	
302	Spectrogram 1	1	814.119515350	814.736424793	244.181	366.271	0.6169	122.090	-43.68	
303	Spectrogram 1	1	814.981374131	815.108384899	376.445	539.233	0.1270	162.787	-43.63	
304	Spectrogram 1	1	815.525705993	815.915810494	228.919	376.445	0.3901	147.526	-42.38	
305	Spectrogram 1	1	816.360348181	817.058907404	213.658	432.403	0.6986	218.745	-36.41	
306	Spectrogram 1	1	817.439939707	817.712105638	157.700	356.097	0.2722	198.397	-43.22	
308	Spectrogram 1	1	818.755408373	818.873346943	381.532	523.971	0.1179	142.439	-38.09	
307	Spectrogram 1	1	818.809841560	819.653555945	66.132	234.007	0.8437	167.874	-33.34	
309	Spectrogram 1	1	821.395417903	822.329854266	183.136	432.403	0.9344	249.268	-35.03	
310	Spectrogram 1	1	824.752131051	825.858939171	183.136	422.229	1.1068	239.094	-33.92	
314	Spectrogram 1	1	827.555069680	827.936101983	702.020	920.765	0.3810	218.745	-47.01	
311	Spectrogram 1	1	827.292346407	828.381010130	96.655	228.919	1.0887	132.265	-33.96	
312	Spectrogram 1	1	828.580598480	829.079569353	239.094	366.271	0.4990	127.177	-39.44	
313	Spectrogram 1	1	830.068068442	830.866421840	167.874	422.229	0.7984	254.355	-32.82	
315	Spectrogram 1	1	833.978185650	834.776539047	193.310	376.445	0.7984	183.136	-33.61	
316	Spectrogram 1	1	836.076579224	836.756994052	208.571	366.271	0.6804	157.700	-38.87	
317	Spectrogram 1	1	836.811427238	837.691430415	40.697	239.094	0.8800	198.397	-35.82	
318	Spectrogram 1	1	838.290195463	839.015971278	234.007	376.445	0.7258	142.439	-44.37	
319	Spectrogram 1	1	839.533086547	840.249790165	172.961	422.229	0.7167	249.268	-31.79	
320	Spectrogram 1	1	843.391486475	844.080973500	203.484	401.881	0.6895	198.397	-35.46	
321	Spectrogram 1	1	845.904485237	846.857065995	66.132	223.832	0.9526	157.700	-35.56	
322	Spectrogram 1	1	846.603044460	847.147376322	228.919	356.097	0.5443	127.177	-36.74	
323	Spectrogram 1	1	848.643919027	849.251756273	193.310	391.707	0.6078	198.397	-31.17	
324	Spectrogram 1	1	849.859593519	850.349492195	208.571	371.358	0.4899	162.787	-36.66	
325	Spectrogram 1	1	851.801043826	852.499603049	213.658	396.794	0.6986	183.136	-33.35	
326	Spectrogram 1	1	854.613055198	855.529347166	76.306	208.571	0.9163	132.265	-34.98	
327	Spectrogram 1	1	857.044404181	857.915335160	198.397	412.055	0.8709	213.658	-29.04	
328	Spectrogram 1	1	860.065446014	860.528128097	157.700	356.097	0.4627	198.397	-37.46	
329	Spectrogram 1	1	861.072459959	861.725658193	213.658	422.229	0.6532	208.571	-31.47	
330	Spectrogram 1	1	863.678896551	864.495394344	71.219	234.007	0.8165	162.787	-33.17	
331	Spectrogram 1	1	866.445916849	867.198909258	228.919	406.968	0.7530	178.048	-28.85	
332	Spectrogram 1	1	870.207607809	870.915239229	183.136	412.055	0.7076	228.919	-31.36	
333	Spectrogram 1	1	873.029061293	873.899992272	96.655	239.094	0.8709	142.439	-33.16	
334	Spectrogram 1	1	874.299168971	874.725562262	223.832	381.532	0.4264	157.700	-37.98	
335	Spectrogram 1	1	875.759792800	876.549074000	188.223	386.620	0.7893	198.397	-31.27	
336	Spectrogram 1	1	879.590790285	880.325638298	223.832	381.532	0.7348	157.700	-30.10	
337	Spectrogram 1	1	881.940489489	882.883998049	76.306	239.094	0.9435	162.787	-36.62	
338	Spectrogram 1	1	884.027094959	884.362766274	208.571	356.097	0.3357	147.526	-40.32	
339	Spectrogram 1	1	884.716581984	885.533079777	223.832	351.010	0.8165	127.177	-29.78	
340	Spectrogram 1	1	888.526535103	889.188805535	193.310	381.532	0.6623	188.223	-30.23	
341	Spectrogram 1	1	889.506332454	889.778498385	203.484	371.358	0.2722	167.874	-36.74	
342	Spectrogram 1	1	891.729020890	892.772323625	61.045	234.007	1.0433	172.961	-38.53	
343	Spectrogram 1	1	893.425151945	893.933195016	239.094	371.358	0.5080	132.265	-45.03	
344	Spectrogram 1	1	894.795053797	895.584334997	172.961	386.620	0.7893	213.658	-30.81	
345	Spectrogram 1	1	898.414860679	899.204141878	218.745	412.055	0.7893	193.310	-30.66	
348	Spectrogram 1	1	901.272602954	901.798790420	752.891	971.636	0.5262	218.745	-45.57	
346	Spectrogram 1	1	901.091159000	901.980234374	81.394	198.397	0.8891	117.003	-36.60	
347	Spectrogram 1	1	902.315905689	902.642504806	213.658	376.445	0.3266	162.787	-38.83	
349	Spectrogram 1	1	903.945444962	904.898025720	167.874	432.403	0.9526	264.529	-33.04	
350	Spectrogram 1	1	907.819273379	908.699276556	183.136	386.620	0.8800	203.484	-31.95	
351	Spectrogram 1	1	911.067120155	911.928978936	86.481	223.832	0.8619	137.352	-36.09	
352	Spectrogram 1	1	913.703673950	914.492955150	172.961	422.229	0.7893	249.268	-30.57	
353	Spectrogram 1	1	916.262033701	916.888015342	203.484	381.532	0.6260	178.048	-40.54	
354	Spectrogram 1	1	917.323480831	918.067401042	213.658	401.881	0.7439	188.223	-33.43	
355	Spectrogram 1	1	919.905786090	920.767644872	71.219	213.658	0.8619	142.439	-35.75	
356	Spectrogram 1	1	922.264557492	922.763528365	249.268	401.881	0.4990	152.613	-30.57	
357	Spectrogram 1	1	925.046451100	925.763154719	147.526	376.445	0.7167	228.919	-32.73	
358	Spectrogram 1	1	927.414294700	928.258009085	81.394	234.007	0.8437	152.613	-37.61	
359	Spectrogram 1	1	929.213305750	930.102381124	218.745	381.532	0.8891	162.787	-34.40	
360	Spectrogram 1	1	932.824040434	933.504455261	193.310	386.620	0.6804	193.310	-30.58	
361	Spectrogram 1	1	934.375386240	934.901573706	167.874	356.097	0.5262	188.223	-40.91	
362	Spectrogram 1	1	935.137450846	936.035598418	61.045	213.658	0.8981	152.613	-37.17	
363	Spectrogram 1	1	937.514366643	938.176637075	208.571	376.445	0.6623	167.874	-31.31	
364	Spectrogram 1	1	938.393999308	938.765959414	183.136	330.661	0.3720	147.526	-39.85	
365	Spectrogram 1	1	940.244727639	940.516893569	101.742	289.965	0.2722	188.223	-38.78	
366	Spectrogram 1	1	941.251741583	941.986589596	178.048	391.707	0.7348	213.658	-32.82	
367	Spectrogram 1	1	944.073195067	944.907837255	76.306	218.745	0.8346	142.439	-37.56	
368	Spectrogram 1	1	946.461898968	947.223963574	193.310	381.532	0.7621	188.223	-29.62	
369	Spectrogram 1	1	950.725831885	951.297380340	188.223	371.358	0.5715	183.136	-30.86	
370	Spectrogram 1	1	951.859856598	952.404188460	167.874	366.271	0.5443	198.397	-43.85	
371	Spectrogram 1	1	953.592646358	954.372855360	71.219	213.658	0.7802	142.439	-34.80	
372	Spectrogram 1	1	955.624818642	956.014923143	234.007	371.358	0.3901	137.352	-41.14	
373	Spectrogram 1	1	956.196367097	956.849565331	218.745	386.620	0.6532	167.874	-29.73	
374	Spectrogram 1	1	959.586097890	960.366306892	172.961	386.620	0.7802	213.658	-31.09	
375	Spectrogram 1	1	961.826930721	962.806728073	71.219	223.832	0.9798	152.613	-37.42	
376	Spectrogram 1	1	964.037275875	964.708618505	188.223	381.532	0.6713	193.310	-28.90	
377	Spectrogram 1	1	968.161854743	968.424948476	203.484	437.491	0.2631	234.007	-36.34	
378	Spectrogram 1	1	969.041857919	969.495467804	249.268	361.184	0.4536	111.916	-42.48	
379	Spectrogram 1	1	970.039799666	970.829080866	96.655	244.181	0.7893	147.526	-32.87	
380	Spectrogram 1	1	972.951605213	973.486864877	86.481	447.665	0.5353	361.184	-38.68	
381	Spectrogram 1	1	974.049341134	974.421301240	142.439	345.923	0.3720	203.484	-41.15	
382	Spectrogram 1	1	976.671206269	977.188321538	96.655	417.142	0.5171	320.487	-37.73	
383	Spectrogram 1	1	979.087126763	979.912696753	45.784	234.007	0.8256	188.223	-36.49	
384	Spectrogram 1	1	981.418681571	981.718064095	188.223	488.362	0.2994	300.139	-42.84	
385	Spectrogram 1	1	982.135385189	982.543634085	101.742	544.320	0.4082	442.578	-37.52	
386	Spectrogram 1	1	984.578522276	984.959554579	340.836	457.839	0.3810	117.003	-45.15	
387	Spectrogram 1	1	985.649041604	985.984712919	157.700	579.929	0.3357	422.229	-38.59	
389	Spectrogram 1	1	988.270721475	988.796908941	300.139	447.665	0.5262	147.526	-45.53	
388	Spectrogram 1	1	988.406804440	989.078147070	61.045	239.094	0.6713	178.048	-36.10	
390	Spectrogram 1	1	991.064958366	991.409701878	66.132	437.491	0.3447	371.358	-38.76	
391	Spectrogram 1	1	992.090116706	992.416715823	198.397	325.574	0.3266	127.177	-39.31	
392	Spectrogram 1	1	992.852181312	993.196924825	203.484	330.661	0.3447	127.177	-41.95	
393	Spectrogram 1	1	993.714040093	993.995278222	183.136	417.142	0.2812	234.007	-42.96	
394	Spectrogram 1	1	994.584971072	995.065797550	101.742	417.142	0.4808	315.400	-38.03	
395	Spectrogram 1	1	996.934670276	997.479002138	61.045	223.832	0.5443	162.787	-34.78	
396	Spectrogram 1	1	999.329730468	999.701690574	127.177	640.974	0.3720	513.797	-39.24	
397	Spectrogram 1	1	999.858448155	1000.194119470	335.749	437.491	0.3357	101.742	-46.12	
398	Spectrogram 1	1	1000.357419028	1000.629584959	188.223	340.836	0.2722	152.613	-37.41	
399	Spectrogram 1	1	1001.600310113	1001.763609672	178.048	345.923	0.1633	167.874	-41.42	
400	Spectrogram 1	1	1002.543818674	1002.861345593	157.700	661.323	0.3175	503.623	-39.80	
401	Spectrogram 1	1	1004.545688544	1004.917648650	213.658	381.532	0.3720	167.874	-42.59	
402	Spectrogram 1	1	1005.307753151	1005.534558093	183.136	513.797	0.2268	330.661	-44.49	
403	Spectrogram 1	1	1007.212914667	1007.575802575	111.916	559.581	0.3629	447.665	-39.95	
404	Spectrogram 1	1	1009.247802858	1009.556257579	162.787	447.665	0.3085	284.878	-44.24	
405	Spectrogram 1	1	1010.935231629	1011.207397560	137.352	610.452	0.2722	473.100	-40.86	
406	Spectrogram 1	1	1011.806162608	1012.413999854	228.919	406.968	0.6078	178.048	-42.35	
407	Spectrogram 1	1	1012.940187321	1013.203281054	198.397	478.187	0.2631	279.790	-43.84	
408	Spectrogram 1	1	1015.625557839	1016.006590142	244.181	376.445	0.3810	132.265	-40.52	
409	Spectrogram 1	1	1016.051951131	1016.305972666	218.745	534.145	0.2540	315.400	-36.92	
410	Spectrogram 1	1	1019.843759798	1020.206647706	213.658	396.794	0.3629	183.136	-42.54	
411	Spectrogram 1	1	1022.801296247	1023.463566679	193.310	340.836	0.6623	147.526	-40.73	
412	Spectrogram 1	1	1024.458237286	1024.775764205	330.661	676.584	0.3175	345.923	-38.68	
413	Spectrogram 1	1	1025.846283533	1026.145666057	157.700	351.010	0.2994	193.310	-43.03	
414	Spectrogram 1	1	1026.363398802	1026.844225280	218.745	406.968	0.4808	188.223	-38.58	
415	Spectrogram 1	1	1028.513324393	1028.785490323	137.352	585.016	0.2722	447.665	-39.27	
416	Spectrogram 1	1	1030.264258548	1030.808590410	106.829	371.358	0.5443	264.529	-42.74	
417	Spectrogram 1	1	1031.600771997	1032.244898033	249.268	396.794	0.6441	147.526	-48.77	
418	Spectrogram 1	1	1033.115829012	1033.378922745	106.829	503.623	0.2631	396.794	-37.97	
419	Spectrogram 1	1	1033.642016479	1034.395008887	203.484	315.400	0.7530	111.916	-39.61	
420	Spectrogram 1	1	1036.409036776	1036.681202707	172.961	625.713	0.2722	452.752	-38.12	
421	Spectrogram 1	1	1037.198317976	1037.806155222	178.048	361.184	0.6078	183.136	-39.78	
422	Spectrogram 1	1	1041.356100428	1041.836926906	228.919	396.794	0.4808	167.874	-41.48	
423	Spectrogram 1	1	1042.789507664	1042.970951618	208.571	340.836	0.1814	132.265	-37.42	
424	Spectrogram 1	1	1043.723944027	1044.259203691	183.136	371.358	0.5353	188.223	-44.25	
425	Spectrogram 1	1	1047.262101129	1047.851793979	157.700	351.010	0.5897	193.310	-43.12	
427	Spectrogram 1	1	1049.417828129	1049.671849665	142.439	340.836	0.2540	198.397	-38.15	
426	Spectrogram 1	1	1051.232267669	1051.604227774	218.745	340.836	0.3720	122.090	-40.90	
428	Spectrogram 1	1	1052.838046661	1053.191862371	157.700	473.100	0.3538	315.400	-40.64	
429	Spectrogram 1	1	1053.953926978	1054.135370932	183.136	422.229	0.1814	239.094	-41.16	
430	Spectrogram 1	1	1055.015374108	1055.550633773	289.965	422.229	0.5353	132.265	-44.55	
431	Spectrogram 1	1	1058.090663480	1058.498912376	193.310	371.358	0.4082	178.048	-39.26	
432	Spectrogram 1	1	1059.097677424	1059.306337971	137.352	269.616	0.2087	132.265	-43.71	
433	Spectrogram 1	1	1059.560359507	1059.859742031	147.526	264.529	0.2994	117.003	-45.63	
434	Spectrogram 1	1	1061.438304430	1061.683253768	127.177	427.316	0.2449	300.139	-34.51	
435	Spectrogram 1	1	1064.398556786	1065.314848753	157.700	325.574	0.9163	167.874	-45.41	
436	Spectrogram 1	1	1065.868252813	1066.149490942	254.355	386.620	0.2812	132.265	-36.17	
437	Spectrogram 1	1	1067.347021038	1067.737125539	188.223	361.184	0.3901	172.961	-39.26	
438	Spectrogram 1	1	1069.046237913	1069.254898460	162.787	351.010	0.2087	188.223	-42.13	
439	Spectrogram 1	1	1071.105626791	1071.568308873	234.007	371.358	0.4627	137.352	-45.84	
440	Spectrogram 1	1	1076.240305423	1076.730204099	183.136	361.184	0.4899	178.048	-40.93	
441	Spectrogram 1	1	1080.510039455	1080.954577142	203.484	376.445	0.4445	172.961	-41.14	
442	Spectrogram 1	1	1083.524724996	1083.887612904	269.616	513.797	0.3629	244.181	-38.03	
443	Spectrogram 1	1	1084.395655975	1085.103287396	223.832	376.445	0.7076	152.613	-42.04	
444	Spectrogram 1	1	1089.690548346	1090.008075266	223.832	457.839	0.3175	234.007	-45.65	
445	Spectrogram 1	1	1091.749937223	1092.103752934	127.177	473.100	0.3538	345.923	-38.74	
446	Spectrogram 1	1	1107.870677188	1108.052121142	198.397	483.274	0.1814	284.878	-44.40	
447	Spectrogram 1	1	1108.424081247	1108.650886190	183.136	457.839	0.2268	274.703	-41.99	
448	Spectrogram 1	1	1112.457753488	1112.729919419	213.658	483.274	0.2722	269.616	-43.97	
449	Spectrogram 1	1	1113.020229745	1113.228890292	137.352	468.013	0.2087	330.661	-41.11	
450	Spectrogram 1	1	1115.360856751	1116.068488171	132.265	539.233	0.7076	406.968	-41.59	
451	Spectrogram 1	1	1116.449150560	1116.675955503	167.874	488.362	0.2268	320.487	-46.75	
452	Spectrogram 1	1	1116.721316491	1116.875543852	157.700	503.623	0.1542	345.923	-41.60	
453	Spectrogram 1	1	1119.052871300	1119.334109428	208.571	523.971	0.2812	315.400	-35.50	
454	Spectrogram 1	1	1121.221126549	1121.366281712	172.961	457.839	0.1452	284.878	-42.51	
455	Spectrogram 1	1	1123.598042346	1123.970002452	137.352	554.494	0.3720	417.142	-37.10	
456	Spectrogram 1	1	1124.160518603	1124.514334313	198.397	447.665	0.3538	249.268	-44.52	
457	Spectrogram 1	1	1127.435581972	1127.789397682	300.139	671.497	0.3538	371.358	-42.15	
458	Spectrogram 1	1	1128.506101300	1128.705689650	167.874	539.233	0.1996	371.358	-42.79	
459	Spectrogram 1	1	1129.894147548	1130.193530072	203.484	391.707	0.2994	188.223	-45.80	
460	Spectrogram 1	1	1132.161826484	1132.515642195	183.136	534.145	0.3538	351.010	-40.30	
461	Spectrogram 1	1	1136.017510506	1136.307820832	289.965	569.755	0.2903	279.790	-38.94	
462	Spectrogram 1	1	1136.471120391	1136.561842368	172.961	325.574	0.0907	152.613	-38.64	
463	Spectrogram 1	1	1136.797719508	1136.970091264	223.832	534.145	0.1724	310.313	-44.67	
464	Spectrogram 1	1	1137.106174229	1137.260401590	279.790	625.713	0.1542	345.923	-40.30	
465	Spectrogram 1	1	1139.697551686	1139.878995640	198.397	457.839	0.1814	259.442	-41.30	
466	Spectrogram 1	1	1140.405183107	1140.695493433	142.439	564.668	0.2903	422.229	-39.48	
467	Spectrogram 1	1	1141.357763865	1141.566424412	167.874	310.313	0.2087	142.439	-40.94	
468	Spectrogram 1	1	1142.128900669	1142.364777810	172.961	320.487	0.2359	147.526	-41.46	
469	Spectrogram 1	1	1143.589524499	1144.106639767	81.394	457.839	0.5171	376.445	-39.77	
470	Spectrogram 1	1	1147.780509817	1148.052675748	178.048	549.407	0.2722	371.358	-35.55	
471	Spectrogram 1	1	1151.119078570	1151.590832850	111.916	488.362	0.4718	376.445	-37.12	
472	Spectrogram 1	1	1151.971865153	1152.316608666	183.136	544.320	0.3447	361.184	-44.48	
473	Spectrogram 1	1	1155.564085522	1155.772746069	183.136	513.797	0.2087	330.661	-41.55	
474	Spectrogram 1	1	1156.398727711	1156.661821444	152.613	595.191	0.2631	442.578	-37.98	
475	Spectrogram 1	1	1159.945587096	1160.181464236	183.136	564.668	0.2359	381.532	-38.76	
476	Spectrogram 1	1	1160.226825225	1160.535279946	137.352	539.233	0.3085	401.881	-44.70	
477	Spectrogram 1	1	1162.023120369	1162.340647288	71.219	203.484	0.3175	132.265	-40.11	
478	Spectrogram 1	1	1164.581480119	1164.971584620	254.355	539.233	0.3901	284.878	-39.38	
479	Spectrogram 1	1	1165.661071645	1165.996742960	198.397	361.184	0.3357	162.787	-42.69	
480	Spectrogram 1	1	1166.395919659	1166.722518776	142.439	371.358	0.3266	228.919	-38.11	
481	Spectrogram 1	1	1167.992626454	1168.464380734	71.219	579.929	0.4718	508.710	-39.62	
482	Spectrogram 1	1	1172.195769630	1172.422574573	132.265	523.971	0.2268	391.707	-33.76	
483	Spectrogram 1	1	1172.676596108	1172.930617644	203.484	315.400	0.2540	111.916	-43.11	
484	Spectrogram 1	1	1173.148350388	1173.375155331	162.787	300.139	0.2268	137.352	-39.94	
485	Spectrogram 1	1	1173.737857756	1173.883012919	264.529	493.449	0.1452	228.919	-40.85	
486	Spectrogram 1	1	1175.153120596	1175.697452458	81.394	534.145	0.5443	452.752	-40.52	
487	Spectrogram 1	1	1179.643488542	1179.924726671	203.484	457.839	0.2812	254.355	-41.70	
488	Spectrogram 1	1	1180.115242823	1180.414625347	152.613	564.668	0.2994	412.055	-38.33	
489	Spectrogram 1	1	1183.598966739	1183.925565856	142.439	635.887	0.3266	493.449	-37.08	
490	Spectrogram 1	1	1184.061648821	1184.279381566	172.961	488.362	0.2177	315.400	-43.63	
491	Spectrogram 1	1	1188.409947357	1188.718402079	111.916	554.494	0.3085	442.578	-37.37	
492	Spectrogram 1	1	1190.251233355	1190.514327089	137.352	254.355	0.2631	117.003	-43.64	
493	Spectrogram 1	1	1191.702784987	1192.047528499	178.048	549.407	0.3447	371.358	-36.64	
494	Spectrogram 1	1	1195.658263183	1195.984862300	132.265	518.884	0.3266	386.620	-35.12	
495	Spectrogram 1	1	1198.978687540	1199.332503251	178.048	478.187	0.3538	300.139	-34.92	
496	Spectrogram 1	1	1203.574836038	1203.983084935	142.439	518.884	0.4082	376.445	-39.79	
497	Spectrogram 1	1	1207.530314234	1207.929490933	122.090	483.274	0.3992	361.184	-39.99	
498	Spectrogram 1	1	1208.410317411	1208.646194551	183.136	498.536	0.2359	315.400	-41.81	
499	Spectrogram 1	1	1213.196981794	1213.487292121	203.484	534.145	0.2903	330.661	-37.40	
500	Spectrogram 1	1	1214.956988148	1215.283587265	147.526	274.703	0.3266	127.177	-44.56	
501	Spectrogram 1	1	1216.998232629	1217.324831747	157.700	579.929	0.3266	422.229	-38.99	
502	Spectrogram 1	1	1220.502631583	1220.675003339	167.874	478.187	0.1724	310.313	-41.72	
503	Spectrogram 1	1	1221.137685422	1221.382634760	172.961	508.710	0.2449	335.749	-35.83	
504	Spectrogram 1	1	1224.639553733	1224.911719664	152.613	513.797	0.2722	361.184	-36.46	
505	Spectrogram 1	1	1225.020586036	1225.982238992	513.797	676.584	0.9617	162.787	-43.75	
506	Spectrogram 1	1	1228.594662015	1229.166210470	96.655	442.578	0.5715	345.923	-37.10	
507	Spectrogram 1	1	1232.377768455	1232.822306142	91.568	473.100	0.4445	381.532	-37.19	
509	Spectrogram 1	1	1236.375151905	1236.620101242	172.961	473.100	0.2449	300.139	-44.69	
510	Spectrogram 1	1	1235.758242461	1236.774328603	513.797	625.713	1.0161	111.916	-46.56	
508	Spectrogram 1	1	1237.491032221	1237.881136722	122.090	579.929	0.3901	457.839	-39.49	
511	Spectrogram 1	1	1242.553133273	1243.033959751	457.839	585.016	0.4808	127.177	-45.09	
512	Spectrogram 1	1	1243.841385346	1244.313139626	483.274	646.062	0.4718	162.787	-45.00	
513	Spectrogram 1	1	1246.417519540	1246.689685471	111.916	391.707	0.2722	279.790	-36.04	
514	Spectrogram 1	1	1248.195670289	1248.948662697	96.655	274.703	0.7530	178.048	-38.64	
515	Spectrogram 1	1	1249.828665874	1250.064543014	127.177	376.445	0.2359	249.268	-34.47	
516	Spectrogram 1	1	1251.624775754	1252.668078489	523.971	646.062	1.0433	122.090	-45.67	
517	Spectrogram 1	1	1254.772828355	1255.081283077	152.613	432.403	0.3085	279.790	-37.14	
518	Spectrogram 1	1	1254.709322971	1255.797986695	457.839	620.626	1.0887	162.787	-48.12	
519	Spectrogram 1	1	1255.825203288	1256.033863835	167.874	295.052	0.2087	127.177	-42.30	
520	Spectrogram 1	1	1256.133658010	1256.351390755	172.961	427.316	0.2177	254.355	-41.61	
521	Spectrogram 1	1	1256.532834709	1256.786856244	203.484	325.574	0.2540	122.090	-39.72	
523	Spectrogram 1	1	1258.334930677	1258.616168806	117.003	361.184	0.2812	244.181	-36.69	
524	Spectrogram 1	1	1261.510199871	1261.664427232	147.526	345.923	0.1542	198.397	-38.09	
522	Spectrogram 1	1	1261.954737559	1262.907318317	427.316	640.974	0.9526	213.658	-47.11	
525	Spectrogram 1	1	1263.360928202	1263.633094133	106.829	376.445	0.2722	269.616	-35.30	
526	Spectrogram 1	1	1264.086704017	1264.259075774	76.306	305.226	0.1724	228.919	-37.05	
527	Spectrogram 1	1	1266.699496954	1266.971662885	132.265	391.707	0.2722	259.442	-36.98	
528	Spectrogram 1	1	1268.214553970	1268.523008692	198.397	427.316	0.3085	228.919	-46.43	
529	Spectrogram 1	1	1272.868591389	1273.249623692	142.439	335.749	0.3810	193.310	-44.15	
530	Spectrogram 1	1	1287.419656478	1288.109143503	468.013	630.800	0.6895	162.787	-39.94	
531	Spectrogram 1	1	1294.286940221	1294.876633071	468.013	595.191	0.5897	127.177	-40.98	
532	Spectrogram 1	1	1297.008599530	1297.616436776	595.191	778.326	0.6078	183.136	-37.62	
533	Spectrogram 1	1	1300.872985603	1301.417317465	427.316	554.494	0.5443	127.177	-45.47	
534	Spectrogram 1	1	1304.710525229	1305.390940056	457.839	600.278	0.6804	142.439	-45.38	
535	Spectrogram 1	1	1306.291803484	1307.326034021	503.623	763.065	1.0342	259.442	-44.01	
