Selection	View	Channel	Begin Time (s)	End Time (s)	Low Freq (Hz)	High Freq (Hz)	Delta Time (s)	Delta Freq (Hz)	Avg Power Density (dB FS/Hz)	Annotation
1	Spectrogram 1	1	0.358366595	1.018505085	558.948	845.776	0.6601	286.828	-63.42	
2	Spectrogram 1	1	1.875113363	2.833885931	360.374	1029.641	0.9588	669.267	-61.99	
3	Spectrogram 1	1	4.011526346	5.206062660	588.366	1184.087	1.1945	595.721	-54.11	
4	Spectrogram 1	1	5.166768702	6.510622056	485.402	992.868	1.3439	507.466	-57.92	
5	Spectrogram 1	1	6.542057222	8.184544654	581.012	1117.896	1.6425	536.884	-55.10	
6	Spectrogram 1	1	10.893201865	11.303807554	595.721	1154.669	0.4106	558.948	-52.28	
7	Spectrogram 1	1	14.445524597	16.072294446	581.012	1147.314	1.6268	566.302	-55.32	
8	Spectrogram 1	1	17.353277468	19.341551728	581.012	1059.059	1.9883	478.047	-54.50	
9	Spectrogram 1	1	18.610974062	19.915533458	242.701	404.502	1.3046	161.801	-64.81	
10	Spectrogram 1	1	20.072709289	20.410637325	88.255	801.649	0.3379	713.394	-62.74	
11	Spectrogram 1	1	21.927384093	22.524652250	536.884	1139.960	0.5973	603.076	-54.43	
12	Spectrogram 1	1	22.273170921	22.972603368	323.601	397.147	0.6994	73.546	-64.42	
13	Spectrogram 1	1	25.607222299	27.202556981	558.948	1139.960	1.5953	581.012	-55.57	
14	Spectrogram 1	1	26.149478915	28.507705611	2806.439	4181.745	2.3582	1375.306	-77.23	d
15	Spectrogram 1	1	29.128550143	29.765112258	11250.965	16685.998	0.6366	5435.033	-80.37	d
16	Spectrogram 1	1	30.472403497	31.281859025	11537.640	18252.369	0.8095	6714.729	-76.14	d
17	Spectrogram 1	1	28.751328149	30.110899086	595.721	1073.768	1.3596	478.047	-55.79	
18	Spectrogram 1	1	32.602523825	33.356967813	529.530	1154.669	0.7544	625.139	-57.84	
19	Spectrogram 1	1	34.630092042	34.991596453	102.964	779.585	0.3615	676.621	-59.11	
20	Spectrogram 1	1	32.869722737	34.001388719	14788.551	22027.607	1.1317	7239.056	-70.84	d
21	Spectrogram 1	1	36.116956957	37.979490552	581.012	1059.059	1.8625	478.047	-52.45	
22	Spectrogram 1	1	39.315485114	41.036560462	595.721	1162.023	1.7211	566.302	-51.45	
23	Spectrogram 1	1	43.392106987	44.020810310	558.948	1184.087	0.6287	625.139	-52.47	
24	Spectrogram 1	1	46.292001066	47.407949465	15294.769	16596.529	1.1159	1301.760	-58.83	d
25	Spectrogram 1	1	41.201354452	41.900786899	8736.792	16391.887	0.6994	7655.095	-71.68	d
26	Spectrogram 1	1	37.924238379	38.505788954	6406.981	14561.321	0.5816	8154.340	-77.63	d
27	Spectrogram 1	1	72.784749616	74.002862305	13562.830	20885.094	1.2181	7322.264	-69.41	d
28	Spectrogram 1	1	104.169570685	105.615588328	12314.717	21717.170	1.4460	9402.453	-69.99	d
29	Spectrogram 1	1	102.967175579	103.108633827	9800.840	14751.690	0.1415	4950.850	-79.35	d
30	Spectrogram 1	1	103.163645367	103.297244824	10258.482	15666.973	0.1336	5408.491	-78.57	d
31	Spectrogram 1	1	334.190482334	334.520551579	8237.547	16558.302	0.3301	8320.755	-90.26	d
32	Spectrogram 1	1	358.400074176	359.240964871	8154.340	16475.094	0.8409	8320.754	-91.34	d
33	Spectrogram 1	1	47.191406575	48.959634672	632.494	1051.705	1.7682	419.211	-51.28	
34	Spectrogram 1	1	50.836424001	51.087905330	95.610	360.374	0.2515	264.764	-52.80	
35	Spectrogram 1	1	49.445417898	49.728334394	294.183	367.729	0.2829	73.546	-59.47	
36	Spectrogram 1	1	50.419908049	51.842349318	625.139	860.486	1.4224	235.347	-49.30	
37	Spectrogram 1	1	51.810914152	53.131191131	441.275	823.713	1.3203	382.438	-58.14	
38	Spectrogram 1	1	54.669896787	54.834931410	161.801	338.311	0.1650	176.510	-54.99	
39	Spectrogram 1	1	54.858507784	55.416481984	610.430	838.422	0.5580	227.992	-48.90	
40	Spectrogram 1	1	57.056893850	57.638444424	286.829	360.374	0.5816	73.545	-61.23	
41	Spectrogram 1	1	58.243571373	58.856557113	257.410	353.020	0.6130	95.610	-61.33	
42	Spectrogram 1	1	60.058952219	60.294715965	205.928	316.247	0.2358	110.319	-59.81	
43	Spectrogram 1	1	59.115897234	59.343802189	125.028	492.757	0.2279	367.729	-54.09	
44	Spectrogram 1	1	57.866349379	60.003940678	654.557	831.067	2.1376	176.510	-51.42	
45	Spectrogram 1	1	60.758384666	60.946995663	161.801	595.721	0.1886	433.920	-60.56	
46	Spectrogram 1	1	62.216745418	62.499661913	279.474	360.374	0.2829	80.900	-62.59	
47	Spectrogram 1	1	61.124373394	62.719708077	581.012	911.968	1.5953	330.956	-49.03	
48	Spectrogram 1	1	62.648978953	62.947613031	102.964	514.820	0.2986	411.856	-54.56	
49	Spectrogram 1	1	65.446708741	66.177576355	544.239	676.621	0.7309	132.382	-49.01	
50	Spectrogram 1	1	66.019796801	66.546335834	169.155	286.829	0.5265	117.674	-64.11	
51	Spectrogram 1	1	67.261485864	67.693719399	88.255	330.956	0.4322	242.701	-54.36	
52	Spectrogram 1	1	67.670143025	68.408869430	250.056	308.892	0.7387	58.836	-58.56	
53	Spectrogram 1	1	68.613198010	68.974702421	125.028	205.928	0.3615	80.900	-60.96	
54	Spectrogram 1	1	68.927549671	70.428578856	595.721	742.812	1.5010	147.091	-45.70	
55	Spectrogram 1	1	70.758648100	71.245893176	581.012	794.294	0.4872	213.282	-50.88	
56	Spectrogram 1	1	70.766506892	71.175164052	125.028	330.956	0.4087	205.928	-53.41	
57	Spectrogram 1	1	70.247826650	70.672201393	750.167	867.840	0.4244	117.673	-62.51	
58	Spectrogram 1	1	71.134731437	72.179950712	242.701	411.856	1.0452	169.155	-62.89	
59	Spectrogram 1	1	71.566964972	72.368561709	507.466	882.549	0.8016	375.083	-57.86	
60	Spectrogram 1	1	72.360702917	73.853873310	573.657	831.067	1.4932	257.410	-49.28	
61	Spectrogram 1	1	73.052276573	74.144648597	257.410	345.665	1.0924	88.255	-61.09	
62	Spectrogram 1	1	74.987650215	77.274558554	419.211	897.258	2.2869	478.047	-55.92	
63	Spectrogram 1	1	76.637996439	77.093806348	573.657	838.422	0.4558	264.765	-50.61	
64	Spectrogram 1	1	75.317719460	75.577059581	117.673	411.856	0.2593	294.183	-53.75	
65	Spectrogram 1	1	75.616353539	76.465103025	183.864	323.601	0.8487	139.737	-61.92	
66	Spectrogram 1	1	76.803031061	77.282417345	235.346	353.020	0.4794	117.674	-60.71	
67	Spectrogram 1	1	77.863967919	78.531965200	169.155	338.311	0.6680	169.156	-64.28	
68	Spectrogram 1	1	79.192103690	79.608619642	250.056	382.438	0.4165	132.382	-60.01	
69	Spectrogram 1	1	79.726501515	80.300193297	191.219	345.665	0.5737	154.446	-63.44	
70	Spectrogram 1	1	78.964198735	79.176386107	125.028	360.374	0.2122	235.346	-53.90	
71	Spectrogram 1	1	79.750098366	81.628349544	595.721	882.549	1.8783	286.828	-52.25	
72	Spectrogram 1	1	81.541902837	82.327781992	581.012	838.422	0.7859	257.410	-52.19	
73	Spectrogram 1	1	81.046798970	82.021289121	36.773	205.928	0.9745	169.155	-58.94	
74	Spectrogram 1	1	83.050790813	84.481090874	581.012	809.004	1.4303	227.992	-49.37	
75	Spectrogram 1	1	83.710929303	84.025280965	117.673	514.820	0.3144	397.147	-53.79	
76	Spectrogram 1	1	83.176531478	83.498741931	294.183	360.374	0.3222	66.191	-63.71	
77	Spectrogram 1	1	83.514459514	83.805234801	235.346	330.956	0.2908	95.610	-60.38	
78	Spectrogram 1	1	85.708215620	86.006849699	220.637	367.729	0.2986	147.092	-58.99	
79	Spectrogram 1	1	84.969489216	85.763227161	102.964	301.538	0.7937	198.574	-60.84	
80	Spectrogram 1	1	87.020633808	87.303550303	88.255	485.402	0.2829	397.147	-54.41	
81	Spectrogram 1	1	87.240679971	87.924394835	588.366	882.549	0.6837	294.183	-51.76	
82	Spectrogram 1	1	89.739775681	90.093421301	227.992	353.020	0.3536	125.028	-60.33	
83	Spectrogram 1	1	90.528851767	92.807901314	603.075	860.486	2.2790	257.411	-49.78	
84	Spectrogram 1	1	91.487624335	91.715529290	102.964	603.075	0.2279	500.111	-53.36	
85	Spectrogram 1	1	91.919857870	93.373734305	117.673	338.311	1.4539	220.638	-60.74	
86	Spectrogram 1	1	90.245935271	91.118261133	169.155	323.601	0.8723	154.446	-65.62	
87	Spectrogram 1	1	94.156317766	95.437300787	566.302	698.685	1.2810	132.383	-47.45	
88	Spectrogram 1	1	95.712358491	97.071929428	463.338	809.004	1.3596	345.666	-57.22	
89	Spectrogram 1	1	98.187877827	98.714416860	544.239	831.067	0.5265	286.828	-52.53	
90	Spectrogram 1	1	99.516013597	99.665330636	102.964	323.601	0.1493	220.637	-51.66	
91	Spectrogram 1	1	94.942196920	95.115090334	88.255	345.665	0.1729	257.410	-54.89	
92	Spectrogram 1	1	95.091513959	95.492312328	220.637	338.311	0.4008	117.674	-56.03	
93	Spectrogram 1	1	98.423641573	98.667264111	227.992	338.311	0.2436	110.319	-62.94	
94	Spectrogram 1	1	98.942321815	99.327402600	227.992	330.956	0.3851	102.964	-62.78	
95	Spectrogram 1	1	100.110546360	101.399388172	581.012	926.677	1.2888	345.665	-55.61	
96	Spectrogram 1	1	101.399388172	103.254062976	588.366	860.486	1.8547	272.120	-50.30	
97	Spectrogram 1	1	101.996656330	102.460325030	301.538	367.729	0.4637	66.191	-58.50	
98	Spectrogram 1	1	102.098820620	102.287431617	117.673	176.510	0.1886	58.837	-57.62	
99	Spectrogram 1	1	102.892558565	103.159757478	95.610	463.338	0.2672	367.728	-56.64	
100	Spectrogram 1	1	104.623099434	106.076975870	551.593	838.422	1.4539	286.829	-51.62	
101	Spectrogram 1	1	105.951235205	106.564220945	536.884	838.422	0.6130	301.538	-50.93	
102	Spectrogram 1	1	105.149638468	105.880506081	213.283	279.474	0.7309	66.191	-60.63	
103	Spectrogram 1	1	104.780275265	105.204650009	29.418	198.574	0.4244	169.156	-59.35	
104	Spectrogram 1	1	106.579938528	107.452264389	411.856	779.585	0.8723	367.729	-60.33	
105	Spectrogram 1	1	107.122195145	107.334382516	95.610	478.048	0.2122	382.438	-53.96	
106	Spectrogram 1	1	109.063316655	109.503408982	544.239	845.776	0.4401	301.537	-55.88	
107	Spectrogram 1	1	109.272552275	109.555468770	161.801	235.346	0.2829	73.545	-58.32	
108	Spectrogram 1	1	109.689068226	110.144878136	220.637	323.601	0.4558	102.964	-59.73	
109	Spectrogram 1	1	111.213673785	111.543743030	102.964	426.566	0.3301	323.602	-55.06	
110	Spectrogram 1	1	111.001486414	112.895455175	558.948	904.613	1.8940	345.665	-51.62	
111	Spectrogram 1	1	110.215607260	110.522100130	191.219	345.665	0.3065	154.446	-63.49	
112	Spectrogram 1	1	111.716636444	112.345339767	338.311	581.012	0.6287	242.701	-58.06	
113	Spectrogram 1	1	112.730909374	112.888085205	375.083	433.920	0.1572	58.837	-57.80	
114	Spectrogram 1	1	113.249589616	113.501070945	441.275	492.757	0.2515	51.482	-57.10	
115	Spectrogram 1	1	114.035468770	114.224079767	441.275	500.111	0.1886	58.836	-54.13	
116	Spectrogram 1	1	114.396973181	114.648454510	411.856	470.693	0.2515	58.837	-56.69	
117	Spectrogram 1	1	116.353812275	116.605293604	419.211	500.111	0.2515	80.900	-53.54	
118	Spectrogram 1	1	114.334102849	116.055178196	581.012	867.840	1.7211	286.828	-52.22	
119	Spectrogram 1	1	115.882284782	116.110189737	125.028	345.665	0.2279	220.637	-51.80	
120	Spectrogram 1	1	112.966673120	113.894010522	205.928	323.601	0.9273	117.673	-59.65	
121	Spectrogram 1	1	117.116115054	117.878417834	463.338	764.876	0.7623	301.538	-71.40	
122	Spectrogram 1	1	117.658941962	118.146187038	272.119	404.502	0.4872	132.383	-67.93	
123	Spectrogram 1	1	117.580354047	118.051881539	147.092	213.283	0.4715	66.191	-63.61	
124	Spectrogram 1	1	118.963501358	119.466464017	573.657	853.131	0.5030	279.474	-52.67	
125	Spectrogram 1	1	119.450746434	119.670792597	88.255	455.984	0.2200	367.729	-53.48	
126	Spectrogram 1	1	120.268060754	120.896764077	191.219	338.311	0.6287	147.092	-63.20	
127	Spectrogram 1	1	120.495965709	122.075582809	544.239	875.195	1.5796	330.956	-52.07	
128	Spectrogram 1	1	121.721937189	122.287770180	66.191	198.574	0.5658	132.383	-56.86	
129	Spectrogram 1	1	118.743455195	118.994936524	404.502	500.111	0.2515	95.609	-60.89	
130	Spectrogram 1	1	122.187212620	123.703959388	632.494	845.776	1.5167	213.282	-52.40	
131	Spectrogram 1	1	124.128334131	124.395533044	95.610	389.793	0.2672	294.183	-52.91	
132	Spectrogram 1	1	123.499630808	124.073322590	220.637	308.892	0.5737	88.255	-62.54	
133	Spectrogram 1	1	124.254074796	125.527199026	470.693	867.840	1.2731	397.147	-58.24	
134	Spectrogram 1	1	125.236423738	126.855334796	617.785	867.840	1.6189	250.055	-51.81	
135	Spectrogram 1	1	125.079247908	125.629363316	169.155	242.701	0.5501	73.546	-58.13	
136	Spectrogram 1	1	127.361689227	128.249732671	250.056	338.311	0.8880	88.255	-56.63	
137	Spectrogram 1	1	127.644605722	127.974674967	95.610	375.083	0.3301	279.473	-54.57	
138	Spectrogram 1	1	128.839142037	129.617162399	132.382	198.574	0.7780	66.192	-67.31	
139	Spectrogram 1	1	129.412833819	130.010101976	573.657	860.486	0.5973	286.829	-53.24	
140	Spectrogram 1	1	129.664315148	130.371606387	404.502	735.458	0.7073	330.956	-53.48	
141	Spectrogram 1	1	130.740969590	131.534707535	147.092	264.765	0.7937	117.673	-61.85	
142	Spectrogram 1	1	131.872635572	132.084822943	102.964	551.593	0.2122	448.629	-54.03	
143	Spectrogram 1	1	129.923655269	130.670240466	1132.605	1426.788	0.7466	294.183	-66.90	
144	Spectrogram 1	1	132.751737673	133.608345951	353.020	492.757	0.8566	139.737	-57.58	
145	Spectrogram 1	1	133.113242084	133.356864621	161.801	250.056	0.2436	88.255	-58.42	
146	Spectrogram 1	1	132.901054712	135.180104259	610.430	816.358	2.2790	205.928	-51.55	
147	Spectrogram 1	1	134.048438277	134.991493262	183.864	301.538	0.9431	117.674	-61.85	
148	Spectrogram 1	1	135.329421298	135.612337794	80.900	558.948	0.2829	478.048	-54.16	
149	Spectrogram 1	1	136.508240030	137.749929093	632.494	860.486	1.2417	227.992	-52.02	
150	Spectrogram 1	1	136.508240030	137.757787885	279.474	558.948	1.2495	279.474	-59.19	
151	Spectrogram 1	1	138.065327186	138.599725011	470.693	779.585	0.5344	308.892	-64.22	
152	Spectrogram 1	1	137.829563440	138.238220600	191.219	375.083	0.4087	183.864	-62.67	
153	Spectrogram 1	1	140.155765736	140.784469060	551.593	867.840	0.6287	316.247	-55.38	
154	Spectrogram 1	1	140.022166280	140.265788818	117.673	544.239	0.2436	426.566	-53.46	
155	Spectrogram 1	1	141.554630631	141.774676794	353.020	573.657	0.2200	220.637	-53.63	
156	Spectrogram 1	1	141.829688335	142.631285072	397.147	779.585	0.8016	382.438	-58.31	
157	Spectrogram 1	1	140.808045434	141.373878425	154.446	301.538	0.5658	147.092	-67.32	
158	Spectrogram 1	1	143.530713967	145.770469557	595.721	831.067	2.2398	235.346	-51.95	
159	Spectrogram 1	1	143.695748590	143.978665085	102.964	581.012	0.2829	478.048	-55.78	
160	Spectrogram 1	1	144.811696988	145.652587683	1169.378	1404.724	0.8409	235.346	-69.04	
161	Spectrogram 1	1	144.112264541	144.795979405	227.992	323.601	0.6837	95.609	-59.50	
162	Spectrogram 1	1	147.135823719	148.676146861	566.302	926.677	1.5403	360.375	-51.64	
163	Spectrogram 1	1	147.921702873	148.236054535	95.610	544.239	0.3144	448.629	-54.86	
164	Spectrogram 1	1	148.291066076	149.917835925	1191.442	1654.780	1.6268	463.338	-61.51	
165	Spectrogram 1	1	149.100521604	149.752801302	551.593	801.649	0.6523	250.056	-63.05	
166	Spectrogram 1	1	149.124097979	149.391296891	147.092	213.283	0.2672	66.191	-59.34	
167	Spectrogram 1	1	149.163391937	149.289132601	301.538	367.729	0.1257	66.191	-58.66	
168	Spectrogram 1	1	149.647776449	151.172382008	169.155	301.538	1.5246	132.383	-67.72	
169	Spectrogram 1	1	150.229327023	150.975912220	441.275	779.585	0.7466	338.310	-56.64	
170	Spectrogram 1	1	151.211675966	151.856096872	566.302	831.067	0.6444	264.765	-49.90	
171	Spectrogram 1	1	151.431722129	151.722497416	125.028	382.438	0.2908	257.410	-52.50	
172	Spectrogram 1	1	151.785367749	152.162589743	213.283	323.601	0.3772	110.318	-60.20	
173	Spectrogram 1	1	152.201883700	153.247102975	367.729	654.557	1.0452	286.828	-61.27	
174	Spectrogram 1	1	153.915100256	154.936743157	213.283	316.247	1.0216	102.964	-54.11	
175	Spectrogram 1	1	154.040234509	154.331009796	551.593	676.621	0.2908	125.028	-65.86	
176	Spectrogram 1	1	154.433174086	156.767235174	595.721	948.741	2.3341	353.020	-54.15	
177	Spectrogram 1	1	155.690580733	155.997073603	102.964	610.430	0.3065	507.466	-55.36	
178	Spectrogram 1	1	154.794678497	155.533404902	1191.442	1720.971	0.7387	529.529	-64.04	
179	Spectrogram 1	1	157.089445627	158.197535235	147.092	382.438	1.1081	235.346	-62.07	
180	Spectrogram 1	1	157.906759948	159.470659464	551.593	904.613	1.5639	353.020	-51.40	
181	Spectrogram 1	1	158.771227017	158.849814933	88.255	272.119	0.0786	183.864	-49.20	
182	Spectrogram 1	1	159.242754510	159.399930341	139.737	360.374	0.1572	220.637	-49.87	
183	Spectrogram 1	1	161.577385889	162.520440874	419.211	757.521	0.9431	338.310	-57.73	
184	Spectrogram 1	1	162.331829877	163.046979907	573.657	904.613	0.7152	330.956	-53.32	
185	Spectrogram 1	1	163.487072234	163.769988729	88.255	500.111	0.2829	411.856	-54.32	
186	Spectrogram 1	1	162.732628246	163.557801358	198.574	338.311	0.8252	139.737	-56.61	
187	Spectrogram 1	1	159.424077007	160.571460572	220.637	345.665	1.1474	125.028	-61.17	
188	Spectrogram 1	1	160.705060028	161.074423230	88.255	198.574	0.3694	110.319	-58.96	
189	Spectrogram 1	1	162.544017249	162.614746373	110.319	250.056	0.0707	139.737	-45.85	
190	Spectrogram 1	1	163.754271146	164.453703593	235.346	389.793	0.6994	154.447	-59.33	
191	Spectrogram 1	1	165.175122982	166.165330716	455.984	735.458	0.9902	279.474	-54.16	
192	Spectrogram 1	1	166.157471925	166.904057121	161.801	375.083	0.7466	213.282	-58.38	
193	Spectrogram 1	1	167.139820868	167.524901653	80.900	492.757	0.3851	411.857	-55.08	
194	Spectrogram 1	1	167.949276396	168.020005520	110.319	250.056	0.0707	139.737	-46.36	
195	Spectrogram 1	1	166.071025218	167.666359901	566.302	911.968	1.5953	345.666	-51.43	
196	Spectrogram 1	1	167.689936275	168.680144010	544.239	823.713	0.9902	279.474	-61.93	
197	Spectrogram 1	1	169.033789629	170.526960022	581.012	882.549	1.4932	301.537	-51.49	
198	Spectrogram 1	1	168.986636880	170.165455611	80.900	220.637	1.1788	139.737	-59.14	
199	Spectrogram 1	1	169.222400626	170.636983104	1154.669	1669.489	1.4146	514.820	-66.55	
200	Spectrogram 1	1	170.494414251	171.264575822	360.374	750.167	0.7702	389.793	-59.31	
201	Spectrogram 1	1	172.026878602	172.262642348	95.610	529.530	0.2358	433.920	-53.55	
202	Spectrogram 1	1	171.461045611	172.600570384	176.510	367.729	1.1395	191.219	-55.74	
203	Spectrogram 1	1	173.032803919	173.787247907	529.530	838.422	0.7544	308.892	-51.69	
204	Spectrogram 1	1	173.221414916	174.510256729	1132.605	1640.071	1.2888	507.466	-65.35	
205	Spectrogram 1	1	173.307861623	174.015152862	161.801	404.502	0.7073	242.701	-64.43	
206	Spectrogram 1	1	175.224079797	175.601301791	88.255	573.657	0.3772	485.402	-55.76	
207	Spectrogram 1	1	175.624878166	176.237863906	205.928	316.247	0.6130	110.319	-56.01	
208	Spectrogram 1	1	176.096405658	178.359737622	603.075	1007.577	2.2633	404.502	-50.45	
209	Spectrogram 1	1	175.656313332	177.149483725	345.665	610.430	1.4932	264.765	-62.60	
210	Spectrogram 1	1	177.306659556	177.715316716	95.610	220.637	0.4087	125.027	-59.29	
211	Spectrogram 1	1	178.059325806	179.128121455	102.964	235.346	1.0688	132.382	-63.42	
212	Spectrogram 1	1	178.570147256	179.332450036	220.637	323.601	0.7623	102.964	-63.21	
213	Spectrogram 1	1	178.750899461	179.528919824	1154.669	1706.262	0.7780	551.593	-64.30	
214	Spectrogram 1	1	179.513202241	180.833479220	603.075	831.067	1.3203	227.992	-48.44	
215	Spectrogram 1	1	179.395320368	179.693954446	73.546	558.948	0.2986	485.402	-55.06	
216	Spectrogram 1	1	180.747032513	181.674369915	169.155	389.793	0.9273	220.638	-59.86	
217	Spectrogram 1	1	180.012180219	181.143846201	389.793	816.358	1.1317	426.565	-51.18	
218	Spectrogram 1	1	182.637016594	182.896356715	80.900	485.402	0.2593	404.502	-53.31	
219	Spectrogram 1	1	181.788267108	182.126195144	1321.720	2263.106	0.3379	941.386	-71.33	
220	Spectrogram 1	1	183.535724939	184.164428262	544.239	809.004	0.6287	264.765	-49.94	
221	Spectrogram 1	1	183.912946933	184.793131586	433.920	794.294	0.8802	360.374	-52.97	
222	Spectrogram 1	1	184.408050800	185.076048081	161.801	345.665	0.6680	183.864	-56.48	
223	Spectrogram 1	1	186.223431646	186.954299259	500.111	786.940	0.7309	286.829	-62.07	
224	Spectrogram 1	1	187.174345423	187.300086087	198.574	316.247	0.1257	117.673	-46.92	
225	Spectrogram 1	1	185.319670619	186.474912975	2834.506	4857.015	1.1552	2022.509	-80.11	d
226	Spectrogram 1	1	187.547612553	187.704788383	4528.536	5069.385	0.1572	540.849	-78.13	d
227	Spectrogram 1	1	186.892521928	188.794349481	588.366	845.776	1.9018	257.410	-50.37	
228	Spectrogram 1	1	188.920090145	189.682392925	154.446	338.311	0.7623	183.865	-55.43	
229	Spectrogram 1	1	188.802208272	189.564511052	389.793	772.231	0.7623	382.438	-57.85	
230	Spectrogram 1	1	189.839568756	190.091050085	1573.880	1765.099	0.2515	191.219	-72.33	d
231	Spectrogram 1	1	190.295378665	191.890713348	514.820	911.968	1.5953	397.148	-51.09	
232	Spectrogram 1	1	190.719753408	190.869070448	198.574	404.502	0.1493	205.928	-49.83	
233	Spectrogram 1	1	192.187679212	192.989275949	176.510	353.020	0.8016	176.510	-56.40	
234	Spectrogram 1	1	192.447019333	193.342921569	338.311	647.203	0.8959	308.892	-62.12	
235	Spectrogram 1	1	192.871394076	193.665132022	1213.505	1382.661	0.7937	169.156	-68.93	
236	Spectrogram 1	1	194.034495224	194.993267792	345.665	448.629	0.9588	102.964	-64.85	
237	Spectrogram 1	1	195.331195829	195.511948034	213.283	375.083	0.1808	161.800	-51.24	
238	Spectrogram 1	1	195.928463986	197.492363503	426.566	706.039	1.5639	279.473	-62.55	
239	Spectrogram 1	1	196.635755224	197.932455829	1176.732	2301.983	1.2967	1125.251	-72.15	
240	Spectrogram 1	1	196.557167309	197.327328880	176.510	338.311	0.7702	161.801	-55.52	
241	Spectrogram 1	1	194.521740300	195.276184288	500.111	838.422	0.7544	338.311	-53.84	
242	Spectrogram 1	1	194.741786463	195.087573291	227.992	286.829	0.3458	58.837	-59.33	
243	Spectrogram 1	1	197.738240873	199.561480511	507.466	919.322	1.8232	411.856	-49.76	
244	Spectrogram 1	1	198.516261236	198.673437066	154.446	426.566	0.1572	272.120	-52.68	
245	Spectrogram 1	1	200.040866795	200.740299242	205.928	330.956	0.6994	125.028	-58.70	
246	Spectrogram 1	1	200.763875617	202.744291085	492.757	801.649	1.9804	308.892	-52.16	
247	Spectrogram 1	1	201.683354227	202.319916342	1162.023	1897.481	0.6366	735.458	-64.55	
248	Spectrogram 1	1	201.812380546	202.755435531	338.311	426.566	0.9431	88.255	-62.37	
249	Spectrogram 1	1	202.661130032	203.470585561	463.338	794.294	0.8095	330.956	-55.34	
250	Spectrogram 1	1	203.242680606	203.753502057	198.574	286.829	0.5108	88.255	-59.00	
251	Spectrogram 1	1	205.285966407	206.063986770	169.155	389.793	0.7780	220.638	-57.44	
252	Spectrogram 1	1	205.788929066	206.244738975	455.984	772.231	0.4558	316.247	-51.65	
253	Spectrogram 1	1	206.433349972	206.590525803	169.155	360.374	0.1572	191.219	-54.72	
254	Spectrogram 1	1	204.798721332	204.916603205	345.665	404.502	0.1179	58.837	-60.71	
255	Spectrogram 1	1	207.532444819	208.216159683	404.502	728.103	0.6837	323.601	-57.35	
256	Spectrogram 1	1	208.648393218	210.683820227	463.338	823.713	2.0354	360.375	-53.09	
257	Spectrogram 1	1	210.644526270	210.825278475	154.446	323.601	0.1808	169.155	-57.61	
258	Spectrogram 1	1	210.132910103	211.107400254	1426.788	1720.971	0.9745	294.183	-71.28	
259	Spectrogram 1	1	211.704324470	212.246581087	88.255	176.510	0.5423	88.255	-61.64	
260	Spectrogram 1	1	212.128699214	213.629728398	463.338	889.904	1.5010	426.566	-53.41	
261	Spectrogram 1	1	213.166059697	213.598293232	330.956	419.211	0.4322	88.255	-63.65	
262	Spectrogram 1	1	213.535422900	214.297725679	176.510	426.566	0.7623	250.056	-57.33	
263	Spectrogram 1	1	214.973581752	216.254564773	1242.924	1757.744	1.2810	514.820	-65.57	
264	Spectrogram 1	1	216.451034561	217.079737885	441.275	845.776	0.6287	404.501	-52.27	
265	Spectrogram 1	1	215.280074622	215.413674078	198.574	264.765	0.1336	66.191	-60.49	
266	Spectrogram 1	1	216.453812618	217.483314310	250.056	375.083	1.0295	125.027	-61.05	
267	Spectrogram 1	1	220.068856727	220.226032558	308.892	367.729	0.1572	58.837	-61.23	
268	Spectrogram 1	1	218.811450080	219.723069899	1507.688	1831.290	0.9116	323.602	-58.49	
269	Spectrogram 1	1	219.840951772	221.719202950	426.566	911.968	1.8783	485.402	-55.20	
270	Spectrogram 1	1	218.693568207	219.833092980	382.438	757.521	1.1395	375.083	-58.05	
271	Spectrogram 1	1	219.275118781	219.903822104	191.219	272.119	0.6287	80.900	-60.04	
272	Spectrogram 1	1	218.929331953	219.840951772	88.255	220.637	0.9116	132.382	-59.05	
273	Spectrogram 1	1	220.454370228	220.619404850	308.892	389.793	0.1650	80.901	-65.01	
274	Spectrogram 1	1	221.688200500	222.002552161	205.928	286.829	0.3144	80.901	-57.05	
275	Spectrogram 1	1	222.653398063	223.730052504	397.147	757.521	1.0767	360.374	-50.80	
276	Spectrogram 1	1	223.046337640	224.649531114	397.147	948.741	1.6032	551.594	-52.75	
277	Spectrogram 1	1	222.936314558	223.942239875	264.765	397.147	1.0059	132.382	-62.78	
278	Spectrogram 1	1	223.753628878	224.209438788	1264.987	2390.238	0.4558	1125.251	-67.65	
279	Spectrogram 1	1	224.759554196	225.356822353	110.319	338.311	0.5973	227.992	-59.69	
280	Spectrogram 1	1	225.993384468	226.897145495	1095.832	1691.553	0.9038	595.721	-69.89	
281	Spectrogram 1	1	226.362747670	227.431543320	242.701	411.856	1.0688	169.155	-64.54	
282	Spectrogram 1	1	226.519923501	227.266508697	88.255	264.765	0.7466	176.510	-61.02	
283	Spectrogram 1	1	227.392249362	228.162410933	404.502	823.713	0.7702	419.211	-49.97	
284	Spectrogram 1	1	227.576925585	228.637862444	1206.509	1861.769	1.0609	655.260	-68.42	
285	Spectrogram 1	1	229.054378395	229.525905888	1976.179	2309.009	0.4715	332.830	-71.48	
286	Spectrogram 1	1	229.494470722	230.319643833	988.090	1716.156	0.8252	728.066	-69.16	
287	Spectrogram 1	1	231.152675737	231.757802686	1487.335	1736.958	0.6051	249.623	-61.87	
288	Spectrogram 1	1	231.490603773	231.797096643	1965.778	2173.797	0.3065	208.019	-72.34	
289	Spectrogram 1	1	232.370788426	233.148808788	1445.731	2069.788	0.7780	624.057	-65.99	
290	Spectrogram 1	1	230.586842746	232.637987338	353.020	853.131	2.0511	500.111	-54.14	
291	Spectrogram 1	1	229.447317972	229.808822383	227.992	353.020	0.3615	125.028	-58.58	
292	Spectrogram 1	1	233.791013809	234.741927586	1066.414	1735.680	0.9509	669.266	-72.41	
293	Spectrogram 1	1	234.011059972	235.732135320	367.729	889.904	1.7211	522.175	-50.94	
294	Spectrogram 1	1	235.071996830	235.700700154	242.701	338.311	0.6287	95.610	-63.37	
295	Spectrogram 1	1	236.321544685	236.761637012	1530.351	1868.661	0.4401	338.310	-59.49	
296	Spectrogram 1	1	238.257751601	239.075065921	220.637	367.729	0.8173	147.092	-62.52	
297	Spectrogram 1	1	238.179163686	238.572103263	242.701	294.183	0.3929	51.482	-61.79	
298	Spectrogram 1	1	238.666408761	239.145795045	353.020	750.167	0.4794	397.147	-51.86	
299	Spectrogram 1	1	239.287253293	239.570169789	1316.469	1426.788	0.2829	110.319	-55.90	
300	Spectrogram 1	1	239.137936254	240.230308278	360.374	742.812	1.0924	382.438	-57.23	
301	Spectrogram 1	1	240.748988520	241.872795710	1081.123	1728.326	1.1238	647.203	-67.70	
302	Spectrogram 1	1	241.684184713	243.295236979	308.892	683.976	1.6111	375.084	-50.65	
303	Spectrogram 1	1	243.272763142	244.200100544	375.083	661.912	0.9273	286.829	-56.73	
304	Spectrogram 1	1	244.663769245	246.872089668	301.538	882.549	2.2083	581.011	-53.12	
305	Spectrogram 1	1	244.027207130	245.190308278	1036.995	1559.170	1.1631	522.175	-69.55	
306	Spectrogram 1	1	246.900067215	247.230136460	1257.633	1397.370	0.3301	139.737	-70.24	
307	Spectrogram 1	1	248.047450780	248.817612351	367.729	691.330	0.7702	323.601	-57.53	
308	Spectrogram 1	1	248.684012895	249.611350297	1125.250	1507.688	0.9273	382.438	-66.82	
309	Spectrogram 1	1	248.864765100	249.627067880	213.283	353.020	0.7623	139.737	-65.31	
310	Spectrogram 1	1	249.634926671	250.106454164	360.374	867.840	0.4715	507.466	-53.93	
311	Spectrogram 1	1	251.018073983	251.599624557	978.159	1823.935	0.5816	845.776	-69.81	
312	Spectrogram 1	1	252.973244862	254.073475678	500.111	809.004	1.1002	308.893	-65.95	
313	Spectrogram 1	1	252.124495375	254.152063593	264.765	463.338	2.0276	198.573	-47.28	
314	Spectrogram 1	1	254.466415255	254.600014711	323.601	514.820	0.1336	191.219	-64.81	
315	Spectrogram 1	1	255.440905406	257.492049998	242.701	632.494	2.0511	389.793	-51.28	
316	Spectrogram 1	1	255.409470240	255.880997732	1360.597	1419.433	0.4715	58.836	-67.39	
317	Spectrogram 1	1	256.006738397	256.902640633	1103.187	1367.951	0.8959	264.764	-64.24	
318	Spectrogram 1	1	256.266078518	256.651159303	1450.049	2134.025	0.3851	683.976	-71.87	
319	Spectrogram 1	1	257.049112754	257.945014990	411.856	720.749	0.8959	308.893	-62.14	
320	Spectrogram 1	1	262.188308958	262.471225454	2155.490	2280.518	0.2829	125.028	-79.28	
321	Spectrogram 1	1	260.985913852	262.557672161	419.211	779.585	1.5718	360.374	-59.28	
322	Spectrogram 1	1	260.192175907	260.970196269	308.892	441.275	0.7780	132.383	-41.84	
323	Spectrogram 1	1	260.734432523	260.978055061	198.574	250.056	0.2436	51.482	-60.91	
324	Spectrogram 1	1	258.604700015	258.911192885	1220.860	1309.115	0.3065	88.255	-60.15	
325	Spectrogram 1	1	259.264838505	259.940694577	985.513	1625.362	0.6759	639.849	-72.67	
326	Spectrogram 1	1	259.618484124	260.537962734	1139.960	1669.489	0.9195	529.529	-68.55	
327	Spectrogram 1	1	258.966204426	259.657778082	330.956	676.621	0.6916	345.665	-69.22	
328	Spectrogram 1	1	258.447524184	258.683287931	801.649	934.031	0.2358	132.382	-64.90	
329	Spectrogram 1	1	262.964661106	263.271153976	353.020	433.920	0.3065	80.900	-59.23	
330	Spectrogram 1	1	264.693595245	265.770249686	419.211	639.848	1.0767	220.637	-55.06	
331	Spectrogram 1	1	265.330157360	266.210342013	669.267	860.486	0.8802	191.219	-58.67	
332	Spectrogram 1	1	263.483341348	265.605215064	227.992	448.629	2.1219	220.637	-47.20	
333	Spectrogram 1	1	264.112044671	264.567854581	1235.569	1515.043	0.4558	279.474	-60.11	
334	Spectrogram 1	1	266.925492043	267.907840986	279.474	389.793	0.9823	110.319	-43.01	
335	Spectrogram 1	1	265.785967270	266.430388176	1424.086	2284.571	0.6444	860.485	-75.86	
336	Spectrogram 1	1	265.691661771	266.956927209	1122.548	1475.568	1.2653	353.020	-76.66	
337	Spectrogram 1	1	267.943200170	268.768373282	205.928	639.848	0.8252	433.920	-58.87	
338	Spectrogram 1	1	270.096509052	270.811659082	397.147	735.458	0.7152	338.311	-57.14	
339	Spectrogram 1	1	270.992411288	271.707561318	308.892	478.048	0.7152	169.156	-50.30	
340	Spectrogram 1	1	269.177030442	269.711428267	654.557	2154.891	0.5344	1500.334	-69.55	
341	Spectrogram 1	1	269.735004641	270.638765669	1154.669	1500.334	0.9038	345.665	-64.02	
342	Spectrogram 1	1	270.395143131	270.717353584	1720.971	1890.126	0.3222	169.155	-73.60	
343	Spectrogram 1	1	271.951183856	272.964967965	492.757	683.976	1.0138	191.219	-66.10	
344	Spectrogram 1	1	272.506290462	274.274518559	625.139	831.067	1.7682	205.928	-58.68	
345	Spectrogram 1	1	273.897296565	275.421902124	220.637	441.275	1.5246	220.638	-50.11	
346	Spectrogram 1	1	275.571219163	275.869853242	294.183	382.438	0.2986	88.255	-59.63	
347	Spectrogram 1	1	275.869853242	276.396392275	308.892	419.211	0.5265	110.319	-63.04	
348	Spectrogram 1	1	275.877712033	277.803115961	470.693	801.649	1.9254	330.956	-59.11	
350	Spectrogram 1	1	277.173808914	278.934178220	213.283	625.139	1.7604	411.856	-52.58	
351	Spectrogram 1	1	280.081561785	281.260380516	1110.541	1412.079	1.1788	301.538	-62.98	
352	Spectrogram 1	1	280.836005773	281.881225048	463.338	603.075	1.0452	139.737	-51.37	
353	Spectrogram 1	1	281.669037676	282.596375078	198.574	353.020	0.9273	154.446	-48.23	
354	Spectrogram 1	1	281.992882912	283.171701644	1169.378	1772.453	1.1788	603.075	-74.97	
355	Spectrogram 1	1	283.682523094	284.696307203	1257.633	1720.971	1.0138	463.338	-67.85	
356	Spectrogram 1	1	282.236505450	284.059745088	411.856	750.167	1.8232	338.311	-61.12	
357	Spectrogram 1	1	284.806330284	285.364304484	1220.860	1309.115	0.5580	88.255	-71.06	
358	Spectrogram 1	1	284.892776991	286.763169378	161.801	330.956	1.8704	169.155	-50.75	
359	Spectrogram 1	1	286.519546840	287.501895783	529.530	742.812	0.9823	213.282	-58.44	
360	Spectrogram 1	1	285.144258321	286.959639167	419.211	514.820	1.8154	95.609	-45.39	
361	Spectrogram 1	1	285.749846038	287.675249965	1279.697	1801.872	1.9254	522.175	-78.13	
362	Spectrogram 1	1	286.975817518	287.808849422	382.438	522.175	0.8330	139.737	-49.91	
363	Spectrogram 1	1	286.850076853	287.172287307	176.510	345.665	0.3222	169.155	-61.69	
364	Spectrogram 1	1	287.911013712	288.665457700	1162.023	1779.808	0.7544	617.785	-70.47	
365	Spectrogram 1	1	290.417968213	290.763755041	647.203	845.776	0.3458	198.573	-60.49	
366	Spectrogram 1	1	289.349172564	290.700884709	367.729	514.820	1.3517	147.091	-48.56	
367	Spectrogram 1	1	288.453270328	290.331521506	183.864	382.438	1.8783	198.574	-49.04	
368	Spectrogram 1	1	290.968083621	291.329588032	1154.669	1382.661	0.3615	227.992	-67.49	
369	Spectrogram 1	1	291.564206323	292.326509103	478.048	742.812	0.7623	264.764	-58.45	
370	Spectrogram 1	1	292.790177804	293.560339375	213.283	382.438	0.7702	169.155	-45.92	
371	Spectrogram 1	1	293.293140462	293.434598710	433.920	735.458	0.1415	301.538	-57.62	
372	Spectrogram 1	1	294.275489405	294.794169647	330.956	536.884	0.5187	205.928	-49.62	
373	Spectrogram 1	1	295.320708680	296.475951037	1235.569	1743.035	1.1552	507.466	-68.10	
374	Spectrogram 1	1	293.906126203	294.699864148	1257.633	1654.780	0.7937	397.147	-67.13	
375	Spectrogram 1	1	295.653527928	297.327450526	183.864	316.247	1.6739	132.383	-48.94	
376	Spectrogram 1	1	297.272438986	299.842263820	294.183	544.239	2.5698	250.056	-51.67	
377	Spectrogram 1	1	299.402171493	300.250920980	250.056	367.729	0.8487	117.673	-42.06	
378	Spectrogram 1	1	298.671303880	299.355018744	1022.286	1610.652	0.6837	588.366	-71.29	
379	Spectrogram 1	1	296.093620254	297.036675239	970.804	1647.425	0.9431	676.621	-74.61	
380	Spectrogram 1	1	295.944303215	297.170274696	382.438	853.131	1.2260	470.693	-65.83	
381	Spectrogram 1	1	300.243062188	300.981788593	183.864	301.538	0.7387	117.674	-57.72	
382	Spectrogram 1	1	304.605231044	305.681885485	470.693	816.358	1.0767	345.665	-61.50	
383	Spectrogram 1	1	301.351691346	302.585521618	411.856	742.812	1.2338	330.956	-66.49	
384	Spectrogram 1	1	300.919457811	304.385184881	220.637	507.466	3.4657	286.829	-54.08	
385	Spectrogram 1	1	301.736772131	302.326181497	1367.951	1647.425	0.5894	279.474	-69.34	
386	Spectrogram 1	1	301.626749050	302.145429291	1007.577	1110.541	0.5187	102.964	-66.98	
387	Spectrogram 1	1	304.644525002	306.200565727	1000.223	1301.760	1.5560	301.537	-71.82	
388	Spectrogram 1	1	305.336098657	306.176989352	1272.342	1743.035	0.8409	470.693	-68.08	
389	Spectrogram 1	1	306.593005169	307.441754655	316.247	529.530	0.8487	213.283	-52.93	
390	Spectrogram 1	1	306.427970546	308.306221725	176.510	330.956	1.8783	154.446	-53.44	
391	Spectrogram 1	1	308.337656891	308.864195924	161.801	235.346	0.5265	73.545	-61.15	
392	Spectrogram 1	1	310.176614112	311.929124625	183.864	426.566	1.7525	242.702	-50.37	
393	Spectrogram 1	1	310.035155864	310.703153145	257.410	330.956	0.6680	73.546	-43.06	
394	Spectrogram 1	1	310.616706438	310.931058100	1375.306	1588.589	0.3144	213.283	-69.29	
395	Spectrogram 1	1	311.041081181	311.669784504	2279.919	2618.230	0.6287	338.311	-79.32	
396	Spectrogram 1	1	310.931058100	311.991994958	426.566	683.976	1.0609	257.410	-63.00	
397	Spectrogram 1	1	308.636290969	309.744380577	198.574	375.083	1.1081	176.509	-64.57	
398	Spectrogram 1	1	312.040166085	312.747457324	213.283	397.147	0.7073	183.864	-61.67	
399	Spectrogram 1	1	312.975362279	313.651218351	536.884	809.004	0.6759	272.120	-62.19	
400	Spectrogram 1	1	313.187549650	313.863405723	948.741	1036.995	0.6759	88.254	-67.63	
401	Spectrogram 1	1	313.525477687	314.657143669	1228.214	1492.979	1.1317	264.765	-69.92	
402	Spectrogram 1	1	313.800535391	315.741656901	154.446	441.275	1.9411	286.829	-50.87	
403	Spectrogram 1	1	315.167965119	316.386077808	478.048	772.231	1.2181	294.183	-65.07	
404	Spectrogram 1	1	315.938126690	317.753507536	750.167	941.386	1.8154	191.219	-70.81	
405	Spectrogram 1	1	317.384144334	319.160231222	147.092	397.147	1.7761	250.055	-53.30	
406	Spectrogram 1	1	318.665127355	319.443147717	213.283	397.147	0.7780	183.864	-54.11	
407	Spectrogram 1	1	318.861597143	319.584605965	411.856	720.749	0.7230	308.893	-64.66	
408	Spectrogram 1	1	316.291772309	317.030498714	992.868	1235.569	0.7387	242.701	-80.53	
409	Spectrogram 1	1	317.494167415	317.894965784	1162.023	1448.852	0.4008	286.829	-70.54	
411	Spectrogram 1	1	321.935043195	322.917392138	448.629	654.557	0.9823	205.928	-65.52	
412	Spectrogram 1	1	320.575472258	321.046999751	1404.724	1713.617	0.4715	308.893	-72.55	
413	Spectrogram 1	1	320.787659630	322.398711896	191.219	308.892	1.6111	117.673	-47.88	
414	Spectrogram 1	1	322.720922349	324.489150446	169.155	316.247	1.7682	147.092	-56.04	
415	Spectrogram 1	1	323.577530627	324.025481745	1426.788	1676.844	0.4480	250.056	-73.20	
416	Spectrogram 1	1	323.050991594	323.624683377	1287.051	1456.206	0.5737	169.155	-77.47	
417	Spectrogram 1	1	325.306464766	325.722980718	1390.015	1500.334	0.4165	110.319	-75.29	
418	Spectrogram 1	1	325.116717801	326.169795867	183.864	308.892	1.0531	125.028	-49.58	
419	Spectrogram 1	1	326.169795867	327.993035505	161.801	316.247	1.8232	154.446	-54.00	
420	Spectrogram 1	1	328.401692665	329.863427892	183.864	316.247	1.4617	132.383	-52.98	
421	Spectrogram 1	1	329.274018526	329.439053148	1618.007	2051.927	0.1650	433.920	-72.17	
422	Spectrogram 1	1	329.203289402	330.107050429	1066.414	1331.179	0.9038	264.765	-76.79	
423	Spectrogram 1	1	325.706127166	326.452712363	970.804	1765.099	0.7466	794.295	-77.27	
424	Spectrogram 1	1	325.525374961	327.002827771	676.621	809.004	1.4775	132.383	-67.12	
425	Spectrogram 1	1	327.560801970	327.898730006	720.749	809.004	0.3379	88.255	-58.51	
426	Spectrogram 1	1	330.360724152	330.847969227	353.020	419.211	0.4872	66.191	-57.51	
427	Spectrogram 1	1	331.233050013	331.877470919	441.275	617.785	0.6444	176.510	-61.66	
428	Spectrogram 1	1	331.248767596	332.828384696	669.267	934.031	1.5796	264.764	-64.54	
429	Spectrogram 1	1	330.706510980	331.335214303	213.283	338.311	0.6287	125.028	-52.59	
430	Spectrogram 1	1	331.720295089	333.158453941	176.510	353.020	1.4382	176.510	-52.73	
431	Spectrogram 1	1	333.637840225	333.975768261	227.992	345.665	0.3379	117.673	-67.43	
432	Spectrogram 1	1	333.920756720	334.706635874	897.258	1184.087	0.7859	286.829	-74.42	
433	Spectrogram 1	1	334.308396516	335.888013615	154.446	382.438	1.5796	227.992	-54.80	
434	Spectrogram 1	1	335.550085579	336.524575730	183.864	316.247	0.9745	132.383	-48.35	
435	Spectrogram 1	1	336.799633434	337.522642256	742.812	875.195	0.7230	132.383	-68.77	
436	Spectrogram 1	1	337.422749141	339.112389322	419.211	514.820	1.6896	95.609	-59.37	
437	Spectrogram 1	1	338.130040380	339.261706361	154.446	316.247	1.1317	161.801	-52.70	
438	Spectrogram 1	1	339.568199232	341.336427328	176.510	382.438	1.7682	205.928	-53.61	
439	Spectrogram 1	1	341.493603159	342.224470773	213.283	411.856	0.7309	198.573	-53.19	
440	Spectrogram 1	1	341.619343824	342.570257600	566.302	735.458	0.9509	169.156	-58.71	
441	Spectrogram 1	1	342.483810893	342.861032887	1081.123	1272.342	0.3772	191.219	-78.54	
442	Spectrogram 1	1	342.809950742	344.523167298	176.510	323.601	1.7132	147.092	-50.28	
443	Spectrogram 1	1	341.136028144	341.513250138	588.366	926.677	0.3772	338.311	-71.63	
444	Spectrogram 1	1	343.800158477	344.193098054	670.861	878.880	0.3929	208.019	-70.78	
445	Spectrogram 1	1	345.130027715	345.908048077	382.438	639.848	0.7780	257.410	-63.80	
446	Spectrogram 1	1	346.073082700	347.118301975	147.092	338.311	1.0452	191.219	-55.58	
447	Spectrogram 1	1	346.913973394	347.990627836	147.092	308.892	1.0767	161.801	-48.98	
448	Spectrogram 1	1	347.401218470	348.108509709	1036.995	1456.206	0.7073	419.211	-73.92	
449	Spectrogram 1	1	347.519100343	348.878671280	478.048	875.195	1.3596	397.147	-70.95	
450	Spectrogram 1	1	348.328555872	348.705777866	235.346	367.729	0.3772	132.382	-67.78	
451	Spectrogram 1	1	348.642907534	349.908172972	367.729	470.693	1.2653	102.964	-62.56	
452	Spectrogram 1	1	344.957134301	346.183105781	1092.099	1341.722	1.2260	249.623	-83.87	
453	Spectrogram 1	1	349.785103529	350.673146973	132.382	294.183	0.8880	161.801	-52.95	
454	Spectrogram 1	1	350.547406308	352.182034949	147.092	264.765	1.6346	117.673	-54.43	
455	Spectrogram 1	1	351.011075009	352.732150357	455.984	691.330	1.7211	235.346	-69.01	
456	Spectrogram 1	1	349.957996943	350.853899178	455.984	728.103	0.8959	272.119	-64.31	
457	Spectrogram 1	1	352.480669027	353.738075674	367.729	463.338	1.2574	95.610	-63.73	
458	Spectrogram 1	1	352.912902562	354.311767457	544.239	735.458	1.3989	191.219	-59.51	
459	Spectrogram 1	1	349.594489638	349.751665468	492.757	691.330	0.1572	198.574	-62.72	
460	Spectrogram 1	1	353.321225014	354.484326162	183.864	316.247	1.1631	132.382	-47.19	
461	Spectrogram 1	1	354.185692083	355.073735527	147.092	441.275	0.8880	294.183	-49.46	
462	Spectrogram 1	1	354.515761328	354.822254198	581.012	654.557	0.3065	73.546	-60.65	
463	Spectrogram 1	1	355.246628941	355.608133352	198.574	433.920	0.3615	235.346	-64.24	
464	Spectrogram 1	1	355.317358065	356.071802053	801.649	1537.107	0.7544	735.458	-76.47	
465	Spectrogram 1	1	356.063943262	356.386153715	683.976	757.521	0.3222	73.546	-63.74	
466	Spectrogram 1	1	356.920551540	358.067935105	485.402	573.657	1.1474	88.255	-56.90	
467	Spectrogram 1	1	355.898908639	356.967704289	338.311	728.103	1.0688	389.793	-68.09	
468	Spectrogram 1	1	357.719331412	359.691888089	154.446	323.601	1.9726	169.155	-52.18	
469	Spectrogram 1	1	358.293023195	360.414896911	1022.286	1198.796	2.1219	176.510	-80.59	
470	Spectrogram 1	1	360.933577153	361.208634856	573.657	882.549	0.2751	308.892	-64.81	
471	Spectrogram 1	1	360.092686458	361.247928814	367.729	441.275	1.1552	73.546	-60.06	
473	Spectrogram 1	1	361.756987898	363.014394544	301.538	426.566	1.2574	125.028	-50.12	
474	Spectrogram 1	1	361.104708200	362.880795088	110.319	353.020	1.7761	242.701	-49.78	
475	Spectrogram 1	1	362.417126387	363.462345662	1404.724	1595.943	1.0452	191.219	-75.08	
476	Spectrogram 1	1	364.468270979	365.757112792	176.510	330.956	1.2888	154.446	-48.66	
477	Spectrogram 1	1	364.947657264	365.136268261	478.048	735.458	0.1886	257.410	-62.01	
478	Spectrogram 1	1	363.729544476	364.782622543	308.892	485.402	1.0531	176.510	-63.00	
479	Spectrogram 1	1	367.450651627	367.867167579	581.012	948.741	0.4165	367.729	-68.26	
480	Spectrogram 1	1	365.894610902	366.389714769	169.155	323.601	0.4951	154.446	-51.09	
481	Spectrogram 1	1	366.287550479	366.601902141	169.155	301.538	0.3144	132.382	-53.38	
482	Spectrogram 1	1	366.798371929	368.181519241	463.338	625.139	1.3831	161.801	-62.39	
483	Spectrogram 1	1	368.535164860	370.012617670	125.028	338.311	1.4775	213.283	-53.35	
484	Spectrogram 1	1	369.258173682	370.146217126	419.211	669.267	0.8880	250.056	-62.74	
485	Spectrogram 1	1	368.527306068	369.360337972	1007.577	1272.342	0.8330	264.765	-72.94	
486	Spectrogram 1	1	368.267965948	369.163868183	500.111	831.067	0.8959	330.956	-63.35	
487	Spectrogram 1	1	369.501796220	370.955672655	176.510	433.920	1.4539	257.410	-61.06	
488	Spectrogram 1	1	370.154075918	371.482211688	441.275	536.884	1.3281	95.610	-64.83	
489	Spectrogram 1	1	371.175718818	371.411482564	433.920	720.749	0.2358	286.829	-62.25	
490	Spectrogram 1	1	371.440632959	373.059544016	110.319	264.765	1.6189	154.446	-51.44	
491	Spectrogram 1	1	371.472068125	373.318884137	169.155	419.211	1.8468	250.056	-51.06	
492	Spectrogram 1	1	371.684255497	372.776627521	581.012	897.258	1.0924	316.247	-62.95	
493	Spectrogram 1	1	373.177425890	374.662737491	441.275	588.366	1.4853	147.092	-59.56	
494	Spectrogram 1	1	374.780619364	375.660804017	132.382	316.247	0.8802	183.864	-47.32	
495	Spectrogram 1	1	375.700097974	376.148049092	301.538	375.083	0.4480	73.546	-55.18	
496	Spectrogram 1	1	376.896933516	377.769259377	566.302	948.741	0.8723	382.438	-64.01	
497	Spectrogram 1	1	377.179850012	378.319374785	426.566	713.394	1.1395	286.829	-61.11	
498	Spectrogram 1	1	377.871423668	378.083611039	441.275	706.039	0.2122	264.765	-58.75	
499	Spectrogram 1	1	378.649444030	379.120971523	551.593	978.159	0.4715	426.566	-66.34	
500	Spectrogram 1	1	376.818345601	377.635659921	176.510	353.020	0.8173	176.510	-57.70	
501	Spectrogram 1	1	378.397962701	380.936352369	132.382	353.020	2.5384	220.637	-56.59	
502	Spectrogram 1	1	380.559130375	381.808678230	404.502	742.812	1.2495	338.311	-66.51	
503	Spectrogram 1	1	381.911412811	383.302418914	220.637	448.629	1.3910	227.992	-49.52	
504	Spectrogram 1	1	381.832824896	383.215972207	102.964	272.119	1.3831	169.155	-49.39	
505	Spectrogram 1	1	383.011643627	384.261191482	279.474	382.438	1.2495	102.964	-55.14	
506	Spectrogram 1	1	384.174744775	385.369281090	419.211	654.557	1.1945	235.346	-63.13	
507	Spectrogram 1	1	384.929188763	385.785797041	147.092	308.892	0.8566	161.801	-48.40	
508	Spectrogram 1	1	386.170877827	386.697416860	220.637	382.438	0.5265	161.801	-47.06	
509	Spectrogram 1	1	386.029419579	386.218030576	367.729	529.530	0.1886	161.801	-60.21	
510	Spectrogram 1	1	386.931977727	387.191317848	139.737	213.283	0.2593	73.546	-45.78	
511	Spectrogram 1	1	4.963509329	6.464538513	13396.415	21717.170	1.5010	8320.755	-76.47	d
