Selection	View	Channel	Begin Time (s)	End Time (s)	Low Freq (Hz)	High Freq (Hz)	Delta Time (s)	Delta Freq (Hz)	Avg Power Density (dB FS/Hz)	Annotation
1	Spectrogram 1	1	3.739221221	4.156870263	8779.657	11650.317	0.4176	2870.660	-82.69	d
2	Spectrogram 1	1	200.873852438	201.348713677	8613.242	13772.110	0.4749	5158.868	-81.03	d
3	Spectrogram 1	1	251.350535281	251.676644807	3995.223	8987.676	0.3261	4992.453	-87.11	d
4	Spectrogram 1	1	250.572449395	250.772692086	6408.242	7073.902	0.2002	665.660	-80.33	un
5	Spectrogram 1	1	250.795576965	251.018704535	8072.393	10235.789	0.2231	2163.396	-89.76	d
6	Spectrogram 1	1	322.975662905	323.313214871	8322.015	13772.110	0.3376	5450.094	-88.95	d
7	Spectrogram 1	1	326.732146711	327.001044039	7365.129	11691.921	0.2689	4326.792	-92.46	d
8	Spectrogram 1	1	327.550281135	327.796293584	8113.997	10527.015	0.2460	2413.019	-92.64	d
9	Spectrogram 1	1	333.813262784	334.385384759	9320.506	14520.978	0.5721	5200.472	-87.91	d
10	Spectrogram 1	1	333.818984004	334.253796705	7989.185	11317.487	0.4348	3328.302	-89.35	d
11	Spectrogram 1	1	335.071931129	335.375155776	11650.317	13772.110	0.3032	2121.792	-88.26	d
12	Spectrogram 1	1	335.563956027	335.781362378	5368.148	11983.148	0.2174	6615.000	-87.35	d
13	Spectrogram 1	1	366.111215565	366.597519243	9278.902	12482.393	0.4863	3203.491	-89.57	d
14	Spectrogram 1	1	366.603240463	366.866416571	4619.280	9403.714	0.2632	4784.434	-87.75	d
15	Spectrogram 1	1	371.638718816	371.884731265	8634.674	14417.599	0.2460	5782.925	-92.34	d
16	Spectrogram 1	1	376.179009727	376.682477064	7399.168	9812.187	0.5035	2413.019	-89.81	d
17	Spectrogram 1	1	451.263320199	452.556315863	9562.564	16510.395	1.2930	6947.830	-94.92	d
18	Spectrogram 1	1	452.104339502	452.922473926	11517.942	13348.508	0.8181	1830.566	-92.50	d
19	Spectrogram 1	1	453.443306031	454.673368277	9479.357	16760.017	1.2301	7280.660	-92.88	d
20	Spectrogram 1	1	455.580483268	456.884921370	9520.961	17051.244	1.3044	7530.283	-90.78	d
21	Spectrogram 1	1	457.975115393	459.325323254	9562.564	16718.413	1.3502	7155.849	-89.27	d
22	Spectrogram 1	1	458.100982228	458.896231773	11434.734	13015.678	0.7952	1580.943	-86.79	d
23	Spectrogram 1	1	458.833298355	459.136523002	10145.017	10810.678	0.3032	665.660	-91.19	d
24	Spectrogram 1	1	560.315575470	561.871747241	9271.338	16635.206	1.5562	7363.868	-92.05	d
25	Spectrogram 1	1	132.735824169	133.294105001	1088.477	1309.115	0.5583	220.637	-85.64	un
26	Spectrogram 1	1	135.559592439	136.684245131	1081.123	1448.852	1.1247	367.729	-86.53	un
27	Spectrogram 1	1	162.446115018	163.634538253	227.992	330.956	1.1884	102.964	-75.09	
28	Spectrogram 1	1	197.097313085	198.722139493	441.275	573.657	1.6248	132.382	-75.47	
30	Spectrogram 1	1	201.517555984	201.998138443	492.757	566.302	0.4806	73.546	-77.58	
31	Spectrogram 1	1	225.545315186	226.277631313	375.083	507.466	0.7323	132.382	-78.28	
32	Spectrogram 1	1	208.444229377	208.879042077	500.111	676.621	0.4348	176.510	-78.43	
33	Spectrogram 1	1	226.870028568	227.545132498	455.984	558.948	0.6751	102.964	-76.23	
34	Spectrogram 1	1	249.144372349	249.418990897	353.020	588.366	0.2746	235.346	-67.98	un
35	Spectrogram 1	1	250.386787443	250.844485023	294.183	691.330	0.4577	397.147	-70.62	un
36	Spectrogram 1	1	251.928028235	252.282743859	323.601	661.912	0.3547	338.311	-66.44	un
37	Spectrogram 1	1	253.573409687	253.962452630	411.856	676.621	0.3890	264.765	-71.20	un
38	Spectrogram 1	1	255.306840097	255.661555721	316.247	558.948	0.3547	242.701	-63.77	un
39	Spectrogram 1	1	256.988878703	257.389364085	360.374	676.621	0.4005	316.247	-66.86	un
40	Spectrogram 1	1	259.147490199	259.364896549	117.673	191.219	0.2174	73.546	-56.81	un
41	Spectrogram 1	1	259.021623364	259.342011670	345.665	544.239	0.3204	198.574	-63.55	un
42	Spectrogram 1	1	260.957349436	261.254852863	110.319	198.574	0.2975	88.255	-59.78	un
43	Spectrogram 1	1	261.826974838	262.135920704	110.319	227.992	0.3089	117.673	-70.88	un
44	Spectrogram 1	1	261.929956794	262.421981692	389.793	492.757	0.4920	102.964	-79.98	
45	Spectrogram 1	1	263.074200743	263.406031489	404.502	617.785	0.3318	213.283	-51.26	un
46	Spectrogram 1	1	262.937366315	264.001513188	169.155	316.247	1.0641	147.092	-76.08	
47	Spectrogram 1	1	267.429448928	267.875704068	205.928	301.538	0.4463	95.610	-73.22	
48	Spectrogram 1	1	269.580627553	270.736313942	353.020	470.693	1.1557	117.673	-77.51	
49	Spectrogram 1	1	273.526071172	274.281272178	353.020	433.920	0.7552	80.900	-76.57	
50	Spectrogram 1	1	284.981886089	285.874396370	316.247	404.502	0.8925	88.255	-70.25	
51	Spectrogram 1	1	281.591761470	282.541483948	286.829	404.502	0.9497	117.673	-74.53	
52	Spectrogram 1	1	282.747447859	283.468321547	338.311	536.884	0.7209	198.574	-76.61	
53	Spectrogram 1	1	277.789065682	278.395514975	404.502	529.530	0.6064	125.028	-73.20	
54	Spectrogram 1	1	297.232690437	298.239625113	220.637	375.083	1.0069	154.446	-74.03	
55	Spectrogram 1	1	308.688505354	309.306397087	242.701	389.793	0.6179	147.092	-74.64	
56	Spectrogram 1	1	312.990862605	313.517214822	235.346	397.147	0.5264	161.801	-77.28	
57	Spectrogram 1	1	317.012983140	318.157227090	227.992	330.956	1.1442	102.964	-71.45	
58	Spectrogram 1	1	320.670883104	321.231562639	242.701	382.438	0.5607	139.737	-74.79	
59	Spectrogram 1	1	324.975179708	325.570186561	264.765	375.083	0.5950	110.319	-75.43	
60	Spectrogram 1	1	329.100472314	329.718364047	227.992	345.665	0.6179	117.673	-73.17	
61	Spectrogram 1	1	332.592370158	333.164492133	250.056	353.020	0.5721	102.964	-73.95	
62	Spectrogram 1	1	336.800665923	337.258363503	272.119	360.374	0.4577	88.255	-75.18	
63	Spectrogram 1	1	341.232190450	341.598348514	191.219	338.311	0.3662	147.092	-75.05	
64	Spectrogram 1	1	344.081357884	345.156947197	242.701	485.402	1.0756	242.701	-75.70	
65	Spectrogram 1	1	348.550307787	349.156757080	235.346	353.020	0.6064	117.673	-76.67	
66	Spectrogram 1	1	352.200445987	352.864107477	213.283	353.020	0.6637	139.737	-77.15	
67	Spectrogram 1	1	356.148483992	356.434544979	257.410	353.020	0.2861	95.610	-75.62	
68	Spectrogram 1	1	366.627101701	367.634036376	213.283	375.083	1.0069	161.801	-75.05	
69	Spectrogram 1	1	374.505282773	374.825671079	220.637	345.665	0.3204	125.028	-75.25	
70	Spectrogram 1	1	377.777820469	378.498694158	250.056	375.083	0.7209	125.028	-78.74	
71	Spectrogram 1	1	375.213551123	375.774230658	161.801	338.311	0.5607	176.510	-75.68	
72	Spectrogram 1	1	392.325611668	392.806194126	264.765	353.020	0.4806	88.255	-75.66	
73	Spectrogram 1	1	396.146411500	396.821515430	183.864	375.083	0.6751	191.219	-77.06	
74	Spectrogram 1	1	399.682125304	400.254247279	227.992	360.374	0.5721	132.382	-74.03	
75	Spectrogram 1	1	403.383078903	403.863661362	213.283	367.729	0.4806	154.446	-77.47	
76	Spectrogram 1	1	409.207280607	409.859499658	227.992	353.020	0.6522	125.028	-74.53	
77	Spectrogram 1	1	416.672203933	417.152786392	125.028	227.992	0.4806	102.964	-77.09	
78	Spectrogram 1	1	419.143770865	419.693007961	235.346	367.729	0.5492	132.382	-76.91	
79	Spectrogram 1	1	422.887009877	423.459131851	88.255	367.729	0.5721	279.474	-78.78	
80	Spectrogram 1	1	427.954849692	428.332450196	205.928	308.892	0.3776	102.964	-77.76	
81	Spectrogram 1	1	431.479121057	431.925376198	227.992	323.601	0.4463	95.610	-76.58	
82	Spectrogram 1	1	445.233505066	445.828511920	272.119	316.247	0.5950	44.127	-72.17	
83	Spectrogram 1	1	449.569813597	450.050396056	205.928	330.956	0.4806	125.028	-76.35	
84	Spectrogram 1	1	454.334521727	454.860873944	191.219	353.020	0.5264	161.801	-75.99	
85	Spectrogram 1	1	463.656412621	464.285746793	198.574	345.665	0.6293	147.092	-72.58	
86	Spectrogram 1	1	483.425448806	483.791606870	183.864	308.892	0.3662	125.028	-78.53	
87	Spectrogram 1	1	521.926315736	522.361128437	389.793	478.048	0.4348	88.255	-81.82	
88	Spectrogram 1	1	20.197550539	20.781114953	514.820	581.012	0.5836	66.191	-73.05	
89	Spectrogram 1	1	29.902678427	30.943940421	485.402	558.948	1.0413	73.546	-73.25	
90	Spectrogram 1	1	40.719084034	41.703133831	441.275	544.239	0.9840	102.964	-73.37	
91	Spectrogram 1	1	74.476774856	76.078716386	279.474	397.147	1.6019	117.673	-74.20	
92	Spectrogram 1	1	77.795092560	78.699045280	272.119	353.020	0.9040	80.900	-76.38	
93	Spectrogram 1	1	86.572013528	87.132693063	242.701	330.956	0.5607	88.255	-73.91	
