Selection	View	Channel	Begin Time (s)	End Time (s)	Low Freq (Hz)	High Freq (Hz)	Delta Time (s)	Delta Freq (Hz)	Avg Power Density (dB FS/Hz)	Annotation
1	Spectrogram 1	1	8.502148679	9.033532971	165.617	343.065	0.5314	177.448	-60.31	
2	Spectrogram 1	1	11.507791082	13.533693697	283.916	414.044	2.0259	130.128	-50.31	
3	Spectrogram 1	1	13.799385844	14.247741340	721.619	1253.961	0.4484	532.342	-59.16	
4	Spectrogram 1	1	15.692442385	17.236777985	212.937	414.044	1.5443	201.107	-55.42	
5	Spectrogram 1	1	17.402835576	17.784768037	153.788	272.086	0.3819	118.298	-58.37	un
6	Spectrogram 1	1	17.566492851	18.629261436	733.194	981.620	1.0628	248.426	-53.06	
7	Spectrogram 1	1	20.123779759	21.136731066	238.401	384.788	1.0130	146.387	-52.91	
8	Spectrogram 1	1	20.771412627	21.452248751	727.750	840.677	0.6808	112.927	-55.02	
9	Spectrogram 1	1	22.080226733	22.636519664	673.378	907.597	0.5563	234.219	-58.35	
10	Spectrogram 1	1	24.454850290	25.775008141	217.489	330.415	1.3202	112.926	-53.29	
11	Spectrogram 1	1	25.762553822	26.148637722	598.094	665.013	0.3861	66.919	-53.11	
12	Spectrogram 1	1	27.933756829	29.361852115	204.941	351.328	1.4281	146.387	-53.22	
13	Spectrogram 1	1	29.785311264	30.532570425	656.648	727.750	0.7473	71.102	-55.04	
14	Spectrogram 1	1	32.392415449	32.716227752	267.678	351.328	0.3238	83.650	-54.84	
15	Spectrogram 1	1	35.456178010	36.900879055	175.664	288.591	1.4447	112.927	-53.31	
16	Spectrogram 1	1	38.030070676	38.279157063	577.181	748.663	0.2491	171.482	-51.41	un
17	Spectrogram 1	1	39.043033067	40.305070761	192.394	326.233	1.2620	133.839	-52.06	
18	Spectrogram 1	1	42.007161073	43.144655574	602.276	656.648	1.1375	54.372	-54.72	
19	Spectrogram 1	1	42.953689343	43.867006096	204.941	342.963	0.9133	138.022	-52.10	
20	Spectrogram 1	1	47.034563509	48.055817696	173.573	234.219	1.0213	60.646	-50.00	
21	Spectrogram 1	1	49.969631437	50.999188503	204.941	301.138	1.0296	96.197	-47.09	
22	Spectrogram 1	1	53.299086144	54.444883524	514.444	568.816	1.1458	54.372	-51.69	
23	Spectrogram 1	1	53.863681955	54.428277765	255.131	334.598	0.5646	79.467	-49.72	
24	Spectrogram 1	1	57.500354333	58.289127892	179.846	221.671	0.7888	41.825	-45.71	
25	Spectrogram 1	1	60.215395952	60.796597522	464.255	660.831	0.5812	196.576	-50.81	
26	Spectrogram 1	1	60.107458518	61.137015585	255.131	317.868	1.0296	62.737	-53.65	
27	Spectrogram 1	1	60.904534957	61.701611395	184.029	238.401	0.7971	54.372	-53.03	
28	Spectrogram 1	1	63.860368738	65.346584181	476.802	598.094	1.4862	121.292	-52.95	
29	Spectrogram 1	1	64.416661669	65.413007217	209.124	338.780	0.9963	129.656	-51.98	
30	Spectrogram 1	1	67.256257857	68.709261781	376.423	639.918	1.4530	263.495	-52.40	
31	Spectrogram 1	1	68.045031416	69.107800001	138.022	204.941	1.0628	66.919	-51.19	
32	Spectrogram 1	1	70.776678794	71.988899211	204.941	317.868	1.2122	112.927	-51.78	
33	Spectrogram 1	1	71.606966751	71.880961777	372.240	560.451	0.2740	188.211	-49.79	
34	Spectrogram 1	1	74.463157322	75.285142400	230.036	342.963	0.8220	112.927	-51.22	
35	Spectrogram 1	1	74.687335071	76.554943916	390.384	745.279	1.8676	354.895	-56.42	
36	Spectrogram 1	1	78.339734739	79.737038082	378.554	674.300	1.3973	295.746	-54.30	
37	Spectrogram 1	1	80.359366461	81.380924367	165.617	390.384	1.0216	224.767	-53.58	
38	Spectrogram 1	1	82.308545913	82.989584517	378.554	804.428	0.6810	425.874	-57.98	
39	Spectrogram 1	1	84.292951500	85.349735540	165.617	366.724	1.0568	201.107	-55.43	
40	Spectrogram 1	1	85.244057136	86.747038883	295.746	473.193	1.5030	177.447	-52.65	
41	Spectrogram 1	1	88.684479573	89.776489748	248.426	473.193	1.0920	224.767	-53.18	
42	Spectrogram 1	1	90.727595384	91.796121469	165.617	343.065	1.0685	177.448	-55.62	
43	Spectrogram 1	1	90.434044262	90.715853339	402.214	709.789	0.2818	307.575	-51.29	
44	Spectrogram 1	1	93.193424812	93.393039575	425.874	662.470	0.1996	236.596	-53.84	
45	Spectrogram 1	1	94.743374738	95.518349701	177.447	366.724	0.7750	189.277	-53.88	
46	Spectrogram 1	1	95.694480374	97.209204165	224.767	402.214	1.5147	177.447	-50.15	
47	Spectrogram 1	1	99.545877942	101.037117643	189.277	343.065	1.4912	153.788	-47.31	
49	Spectrogram 1	1	104.095920338	105.211414603	130.128	354.895	1.1155	224.767	-52.20	
50	Spectrogram 1	1	104.859153256	105.681096398	189.277	354.895	0.8219	165.618	-49.79	
51	Spectrogram 1	1	106.737887479	107.336731768	153.788	248.426	0.5988	94.638	-54.56	
52	Spectrogram 1	1	108.863197605	110.495341845	153.788	354.895	1.6321	201.107	-46.69	
53	Spectrogram 1	1	108.968876009	109.602946433	343.065	626.981	0.6341	283.916	-59.73	
54	Spectrogram 1	1	111.974839501	113.419111023	177.447	366.724	1.4443	189.277	-43.83	
55	Spectrogram 1	1	113.477821247	114.147117806	212.937	378.554	0.6693	165.617	-54.88	
56	Spectrogram 1	1	116.272427932	117.176565389	153.788	354.895	0.9041	201.107	-48.44	
57	Spectrogram 1	1	116.025844989	116.706883593	141.958	236.596	0.6810	94.638	-55.89	
58	Spectrogram 1	1	118.526900552	119.196197110	177.447	343.065	0.6693	165.618	-52.47	
59	Spectrogram 1	1	119.994656163	121.615058358	141.958	319.405	1.6204	177.447	-43.67	
60	Spectrogram 1	1	122.413526628	123.211985681	224.767	366.724	0.7985	141.957	-54.97	
61	Spectrogram 1	1	123.411600444	125.384263986	130.128	354.895	1.9727	224.767	-45.80	
62	Spectrogram 1	1	127.415637752	128.707262691	153.788	354.895	1.2916	201.107	-51.04	
63	Spectrogram 1	1	131.360964836	133.122271570	130.128	331.235	1.7613	201.107	-44.22	
64	Spectrogram 1	1	134.449122643	135.822941896	201.107	354.895	1.3738	153.788	-48.47	
65	Spectrogram 1	1	134.719189676	135.423712369	136.043	218.852	0.7045	82.809	-50.29	
66	Spectrogram 1	1	137.161539482	138.089161029	201.107	331.235	0.9276	130.128	-52.10	
67	Spectrogram 1	1	138.312259882	139.145945069	165.617	354.895	0.8337	189.278	-48.39	
68	Spectrogram 1	1	140.989446117	142.292813101	118.298	354.895	1.3034	236.597	-52.18	
69	Spectrogram 1	1	143.443532641	144.195023514	118.298	272.086	0.7515	153.788	-54.69	
70	Spectrogram 1	1	144.206765559	145.604068901	130.128	343.065	1.3973	212.937	-45.54	
71	Spectrogram 1	1	145.733231395	146.508206358	236.596	366.724	0.7750	130.128	-51.20	
72	Spectrogram 1	1	148.657000574	149.173650549	153.788	331.235	0.5166	177.447	-48.18	
73	Spectrogram 1	1	149.596364165	150.418307308	236.596	354.895	0.8219	118.299	-53.61	
74	Spectrogram 1	1	151.615995887	153.048525364	130.128	307.575	1.4325	177.447	-49.57	
75	Spectrogram 1	1	154.398863669	155.044676139	189.277	343.065	0.6458	153.788	-52.80	
76	Spectrogram 1	1	155.044676139	156.101460179	141.958	319.405	1.0568	177.447	-44.30	
77	Spectrogram 1	1	158.567289606	159.130907761	189.277	331.235	0.5636	141.958	-54.06	
78	Spectrogram 1	1	159.354006614	159.999819083	189.277	354.895	0.6458	165.618	-50.63	
79	Spectrogram 1	1	161.890288311	163.299333698	94.639	283.916	1.4090	189.277	-46.51	
80	Spectrogram 1	1	164.191729110	164.814057490	212.937	331.235	0.6223	118.298	-52.32	
81	Spectrogram 1	1	164.919735894	166.117424473	141.958	354.895	1.1977	212.937	-49.77	
82	Spectrogram 1	1	168.019642565	168.712423214	153.788	343.065	0.6928	189.277	-55.27	
83	Spectrogram 1	1	169.029458426	169.675270895	165.617	354.895	0.6458	189.278	-50.09	
84	Spectrogram 1	1	170.321083364	170.931669699	153.788	236.596	0.6106	82.808	-53.60	
85	Spectrogram 1	1	171.366125360	173.045237779	94.639	272.086	1.6791	177.447	-46.67	
86	Spectrogram 1	1	174.254668403	175.417130848	130.128	331.235	1.1625	201.107	-46.57	
87	Spectrogram 1	1	176.215589901	176.767466011	212.937	343.065	0.5519	130.128	-52.04	
88	Spectrogram 1	1	178.493546610	179.233295438	141.958	331.235	0.7397	189.277	-52.36	
89	Spectrogram 1	1	180.724542948	181.534744046	236.596	343.065	0.8102	106.469	-50.02	
90	Spectrogram 1	1	181.593454270	183.061209882	106.468	260.256	1.4678	153.788	-44.64	
91	Spectrogram 1	1	184.141478012	184.963421155	141.958	331.235	0.8219	189.277	-46.77	
92	Spectrogram 1	1	187.945900558	188.697391431	141.958	331.235	0.7515	189.277	-50.39	
93	Spectrogram 1	1	189.390175710	189.836373416	236.596	343.065	0.4462	106.469	-55.49	
94	Spectrogram 1	1	190.810963142	192.149556260	106.468	260.256	1.3386	153.788	-46.44	
95	Spectrogram 1	1	193.335502794	194.450997059	141.958	319.405	1.1155	177.447	-47.49	
96	Spectrogram 1	1	197.057731025	197.574381001	201.107	307.575	0.5166	106.468	-47.68	
97	Spectrogram 1	1	200.275057890	201.918944175	94.639	272.086	1.6439	177.447	-47.84	
98	Spectrogram 1	1	202.740887317	203.562830460	141.958	331.235	0.8219	189.277	-46.19	
99	Spectrogram 1	1	208.471005225	209.739146073	70.979	260.256	1.2681	189.277	-46.84	
100	Spectrogram 1	1	210.807677465	211.171680857	106.468	437.703	0.3640	331.235	-51.83	un
101	Spectrogram 1	1	216.244244251	217.524127144	82.809	260.256	1.2799	177.447	-46.24	
102	Spectrogram 1	1	218.604399743	218.944919045	94.639	449.533	0.3405	354.894	-48.33	un
103	Spectrogram 1	1	219.625957649	220.189575804	118.298	212.937	0.5636	94.639	-46.09	
104	Spectrogram 1	1	220.506611016	220.999776901	130.128	212.937	0.4932	82.809	-43.69	
105	Spectrogram 1	1	222.044818897	222.549726827	118.298	449.533	0.5049	331.235	-48.83	un
106	Spectrogram 1	1	225.473496005	225.990145981	124.213	414.044	0.5166	289.831	-47.95	un
107	Spectrogram 1	1	224.170129022	224.686778998	236.596	390.384	0.5166	153.788	-58.94	
108	Spectrogram 1	1	226.530280046	226.870799348	153.788	272.086	0.3405	118.298	-48.78	
109	Spectrogram 1	1	227.399191368	228.549911767	165.617	366.724	1.1507	201.107	-59.94	
110	Spectrogram 1	1	229.583221214	229.947224606	141.958	496.852	0.3640	354.894	-51.30	un
111	Spectrogram 1	1	230.827877973	231.461948397	224.767	343.065	0.6341	118.298	-58.40	
112	Spectrogram 1	1	231.368012038	232.389569944	47.319	165.617	1.0216	118.298	-48.50	un
113	Spectrogram 1	1	223.516368565	224.537926470	35.489	201.107	1.0216	165.618	-50.64	un
114	Spectrogram 1	1	233.297497954	233.626275211	165.617	461.363	0.3288	295.746	-47.30	un
115	Spectrogram 1	1	235.099901845	235.557841596	153.788	248.426	0.4579	94.638	-48.54	
116	Spectrogram 1	1	236.949273916	237.289793218	118.298	579.661	0.3405	461.363	-47.45	un
117	Spectrogram 1	1	238.182188629	239.238972670	201.107	343.065	1.0568	141.958	-56.97	
118	Spectrogram 1	1	241.094215763	241.399508930	141.958	437.703	0.3053	295.745	-48.13	un
119	Spectrogram 1	1	241.599123693	242.244936162	212.937	343.065	0.6458	130.128	-59.27	
120	Spectrogram 1	1	245.544450777	245.873228034	130.128	366.724	0.3288	236.596	-50.84	un
121	Spectrogram 1	1	249.783336246	250.170823727	177.447	437.703	0.3875	260.256	-47.19	un
122	Spectrogram 1	1	252.789299738	253.141561085	118.298	461.363	0.3523	343.065	-47.13	un
123	Spectrogram 1	1	250.851862331	251.274575947	118.298	236.596	0.4227	118.298	-46.12	
124	Spectrogram 1	1	254.820673505	255.313839390	201.107	343.065	0.4932	141.958	-57.20	
125	Spectrogram 1	1	257.075146124	257.486117695	153.788	461.363	0.4110	307.575	-47.81	un
126	Spectrogram 1	1	258.155420259	259.024331581	153.788	295.746	0.8689	141.958	-59.87	
127	Spectrogram 1	1	260.644733776	260.973511033	94.639	425.874	0.3288	331.235	-50.08	un
128	Spectrogram 1	1	263.075337069	263.967732481	23.660	189.277	0.8924	165.617	-49.21	un
129	Spectrogram 1	1	265.552908542	265.952138068	106.468	414.044	0.3992	307.576	-49.73	un
130	Spectrogram 1	1	266.597950537	267.079374378	118.298	260.256	0.4814	141.958	-49.08	
131	Spectrogram 1	1	268.664553989	269.110751695	118.298	461.363	0.4462	343.065	-48.35	un
132	Spectrogram 1	1	269.181203964	269.909210748	248.426	343.065	0.7280	94.639	-59.48	
133	Spectrogram 1	1	272.562912893	273.091304914	118.298	485.023	0.5284	366.725	-48.63	un
134	Spectrogram 1	1	273.678407158	274.183315089	141.958	260.256	0.5049	118.298	-49.12	
135	Spectrogram 1	1	275.510166162	275.897653643	106.468	496.852	0.3875	390.384	-48.29	un
136	Spectrogram 1	1	277.459345614	278.386967160	23.660	212.937	0.9276	189.277	-49.00	un
137	Spectrogram 1	1	277.975995589	278.692260328	224.767	343.065	0.7163	118.298	-55.19	
138	Spectrogram 1	1	278.363483071	278.610066013	520.512	1951.921	0.2466	1431.409	-56.80	un
139	Spectrogram 1	1	280.136531849	280.594471600	82.809	425.874	0.4579	343.065	-48.65	un
140	Spectrogram 1	1	282.261840139	282.719779889	236.596	366.724	0.4579	130.128	-57.19	
141	Spectrogram 1	1	284.187535501	284.774637746	118.298	579.661	0.5871	461.363	-56.76	un
142	Spectrogram 1	1	286.160199043	287.627954655	0.000	224.767	1.4678	224.767	-50.65	un
143	Spectrogram 1	1	288.766934605	289.083969817	118.298	449.533	0.3170	331.235	-46.51	un
144	Spectrogram 1	1	291.714187873	292.148643534	94.639	473.193	0.4345	378.554	-49.28	un
145	Spectrogram 1	1	293.228911664	294.602730917	11.830	212.937	1.3738	201.107	-50.62	un
146	Spectrogram 1	1	295.682999047	296.152680843	94.639	461.363	0.4697	366.724	-48.50	un
147	Spectrogram 1	1	296.763267177	297.021592165	201.107	295.746	0.2583	94.639	-51.71	
148	Spectrogram 1	1	298.442379597	299.064707976	94.639	496.852	0.6223	402.213	-47.61	un
149	Spectrogram 1	1	299.992329850	301.025629800	0.000	201.107	1.0333	201.107	-50.35	un
150	Spectrogram 1	1	302.317254738	302.716484265	118.298	532.342	0.3992	414.044	-50.50	un
151	Spectrogram 1	1	306.967104516	307.260655638	130.128	473.193	0.2936	343.065	-51.53	un
152	Spectrogram 1	1	309.174608550	310.160940321	11.830	153.788	0.9863	141.958	-46.84	un
153	Spectrogram 1	1	311.499533439	311.945731145	130.128	461.363	0.4462	331.235	-47.06	un
154	Spectrogram 1	1	312.591543614	313.131677679	130.128	248.426	0.5401	118.298	-48.87	
155	Spectrogram 1	1	314.364592393	314.846016234	141.958	461.363	0.4814	319.405	-49.35	un
156	Spectrogram 1	1	316.525128653	317.276619527	35.489	201.107	0.7515	165.618	-49.12	un
157	Spectrogram 1	1	318.720896007	319.108383488	130.128	449.533	0.3875	319.405	-46.95	un
158	Spectrogram 1	1	319.589807329	320.059489125	130.128	283.916	0.4697	153.788	-50.12	
159	Spectrogram 1	1	320.517428876	321.034078851	130.128	236.596	0.5166	106.468	-49.25	
160	Spectrogram 1	1	322.208283340	322.630996956	141.958	496.852	0.4227	354.894	-51.38	un
161	Spectrogram 1	1	326.388451322	326.858133118	118.298	449.533	0.4697	331.235	-47.81	un
162	Spectrogram 1	1	327.468719452	327.950143293	141.958	236.596	0.4814	94.638	-48.94	
163	Spectrogram 1	1	330.134163643	330.826944292	697.959	828.087	0.6928	130.128	-58.67	
164	Spectrogram 1	1	330.873912471	331.179205638	130.128	532.342	0.3053	402.214	-52.33	un
165	Spectrogram 1	1	333.010964642	334.290847535	35.489	177.447	1.2799	141.958	-47.88	un
166	Spectrogram 1	1	335.523770349	335.840805561	59.149	449.533	0.3170	390.384	-47.29	un
167	Spectrogram 1	1	335.465060124	336.369197581	686.130	851.747	0.9041	165.617	-58.45	
168	Spectrogram 1	1	339.046383816	339.316450849	106.468	437.703	0.2701	331.235	-46.44	un
169	Spectrogram 1	1	338.729348604	339.938779228	662.470	863.577	1.2094	201.107	-59.74	
170	Spectrogram 1	1	343.707975639	344.013268806	94.639	449.533	0.3053	354.894	-48.95	un
171	Spectrogram 1	1	344.435982422	344.846953994	130.128	236.596	0.4110	106.468	-51.43	
172	Spectrogram 1	1	345.128763071	345.539734642	153.788	248.426	0.4110	94.638	-53.40	
173	Spectrogram 1	1	346.162063022	347.899885666	603.321	851.747	1.7378	248.426	-58.28	
174	Spectrogram 1	1	349.508555033	350.858890196	626.981	804.428	1.3503	177.447	-57.37	
175	Spectrogram 1	1	353.348203713	354.498924112	130.128	283.916	1.1507	153.788	-57.01	
176	Spectrogram 1	1	357.610566009	358.491219376	556.002	875.407	0.8807	319.405	-56.55	
177	Spectrogram 1	1	356.506813789	357.727986458	141.958	307.575	1.2212	165.617	-58.07	
178	Spectrogram 1	1	361.027501073	361.861186260	603.321	804.428	0.8337	201.107	-56.14	
179	Spectrogram 1	1	366.194009903	367.121631450	141.958	260.256	0.9276	118.298	-57.06	
180	Spectrogram 1	1	369.646171102	371.149152848	615.151	733.449	1.5030	118.298	-56.32	
181	Spectrogram 1	1	373.039622076	374.589572002	615.151	780.768	1.5499	165.617	-55.94	
182	Spectrogram 1	1	382.891203187	384.300248575	544.172	816.258	1.4090	272.086	-57.19	
183	Spectrogram 1	1	386.132007578	387.952024536	579.661	828.087	1.8200	248.426	-56.86	
184	Spectrogram 1	1	393.271180369	395.232101866	544.172	851.747	1.9609	307.575	-57.07	
185	Spectrogram 1	1	396.899472241	398.872135783	473.193	851.747	1.9727	378.554	-60.18	
186	Spectrogram 1	1	401.972035635	402.852689002	544.172	816.258	0.8807	272.086	-56.87	
187	Spectrogram 1	1	406.434022190	408.312749373	532.342	674.300	1.8787	141.958	-57.74	
188	Spectrogram 1	1	408.594558450	410.191476556	414.044	709.789	1.5969	295.745	-52.91	
189	Spectrogram 1	1	411.001677654	411.764910572	532.342	650.640	0.7632	118.298	-60.65	
190	Spectrogram 1	1	415.604559252	416.273855811	473.193	615.151	0.6693	141.958	-56.90	
191	Spectrogram 1	1	420.360092600	422.097915244	437.703	579.661	1.7378	141.958	-53.90	
192	Spectrogram 1	1	418.528333597	419.420729009	425.874	686.130	0.8924	260.256	-55.44	
193	Spectrogram 1	1	423.929674248	424.575486717	520.512	626.981	0.6458	106.469	-59.12	
194	Spectrogram 1	1	424.458066268	426.172404822	414.044	544.172	1.7143	130.128	-53.99	
195	Spectrogram 1	1	429.530637761	431.491559259	366.724	792.598	1.9609	425.874	-53.12	un
196	Spectrogram 1	1	433.229381903	435.319465894	402.214	780.768	2.0901	378.554	-52.40	un
197	Spectrogram 1	1	439.276535023	440.227640659	331.235	780.768	0.9511	449.533	-51.14	un
198	Spectrogram 1	1	437.292129436	438.795111182	366.724	496.852	1.5030	130.128	-53.22	
199	Spectrogram 1	1	441.319656560	442.082889478	378.554	473.193	0.7632	94.639	-53.66	
200	Spectrogram 1	1	445.394146137	447.308099455	354.895	496.852	1.9140	141.957	-54.69	
201	Spectrogram 1	1	442.552571273	442.822638306	94.639	508.682	0.2701	414.043	-53.01	un
202	Spectrogram 1	1	443.080963294	443.315804191	165.617	650.640	0.2348	485.023	-51.84	un
203	Spectrogram 1	1	444.208199603	444.396072322	201.107	615.151	0.1879	414.044	-55.44	un
204	Spectrogram 1	1	444.983174566	445.135821150	343.065	674.300	0.1526	331.235	-51.30	un
205	Spectrogram 1	1	449.633029511	451.053816943	390.384	721.619	1.4208	331.235	-47.02	un
206	Spectrogram 1	1	453.566614550	455.151790611	402.214	851.747	1.5852	449.533	-50.56	un
207	Spectrogram 1	1	449.057669311	449.750449960	378.554	473.193	0.6928	94.639	-51.19	
208	Spectrogram 1	1	456.067670112	457.758524577	378.554	496.852	1.6909	118.298	-54.27	
209	Spectrogram 1	1	459.050149515	459.789898343	378.554	757.109	0.7397	378.555	-49.63	un
210	Spectrogram 1	1	460.177392807	461.069788219	272.086	414.044	0.8924	141.958	-53.61	
211	Spectrogram 1	1	461.621664329	461.856505227	141.958	473.193	0.2348	331.235	-51.43	un
212	Spectrogram 1	1	462.009151811	462.290960888	212.937	520.512	0.2818	307.575	-49.82	un
213	Spectrogram 1	1	462.748900639	463.042451761	118.298	473.193	0.2936	354.895	-52.62	un
214	Spectrogram 1	1	463.300776749	463.617811961	106.468	520.512	0.3170	414.044	-50.11	un
215	Spectrogram 1	1	464.592401687	464.862468720	165.617	402.214	0.2701	236.597	-50.55	un
216	Spectrogram 1	1	465.543507323	465.754864131	177.447	508.682	0.2114	331.235	-50.79	un
217	Spectrogram 1	1	469.430124183	470.921363884	331.235	721.619	1.4912	390.384	-46.55	un
218	Spectrogram 1	1	468.068046975	469.782387206	272.086	437.703	1.7143	165.617	-54.84	
219	Spectrogram 1	1	473.140612045	474.761014240	425.874	674.300	1.6204	248.426	-45.85	un
220	Spectrogram 1	1	471.778534837	473.046675686	248.426	425.874	1.2681	177.448	-56.14	
221	Spectrogram 1	1	476.275747109	476.710202770	248.426	390.384	0.4345	141.958	-53.23	
222	Spectrogram 1	1	478.588929953	479.481325364	402.214	709.789	0.8924	307.575	-44.11	un
223	Spectrogram 1	1	488.264374944	489.544257838	437.703	733.449	1.2799	295.746	-49.01	un
224	Spectrogram 1	1	479.680940128	481.148695739	201.107	366.724	1.4678	165.617	-52.16	
225	Spectrogram 1	1	481.735797984	481.923670702	366.724	745.279	0.1879	378.555	-55.17	un
226	Spectrogram 1	1	483.003938832	483.203553595	248.426	591.491	0.1996	343.065	-54.10	un
227	Spectrogram 1	1	483.414910404	484.518662624	224.767	366.724	1.1038	141.957	-53.21	
228	Spectrogram 1	1	484.377758085	484.636083072	366.724	674.300	0.2583	307.576	-53.18	un
229	Spectrogram 1	1	487.548110206	488.158696540	236.596	390.384	0.6106	153.788	-52.36	
230	Spectrogram 1	1	491.716545360	493.524820273	496.852	697.959	1.8083	201.107	-51.46	un
231	Spectrogram 1	1	491.141185160	491.728287405	236.596	343.065	0.5871	106.469	-52.71	
232	Spectrogram 1	1	491.704803315	493.031654388	177.447	295.746	1.3269	118.299	-54.45	
233	Spectrogram 1	1	494.945607705	496.002391746	201.107	343.065	1.0568	141.958	-53.15	
234	Spectrogram 1	1	497.704988255	498.515189353	485.023	686.130	0.8102	201.107	-50.70	un
235	Spectrogram 1	1	498.350800724	499.125775687	236.596	390.384	0.7750	153.788	-55.45	
236	Spectrogram 1	1	500.918312940	502.444778776	130.128	295.746	1.5265	165.618	-53.42	
237	Spectrogram 1	1	504.521129413	505.666926794	167.299	334.598	1.1458	167.299	-51.97	
238	Spectrogram 1	1	509.104318935	510.216904797	526.992	878.319	1.1126	351.327	-54.61	un
239	Spectrogram 1	1	512.840614741	513.571268143	619.006	844.860	0.7307	225.854	-55.94	un
240	Spectrogram 1	1	517.855554001	518.486572848	485.167	878.319	0.6310	393.152	-55.57	un
241	Spectrogram 1	1	508.738992234	509.403222600	284.408	443.342	0.6642	158.934	-56.97	
242	Spectrogram 1	1	513.039883851	513.936594844	217.489	309.503	0.8967	92.014	-56.37	
243	Spectrogram 1	1	514.816700079	515.796439868	192.394	334.598	0.9797	142.204	-52.26	
244	Spectrogram 1	1	529.064436896	529.695455743	1246.377	1597.705	0.6310	351.328	-58.25	un
245	Spectrogram 1	1	532.667886629	533.315511236	1254.742	1572.610	0.6476	317.868	-60.65	un
246	Spectrogram 1	1	537.649614370	538.097969867	1187.822	1731.544	0.4484	543.722	-55.71	un
247	Spectrogram 1	1	518.934923822	519.582548429	175.664	418.247	0.6476	242.583	-57.49	
248	Spectrogram 1	1	521.774508635	522.604796592	158.934	267.678	0.8303	108.744	-50.99	
249	Spectrogram 1	1	523.900045804	525.079054703	175.664	309.503	1.1790	133.839	-54.45	
250	Spectrogram 1	1	525.610438996	526.639996062	200.759	342.963	1.0296	142.204	-50.79	
251	Spectrogram 1	1	527.337437946	528.350389253	175.664	292.773	1.0130	117.109	-53.67	
252	Spectrogram 1	1	529.595821189	530.409503386	209.124	351.328	0.8137	142.204	-51.87	
253	Spectrogram 1	1	532.153108096	532.651280870	150.569	259.313	0.4982	108.744	-55.94	
254	Spectrogram 1	1	534.461308616	535.590500237	184.029	276.043	1.1292	92.014	-50.40	
255	Spectrogram 1	1	535.756557829	536.952172487	192.394	292.773	1.1956	100.379	-50.57	
256	Spectrogram 1	1	537.732643166	538.812017510	225.854	342.963	1.0794	117.109	-53.25	
257	Spectrogram 1	1	540.256718555	541.053794994	209.124	359.693	0.7971	150.569	-52.30	
258	Spectrogram 1	1	541.468926549	542.382243301	200.759	317.868	0.9133	117.109	-56.52	
259	Spectrogram 1	1	543.926578901	545.321462669	167.299	284.408	1.3949	117.109	-54.09	
260	Spectrogram 1	1	546.035510312	546.849192509	1204.552	1572.610	0.8137	368.058	-57.32	un
261	Spectrogram 1	1	549.389873658	550.020892505	1271.472	1639.530	0.6310	368.058	-57.77	un
262	Spectrogram 1	1	554.288572603	554.919591450	1212.917	1614.435	0.6310	401.518	-56.85	un
263	Spectrogram 1	1	546.035510312	546.982038583	175.664	317.868	0.9465	142.204	-52.86	
264	Spectrogram 1	1	546.932221305	548.244076277	209.124	317.868	1.3119	108.744	-53.97	
265	Spectrogram 1	1	549.904652191	550.701728629	167.299	342.963	0.7971	175.664	-54.56	
266	Spectrogram 1	1	550.502459520	551.266324440	259.313	342.963	0.7639	83.650	-53.73	
267	Spectrogram 1	1	552.794054281	554.122515012	167.299	301.138	1.3285	133.839	-54.45	
268	Spectrogram 1	1	555.633639093	556.746224956	217.489	301.138	1.1126	83.649	-51.36	
269	Spectrogram 1	1	556.646590401	557.327426525	217.489	334.598	0.6808	117.109	-50.64	
270	Spectrogram 1	1	560.200222856	560.764818667	242.583	334.598	0.5646	92.015	-50.53	
271	Spectrogram 1	1	562.707684501	564.135779787	175.664	309.503	1.4281	133.839	-54.90	
272	Spectrogram 1	1	565.397817481	566.759489731	175.664	342.963	1.3617	167.299	-53.22	
273	Spectrogram 1	1	567.888681352	568.436671403	1313.297	1547.515	0.5480	234.218	-57.55	un
274	Spectrogram 1	1	571.292861975	571.940486582	1221.282	1463.866	0.6476	242.584	-57.20	un
275	Spectrogram 1	1	576.407435790	577.005243119	1229.647	1522.420	0.5978	292.773	-57.73	un
276	Spectrogram 1	1	568.801998104	570.279910668	175.664	342.963	1.4779	167.299	-57.45	
277	Spectrogram 1	1	573.385187627	574.431350452	192.394	351.328	1.0462	158.934	-55.84	
278	Spectrogram 1	1	576.390830030	577.088271914	309.503	384.788	0.6974	75.285	-51.18	
279	Spectrogram 1	1	578.898299660	579.612347303	250.948	334.598	0.7140	83.650	-51.84	
280	Spectrogram 1	1	584.677092952	585.673438500	184.029	317.868	0.9963	133.839	-54.25	
281	Spectrogram 1	1	586.188217033	587.134745304	167.299	284.408	0.9465	117.109	-53.23	
282	Spectrogram 1	1	587.782369910	588.496417553	276.043	359.693	0.7140	83.650	-52.01	
283	Spectrogram 1	1	590.240022263	590.920858387	192.394	301.138	0.6808	108.744	-53.91	
284	Spectrogram 1	1	591.435636921	592.182896082	276.043	384.788	0.7473	108.745	-53.09	
285	Spectrogram 1	1	592.979972521	593.727231682	1162.728	1664.624	0.7473	501.896	-55.68	un
286	Spectrogram 1	1	596.516999217	597.280864137	1212.917	1438.771	0.7639	225.854	-59.88	un
287	Spectrogram 1	1	594.358250529	594.922846340	309.503	401.517	0.5646	92.014	-51.80	
288	Spectrogram 1	1	596.284518589	597.463527488	150.569	342.963	1.1790	192.394	-52.60	
289	Spectrogram 1	1	598.028123298	598.625930627	292.773	376.423	0.5978	83.650	-52.57	
290	Spectrogram 1	1	600.834496593	601.349275126	326.233	409.882	0.5148	83.649	-53.74	
291	Spectrogram 1	1	601.190747803	601.683913689	1179.458	1522.420	0.4932	342.962	-57.84	
292	Spectrogram 1	1	604.795555585	605.241753291	317.868	376.423	0.4462	58.555	-51.34	
293	Spectrogram 1	1	605.969760075	607.226158878	158.934	284.408	1.2564	125.474	-53.58	
294	Spectrogram 1	1	608.071584542	608.729139056	284.408	393.153	0.6576	108.745	-51.14	
295	Spectrogram 1	1	610.349541251	610.748770777	234.219	309.503	0.3992	75.284	-54.78	
296	Spectrogram 1	1	606.967832322	607.120478905	1572.610	1873.748	0.1526	301.138	-57.14	un
297	Spectrogram 1	1	606.662539155	606.932606187	2685.148	2952.826	0.2701	267.678	-63.19	un
298	Spectrogram 1	1	608.059842497	608.318167485	1606.070	1823.558	0.2583	217.488	-62.25	un
299	Spectrogram 1	1	613.061953621	613.285052474	1313.297	1873.748	0.2231	560.451	-59.35	un
300	Spectrogram 1	1	616.467146640	617.148185244	1137.633	1497.325	0.6810	359.692	-61.72	
301	Spectrogram 1	1	619.273495370	620.318537365	1647.895	1915.573	1.0450	267.678	-61.34	
302	Spectrogram 1	1	612.275236614	612.815370679	309.503	401.517	0.5401	92.014	-55.66	
303	Spectrogram 1	1	613.355504744	614.095253572	108.744	192.394	0.7397	83.650	-55.95	
304	Spectrogram 1	1	615.081585343	615.633461453	301.138	426.612	0.5519	125.474	-54.31	
305	Spectrogram 1	1	616.279273922	617.112959109	200.759	317.868	0.8337	117.109	-49.16	
306	Spectrogram 1	1	618.381099958	619.120848786	292.773	434.977	0.7397	142.204	-53.76	
307	Spectrogram 1	1	620.424218912	621.081773426	200.759	309.503	0.6576	108.744	-55.56	
308	Spectrogram 1	1	621.316614324	621.856748389	1304.932	2225.076	0.5401	920.144	-63.43	un
309	Spectrogram 1	1	621.293130234	621.903716569	250.948	409.882	0.6106	158.934	-55.05	
310	Spectrogram 1	1	624.757033478	625.074068690	961.969	1848.653	0.3170	886.684	-59.30	un
311	Spectrogram 1	1	625.097552780	626.964537918	317.868	501.897	1.8670	184.029	-59.83	
312	Spectrogram 1	1	628.150484452	628.714102607	1145.998	1254.742	0.5636	108.744	-56.55	
313	Spectrogram 1	1	630.170116174	630.815928643	200.759	317.868	0.6458	117.109	-50.20	
314	Spectrogram 1	1	631.285617421	631.849235576	1455.501	1555.880	0.5636	100.379	-58.69	
315	Spectrogram 1	1	633.035182110	633.516605951	326.233	418.247	0.4814	92.014	-54.74	
316	Spectrogram 1	1	633.645768444	633.868867297	1530.785	1857.018	0.2231	326.233	-58.64	un
317	Spectrogram 1	1	637.003993284	637.180123957	1120.903	2208.346	0.1761	1087.443	-61.50	un
318	Spectrogram 1	1	635.160492236	635.700626301	234.219	317.868	0.5401	83.649	-53.61	
319	Spectrogram 1	1	638.213423908	639.352402262	301.138	409.882	1.1390	108.744	-59.42	
320	Spectrogram 1	1	640.573574931	641.301581715	1104.173	1380.216	0.7280	276.043	-57.31	
321	Spectrogram 1	1	643.955283860	644.248834983	970.334	2216.711	0.2936	1246.377	-59.88	un
322	Spectrogram 1	1	640.855384009	641.360291939	158.934	225.854	0.5049	66.920	-57.43	
323	Spectrogram 1	1	641.724295331	642.252687351	125.474	209.124	0.5284	83.650	-55.88	
324	Spectrogram 1	1	644.648073028	645.106012779	209.124	342.963	0.4579	133.839	-52.95	
325	Spectrogram 1	1	646.021892280	646.597252480	334.598	476.802	0.5754	142.204	-57.84	
326	Spectrogram 1	1	647.501389937	647.701004700	1622.800	2158.156	0.1996	535.356	-56.13	un
327	Spectrogram 1	1	650.014187544	650.871356821	1112.538	1271.472	0.8572	158.934	-60.58	
328	Spectrogram 1	1	648.546431932	649.098308042	200.759	292.773	0.5519	92.014	-59.03	
329	Spectrogram 1	1	649.356633030	650.025929589	292.773	393.153	0.6693	100.380	-52.76	
330	Spectrogram 1	1	652.926214677	653.254991934	1263.107	1338.392	0.3288	75.285	-58.07	
331	Spectrogram 1	1	653.548543057	654.147387346	1279.837	1388.581	0.5988	108.744	-64.36	
332	Spectrogram 1	1	653.161055575	655.133719117	167.299	434.977	1.9727	267.678	-55.68	
333	Spectrogram 1	1	656.026114529	656.331407696	1137.633	2241.806	0.3053	1104.173	-63.10	un
334	Spectrogram 1	1	658.104460106	658.738530530	167.299	301.138	0.6341	133.839	-50.71	
335	Spectrogram 1	1	659.595699807	659.842282750	1112.538	1873.748	0.2466	761.210	-61.83	un
336	Spectrogram 1	1	659.807056616	660.300222501	292.773	376.423	0.4932	83.650	-55.84	
337	Spectrogram 1	1	661.310038362	663.306185994	184.029	426.612	1.9961	242.583	-57.66	
338	Spectrogram 1	1	663.212249635	664.128129136	1129.268	1371.851	0.9159	242.583	-61.04	
339	Spectrogram 1	1	663.863942203	664.439302403	292.773	430.795	0.5754	138.022	-55.30	
340	Spectrogram 1	1	664.762208638	665.748540409	250.948	384.788	0.9863	133.840	-60.77	
341	Spectrogram 1	1	670.327937917	670.950266296	309.503	384.788	0.6223	75.285	-51.86	
342	Spectrogram 1	1	672.840735524	674.014940013	217.489	359.693	1.1742	142.204	-59.91	
343	Spectrogram 1	1	675.271338817	675.834956972	1129.268	1371.851	0.5636	242.583	-63.40	
344	Spectrogram 1	1	676.116766049	676.915225102	292.773	393.153	0.7985	100.380	-60.83	
345	Spectrogram 1	1	678.171623905	678.782210240	752.845	819.765	0.6106	66.920	-58.52	
346	Spectrogram 1	1	681.917345303	682.445737324	317.868	384.788	0.5284	66.920	-55.03	
347	Spectrogram 1	1	683.173744107	683.596457723	619.006	895.049	0.4227	276.043	-54.31	
348	Spectrogram 1	1	683.983945205	685.439958771	167.299	351.328	1.4560	184.029	-55.83	
349	Spectrogram 1	1	686.989908697	688.187597276	660.831	786.305	1.1977	125.474	-52.48	
350	Spectrogram 1	1	690.418585806	691.158334634	535.357	644.101	0.7397	108.744	-58.11	
351	Spectrogram 1	1	696.360068203	697.733887455	560.451	669.196	1.3738	108.745	-51.83	
352	Spectrogram 1	1	695.115411444	696.360068203	192.394	309.503	1.2447	117.109	-59.85	
353	Spectrogram 1	1	699.823971446	700.904239576	552.086	652.466	1.0803	100.380	-52.18	
354	Spectrogram 1	1	702.571609951	703.064775837	209.124	384.788	0.4932	175.664	-61.05	
355	Spectrogram 1	1	698.450152194	699.025512393	267.678	368.058	0.5754	100.380	-61.90	
356	Spectrogram 1	1	704.473821224	705.060923468	476.802	627.371	0.5871	150.569	-59.14	
357	Spectrogram 1	1	705.401442770	706.293838182	192.394	292.773	0.8924	100.379	-57.70	
358	Spectrogram 1	1	708.325220048	709.675555211	518.627	627.371	1.3503	108.744	-47.66	
359	Spectrogram 1	1	711.636476708	712.646292569	485.167	635.736	1.0098	150.569	-51.29	
360	Spectrogram 1	1	719.268805889	721.006628533	543.722	627.371	1.7378	83.649	-45.85	
361	Spectrogram 1	1	716.121937857	716.438973069	468.437	560.451	0.3170	92.014	-54.27	
362	Spectrogram 1	1	722.509614608	723.566398649	485.167	610.641	1.0568	125.474	-51.02	
363	Spectrogram 1	1	720.090753360	721.206247625	309.503	451.707	1.1155	142.204	-56.70	
364	Spectrogram 1	1	725.210289263	725.597776744	434.977	543.722	0.3875	108.745	-57.33	
365	Spectrogram 1	1	726.877659637	727.241663029	476.802	844.860	0.3640	368.058	-55.28	
366	Spectrogram 1	1	726.795465323	727.993153902	133.839	292.773	1.1977	158.934	-60.88	
367	Spectrogram 1	1	730.059753803	731.774092358	443.342	593.911	1.7143	150.569	-49.05	
368	Spectrogram 1	1	733.382752508	735.191027422	426.612	619.006	1.8083	192.394	-52.65	
369	Spectrogram 1	1	738.384873129	738.584487892	426.612	861.590	0.1996	434.978	-53.64	
370	Spectrogram 1	1	738.948491284	740.815476422	234.219	376.423	1.8670	142.204	-61.75	
371	Spectrogram 1	1	741.296900262	743.692277420	418.247	560.451	2.3954	142.204	-53.94	
372	Spectrogram 1	1	742.435878617	743.856666049	250.948	376.423	1.4208	125.475	-58.88	
373	Spectrogram 1	1	744.854739865	746.275527297	434.977	568.816	1.4208	133.839	-51.91	
374	Spectrogram 1	1	746.486884105	747.238374978	401.517	577.181	0.7515	175.664	-59.10	
375	Spectrogram 1	1	747.062244305	747.895929492	167.299	292.773	0.8337	125.474	-59.87	
376	Spectrogram 1	1	748.940971488	749.457621463	401.517	702.656	0.5166	301.139	-52.91	
377	Spectrogram 1	1	750.138660067	750.561373683	292.773	351.328	0.4227	58.555	-54.87	
378	Spectrogram 1	1	750.443953234	751.571189544	242.583	301.138	1.1272	58.555	-56.75	
379	Spectrogram 1	1	751.876492207	753.226827370	393.153	577.181	1.3503	184.028	-52.50	
380	Spectrogram 1	1	753.332505774	754.847229565	209.124	426.612	1.5147	217.488	-61.06	
381	Spectrogram 1	1	753.590830761	754.013544377	434.977	711.020	0.4227	276.043	-51.19	
382	Spectrogram 1	1	755.657430663	756.408921536	401.517	476.802	0.7515	75.285	-53.59	
383	Spectrogram 1	1	756.608536299	757.195638544	401.517	619.006	0.5871	217.489	-50.78	
384	Spectrogram 1	1	757.594868070	758.581199841	401.517	535.357	0.9863	133.840	-56.01	
385	Spectrogram 1	1	757.841451013	759.191786175	125.474	342.963	1.3503	217.489	-59.52	
386	Spectrogram 1	1	759.731920240	760.119407722	376.423	585.546	0.3875	209.123	-50.48	
387	Spectrogram 1	1	760.694767922	761.234901987	225.854	342.963	0.5401	117.109	-56.92	
388	Spectrogram 1	1	762.150781488	763.442406427	376.423	485.167	1.2916	108.744	-49.65	
389	Spectrogram 1	1	764.393512063	765.027582487	217.489	334.598	0.6341	117.109	-56.97	
390	Spectrogram 1	1	765.356359744	767.105924433	317.868	501.897	1.7496	184.029	-54.08	
391	Spectrogram 1	1	768.761552486	769.924014931	309.503	468.437	1.1625	158.934	-54.71	
392	Spectrogram 1	1	768.385807050	768.937683160	200.759	301.138	0.5519	100.379	-56.88	
393	Spectrogram 1	1	770.440664906	770.828152388	368.058	652.466	0.3875	284.408	-51.49	
394	Spectrogram 1	1	773.059140917	774.573864708	292.773	451.707	1.5147	158.934	-51.83	
395	Spectrogram 1	1	776.769627103	777.626796381	250.948	368.058	0.8572	117.110	-51.17	
396	Spectrogram 1	1	776.980983912	778.460481568	368.058	552.086	1.4795	184.028	-58.55	
397	Spectrogram 1	1	780.574049649	781.419476881	359.693	501.897	0.8454	142.204	-54.42	
398	Spectrogram 1	1	783.838347346	785.106488194	267.678	376.423	1.2681	108.745	-48.13	
399	Spectrogram 1	1	787.501865353	788.488197124	225.854	342.963	0.9863	117.109	-45.60	
400	Spectrogram 1	1	789.145751638	789.862016376	351.328	468.437	0.7163	117.109	-58.99	
401	Spectrogram 1	1	792.386556028	792.821011689	259.313	368.058	0.4345	108.745	-47.93	
402	Spectrogram 1	1	799.279140430	800.347666515	167.299	309.503	1.0685	142.204	-47.87	
403	Spectrogram 1	1	795.744780867	796.778080818	192.394	351.328	1.0333	158.934	-48.62	
404	Spectrogram 1	1	800.054115393	801.052189209	376.423	468.437	0.9981	92.014	-57.19	
405	Spectrogram 1	1	803.318403873	803.940732253	209.124	342.963	0.6223	133.839	-50.74	
406	Spectrogram 1	1	803.823320602	804.492617160	359.693	443.342	0.6693	83.649	-56.29	
407	Spectrogram 1	1	806.805800004	808.109166988	158.934	301.138	1.3034	142.204	-46.24	
408	Spectrogram 1	1	810.128798709	811.150356615	175.664	317.868	1.0216	142.204	-46.13	
409	Spectrogram 1	1	812.359787239	813.698380357	284.408	409.882	1.3386	125.474	-51.58	
410	Spectrogram 1	1	814.590775768	815.001747340	192.394	326.233	0.4110	133.839	-50.36	
411	Spectrogram 1	1	816.586923400	818.430424449	184.029	368.058	1.8435	184.029	-48.91	
412	Spectrogram 1	1	820.297418943	821.342460938	158.934	317.868	1.0450	158.934	-45.45	
413	Spectrogram 1	1	823.884613658	824.489328970	167.299	301.138	0.6047	133.839	-49.43	
414	Spectrogram 1	1	824.630233508	825.369982337	250.948	359.693	0.7397	108.745	-53.87	
415	Spectrogram 1	1	829.855443486	830.982679796	150.569	351.328	1.1272	200.759	-46.59	
416	Spectrogram 1	1	828.188073111	829.033500343	217.489	368.058	0.8454	150.569	-54.82	
417	Spectrogram 1	1	832.579597901	833.014053562	259.313	384.788	0.4345	125.475	-55.37	
418	Spectrogram 1	1	834.481809174	835.045427329	184.029	317.868	0.5636	133.839	-50.05	
419	Spectrogram 1	1	835.186331867	836.313568177	217.489	368.058	1.1272	150.569	-58.06	
420	Spectrogram 1	1	836.959380646	838.133585136	133.839	301.138	1.1742	167.299	-49.56	
421	Spectrogram 1	1	839.965344139	840.810771371	150.569	301.138	0.8454	150.569	-45.82	
422	Spectrogram 1	1	839.284312449	839.800962424	225.854	284.408	0.5166	58.554	-51.35	
423	Spectrogram 1	1	843.030024769	843.394028161	217.489	359.693	0.3640	142.204	-53.82	
424	Spectrogram 1	1	846.717026866	847.762068861	125.474	292.773	1.0450	167.299	-49.82	
425	Spectrogram 1	1	849.405955146	850.286608513	125.474	317.868	0.8807	192.394	-49.06	
426	Spectrogram 1	1	850.192672154	851.038099387	200.759	284.408	0.8454	83.649	-51.28	
427	Spectrogram 1	1	853.433485901	853.891425652	133.839	317.868	0.4579	184.029	-48.87	
428	Spectrogram 1	1	853.926651787	854.443301762	217.489	342.963	0.5166	125.474	-52.05	
429	Spectrogram 1	1	855.852347149	857.143972087	108.744	276.043	1.2916	167.299	-49.72	
430	Spectrogram 1	1	857.437523210	858.200756128	158.934	242.583	0.7632	83.649	-53.86	
431	Spectrogram 1	1	858.623469744	859.480639021	150.569	309.503	0.8572	158.934	-47.62	
432	Spectrogram 1	1	860.161677625	861.218461665	184.029	326.233	1.0568	142.204	-53.83	
433	Spectrogram 1	1	861.969952538	863.014994534	184.029	276.043	1.0450	92.014	-56.94	
434	Spectrogram 1	1	864.365329697	864.952431941	209.124	342.963	0.5871	133.839	-54.00	
435	Spectrogram 1	1	865.915279622	867.336067055	117.109	292.773	1.4208	175.664	-48.59	
436	Spectrogram 1	1	868.228462466	868.944727205	142.204	225.854	0.7163	83.650	-56.32	
437	Spectrogram 1	1	868.721636172	869.531837270	158.934	342.963	0.8102	184.029	-48.71	
438	Spectrogram 1	1	870.576879265	871.492758767	167.299	342.963	0.9159	175.664	-51.55	
439	Spectrogram 1	1	872.537800762	873.030966648	184.029	317.868	0.4932	133.839	-48.59	
440	Spectrogram 1	1	874.216913182	876.201318769	108.744	326.233	1.9844	217.489	-50.37	
441	Spectrogram 1	1	877.692558471	878.631922062	133.839	317.868	0.9394	184.029	-50.31	
442	Spectrogram 1	1	880.052709494	880.909878771	167.299	317.868	0.8572	150.569	-53.03	
443	Spectrogram 1	1	884.138949356	884.749535691	184.029	317.868	0.6106	133.839	-55.83	
444	Spectrogram 1	1	884.749535691	885.841545866	108.744	259.313	1.0920	150.569	-48.56	
445	Spectrogram 1	1	887.250591253	887.908145767	150.569	301.138	0.6576	150.569	-46.15	
446	Spectrogram 1	1	889.963003623	890.514879733	200.759	326.233	0.5519	125.474	-52.32	
447	Spectrogram 1	1	891.031529708	891.571663773	175.664	342.963	0.5401	167.299	-49.55	
448	Spectrogram 1	1	893.286002328	894.354528413	100.379	242.583	1.0685	142.204	-47.21	
449	Spectrogram 1	1	893.920072752	894.319302278	217.489	334.598	0.3992	117.109	-53.33	
450	Spectrogram 1	1	895.857517142	896.597265970	150.569	301.138	0.7397	150.569	-45.59	
451	Spectrogram 1	1	896.585523925	897.113915945	192.394	259.313	0.5284	66.919	-53.89	
452	Spectrogram 1	1	902.644419090	903.830365624	108.744	242.583	1.1859	133.839	-47.50	
453	Spectrogram 1	1	905.121990562	905.744318942	158.934	309.503	0.6223	150.569	-46.76	
454	Spectrogram 1	1	900.210483449	900.525992873	189.277	319.405	0.3155	130.128	-51.86	
455	Spectrogram 1	1	907.832526894	908.662814851	177.447	331.235	0.8303	153.788	-56.13	
456	Spectrogram 1	1	908.911901238	909.559525844	153.788	354.895	0.6476	201.107	-51.61	
457	Spectrogram 1	1	910.738534743	911.602034218	106.468	224.767	0.8635	118.298	-50.20	
458	Spectrogram 1	1	913.511696519	914.292167198	153.788	343.065	0.7805	189.277	-49.85	
459	Spectrogram 1	1	917.214780807	918.061674523	201.107	366.724	0.8469	165.617	-55.17	
460	Spectrogram 1	1	920.286842779	921.399428642	106.468	295.746	1.1126	189.277	-46.48	
461	Spectrogram 1	1	922.993581519	923.375513979	94.639	390.384	0.3819	295.746	-53.42	
462	Spectrogram 1	1	923.275879424	923.807263717	189.277	283.916	0.5314	94.639	-56.62	
463	Spectrogram 1	1	925.932800886	926.680060048	248.426	366.724	0.7473	118.298	-53.80	
464	Spectrogram 1	1	927.958703501	928.722568421	59.149	236.596	0.7639	177.447	-46.24	
465	Spectrogram 1	1	930.300115540	930.715259518	82.809	414.044	0.4151	331.235	-51.29	
466	Spectrogram 1	1	931.196826533	931.595364752	82.809	236.596	0.3985	153.788	-53.01	
467	Spectrogram 1	1	932.940431242	933.438604017	94.639	473.193	0.4982	378.554	-50.19	
468	Spectrogram 1	1	935.148997208	935.630564223	189.277	366.724	0.4816	177.447	-57.96	
469	Spectrogram 1	1	936.560486735	937.058659509	130.128	461.363	0.4982	331.235	-51.10	
470	Spectrogram 1	1	938.885289971	939.333645467	248.426	366.724	0.4484	118.298	-55.38	
471	Spectrogram 1	1	940.496048607	940.678711958	153.788	496.852	0.1827	343.065	-52.50	
472	Spectrogram 1	1	943.368844938	943.867017712	260.256	354.895	0.4982	94.639	-57.11	
473	Spectrogram 1	1	944.763728705	944.979603574	59.149	425.874	0.2159	366.724	-50.12	
474	Spectrogram 1	1	947.752765350	948.101486292	82.809	485.023	0.3487	402.214	-50.20	
475	Spectrogram 1	1	951.356215083	951.954022412	177.447	354.895	0.5978	177.447	-56.50	
476	Spectrogram 1	1	952.502012464	952.800916128	153.788	532.342	0.2989	378.554	-50.66	
477	Spectrogram 1	1	955.333291623	955.798252879	236.596	378.554	0.4650	141.958	-59.11	
478	Spectrogram 1	1	967.389072757	970.045994219	260.256	425.874	2.6569	165.617	-54.32	
479	Spectrogram 1	1	956.661752354	956.910838741	165.617	437.703	0.2491	272.086	-52.84	
480	Spectrogram 1	1	958.272510990	959.434914130	266.171	348.980	1.1624	82.809	-56.12	
481	Spectrogram 1	1	961.494028263	961.726508891	141.958	485.023	0.2325	343.065	-48.69	
482	Spectrogram 1	1	960.198779050	960.696951824	283.916	887.237	0.4982	603.321	-51.54	un
483	Spectrogram 1	1	963.054969622	963.370479046	153.788	520.512	0.3155	366.724	-48.41	
484	Spectrogram 1	1	963.486719360	963.968286375	248.426	390.384	0.4816	141.958	-59.70	
485	Spectrogram 1	1	964.931420405	965.296747106	106.468	496.852	0.3653	390.384	-49.97	
486	Spectrogram 1	1	966.874294224	967.571736107	47.319	248.426	0.6974	201.107	-49.82	un
487	Spectrogram 1	1	969.161735110	969.502153173	88.724	526.427	0.3404	437.703	-51.57	
488	Spectrogram 1	1	970.261866653	970.527558800	153.788	485.023	0.2657	331.235	-54.42	un
489	Spectrogram 1	1	979.162553551	982.367465065	272.086	402.214	3.2049	130.128	-49.57	
490	Spectrogram 1	1	972.071894399	972.370798064	177.447	496.852	0.2989	319.405	-48.87	
491	Spectrogram 1	1	976.090488111	976.439209053	130.128	520.512	0.3487	390.384	-48.21	
492	Spectrogram 1	1	984.742088621	984.991175009	189.277	532.342	0.2491	343.065	-48.84	
493	Spectrogram 1	1	987.681307989	988.129663486	82.809	556.002	0.4484	473.193	-52.72	
494	Spectrogram 1	1	991.948984159	992.347522378	70.979	473.193	0.3985	402.214	-47.74	
495	Spectrogram 1	1	994.805174731	995.270135986	118.298	485.023	0.4650	366.724	-46.59	
496	Spectrogram 1	1	999.039643311	999.404970012	153.788	579.661	0.3653	425.874	-50.46	
497	Spectrogram 1	1	1003.074842781	1003.423563723	47.319	437.703	0.3487	390.384	-55.11	
498	Spectrogram 1	1	1004.901476286	1005.748370002	35.489	307.575	0.8469	272.086	-53.17	un
499	Spectrogram 1	1	1007.641426544	1008.023359004	118.298	520.512	0.3819	402.214	-51.66	
500	Spectrogram 1	1	992.995146985	993.310656408	141.958	437.703	0.3155	295.746	-53.64	un
501	Spectrogram 1	1	1008.621166333	1008.920069998	130.128	485.023	0.2989	354.895	-53.76	un
502	Spectrogram 1	1	1011.161847481	1011.510568423	94.639	520.512	0.3487	425.874	-48.00	
503	Spectrogram 1	1	1015.828061815	1016.176782757	141.958	579.661	0.3487	437.703	-49.48	
504	Spectrogram 1	1	1019.747020972	1020.079136155	153.788	520.512	0.3321	366.724	-51.02	
505	Spectrogram 1	1	1024.330210494	1024.728748713	106.468	532.342	0.3985	425.874	-51.64	
506	Spectrogram 1	1	1027.784208395	1028.132929336	106.468	532.342	0.3487	425.874	-50.51	
507	Spectrogram 1	1	1032.217946084	1032.450426712	118.298	508.682	0.2325	390.384	-49.94	
508	Spectrogram 1	1	1025.343161801	1025.675276984	130.128	425.874	0.3321	295.746	-54.44	un
509	Spectrogram 1	1	1026.023997926	1026.289690072	153.788	485.023	0.2657	331.235	-53.47	un
510	Spectrogram 1	1	1029.162486403	1029.926351323	236.596	319.405	0.7639	82.809	-58.63	
511	Spectrogram 1	1	1032.981811005	1033.330531947	177.447	508.682	0.3487	331.235	-58.44	un
512	Spectrogram 1	1	1034.011368071	1034.277060217	141.958	496.852	0.2657	354.895	-55.94	un
513	Spectrogram 1	1	1036.734704791	1037.017002697	153.788	532.342	0.2823	378.554	-49.85	
514	Spectrogram 1	1	1043.144527819	1044.539411586	212.937	331.235	1.3949	118.298	-58.82	
515	Spectrogram 1	1	1048.242495874	1049.205629904	378.554	768.938	0.9631	390.384	-54.15	un
516	Spectrogram 1	1	1052.095031994	1053.406886966	437.703	745.279	1.3119	307.575	-58.27	un
517	Spectrogram 1	1	1057.907029421	1058.687500101	414.044	697.959	0.7805	283.916	-57.32	un
518	Spectrogram 1	1	1073.234145105	1073.815346675	461.363	757.109	0.5812	295.746	-61.16	un
519	Spectrogram 1	1	1077.368979131	1078.315507401	366.724	768.938	0.9465	402.214	-60.58	un
520	Spectrogram 1	1	1080.108916447	1081.038838958	130.128	283.916	0.9299	153.788	-60.78	
521	Spectrogram 1	1	1089.125843658	1090.039160411	118.298	295.746	0.9133	177.447	-60.82	
522	Spectrogram 1	1	1101.181624792	1102.177970341	449.533	709.789	0.9963	260.256	-60.67	un
523	Spectrogram 1	1	1103.290556203	1104.220478715	496.852	792.598	0.9299	295.746	-59.83	un
524	Spectrogram 1	1	1117.953423251	1119.149037908	496.852	686.130	1.1956	189.277	-59.31	un
525	Spectrogram 1	1	1121.855776648	1123.566169839	141.958	260.256	1.7104	118.298	-57.90	
526	Spectrogram 1	1	1132.832149083	1134.359878923	118.298	319.405	1.5277	201.107	-63.69	
527	Spectrogram 1	1	1142.513306660	1144.090853778	94.639	201.107	1.5775	106.468	-60.40	
528	Spectrogram 1	1	1152.858683196	1153.539519321	378.554	745.279	0.6808	366.724	-52.63	un
529	Spectrogram 1	1	1162.490023496	1163.768666949	496.852	792.598	1.2786	295.746	-51.27	un
530	Spectrogram 1	1	1152.576385291	1153.473096284	106.468	189.277	0.8967	82.809	-56.50	
531	Spectrogram 1	1	1156.445527170	1157.292420886	118.298	307.575	0.8469	189.277	-56.51	
532	Spectrogram 1	1	1168.069558566	1169.032692596	425.874	757.109	0.9631	331.235	-57.94	un
533	Spectrogram 1	1	1147.710897863	1148.906512521	366.724	768.938	1.1956	402.214	-58.16	un
534	Spectrogram 1	1	1145.402697343	1146.498677446	508.682	839.917	1.0960	331.235	-56.54	un
535	Spectrogram 1	1	1179.510915447	1180.640107068	449.533	745.279	1.1292	295.746	-56.67	un
536	Spectrogram 1	1	1181.237914397	1182.250865705	579.661	851.747	1.0130	272.086	-59.29	un
537	Spectrogram 1	1	1198.873219063	1199.769930057	1194.812	1620.686	0.8967	425.874	-58.61	
538	Spectrogram 1	1	1202.210976650	1203.389985549	1253.961	1857.282	1.1790	603.321	-59.41	un
