Selection	View	Channel	Begin Time (s)	End Time (s)	Low Freq (Hz)	High Freq (Hz)	Delta Time (s)	Delta Freq (Hz)	Avg Power Density (dB FS/Hz)	Annotation
1	Spectrogram 1	1	14.546709297	15.625981173	642.434	787.500	1.0793	145.066	-67.06	
2	Spectrogram 1	1	10.855286648	11.903275282	186.513	373.026	1.0480	186.513	-91.75	
3	Spectrogram 1	1	17.815808575	19.958710706	460.613	757.783	2.1429	297.170	-69.34	
4	Spectrogram 1	1	20.725151688	22.649071119	312.028	713.208	1.9239	401.180	-68.69	
5	Spectrogram 1	1	24.338366229	26.262285661	549.764	713.208	1.9239	163.444	-67.19	
6	Spectrogram 1	1	28.186207425	28.968288494	653.774	757.783	0.7821	104.009	-66.28	
7	Spectrogram 1	1	32.909977085	35.131087323	505.189	698.349	2.2211	193.160	-67.57	
8	Spectrogram 1	1	36.257284063	38.071712144	490.330	698.349	1.8144	208.019	-65.75	
9	Spectrogram 1	1	45.188651687	46.752813827	460.613	594.340	1.5642	133.727	-65.31	
10	Spectrogram 1	1	42.122893894	42.732917129	505.189	609.198	0.6100	104.009	-67.63	
11	Spectrogram 1	1	48.176202894	49.099058556	475.472	713.208	0.9229	237.736	-66.58	
12	Spectrogram 1	1	52.424531191	53.579946036	418.364	571.424	1.1554	153.060	-67.46	
13	Spectrogram 1	1	55.479076183	56.382159050	438.772	530.608	0.9031	91.836	-65.53	
14	Spectrogram 1	1	59.489826565	60.100735563	387.752	479.588	0.6109	91.836	-68.60	
15	Spectrogram 1	1	60.525715736	61.269431038	438.772	520.404	0.7437	81.632	-66.19	
16	Spectrogram 1	1	64.762245466	65.187225639	367.344	459.180	0.4250	91.836	-66.54	
17	Spectrogram 1	1	71.070544907	72.040030926	459.180	540.812	0.9695	81.632	-67.58	
18	Spectrogram 1	1	69.795604388	70.340110235	367.344	459.180	0.5445	91.836	-68.30	
19	Spectrogram 1	1	66.661375614	67.604300372	408.160	510.200	0.9429	102.040	-68.74	
20	Spectrogram 1	1	73.660267835	74.297738095	418.364	520.404	0.6375	102.040	-67.38	
21	Spectrogram 1	1	73.195445771	73.514180901	530.608	642.852	0.3187	112.244	-70.29	
22	Spectrogram 1	1	84.377740560	84.882404515	81.632	153.060	0.5047	71.428	-72.57	
23	Spectrogram 1	1	88.813471114	89.689992721	244.896	336.732	0.8765	91.836	-73.85	
24	Spectrogram 1	1	90.022008481	91.137581434	612.240	724.484	1.1156	112.244	-63.72	
25	Spectrogram 1	1	91.237186162	92.073865878	408.160	499.996	0.8367	91.836	-67.83	
26	Spectrogram 1	1	86.701850880	87.126831053	132.652	234.692	0.4250	102.040	-76.98	
27	Spectrogram 1	1	95.400664637	96.463115069	612.240	704.076	1.0625	91.836	-64.87	
28	Spectrogram 1	1	97.499004241	97.857581262	387.752	510.200	0.3586	122.448	-60.73	
29	Spectrogram 1	1	101.974576686	102.532363163	418.364	499.996	0.5578	81.632	-68.02	
30	Spectrogram 1	1	102.585485685	103.063588379	377.548	469.384	0.4781	91.836	-63.71	
31	Spectrogram 1	1	104.604141506	105.732995090	591.832	765.300	1.1289	173.468	-65.28	
32	Spectrogram 1	1	108.455533615	109.823438547	612.240	836.728	1.3679	224.488	-69.28	
33	Spectrogram 1	1	111.842094368	113.289683082	397.956	520.404	1.4476	122.448	-69.35	
34	Spectrogram 1	1	113.794347037	114.564623600	591.832	785.708	0.7703	193.876	-67.70	
35	Spectrogram 1	1	115.308338903	116.384069965	377.548	489.792	1.0757	112.244	-70.77	
36	Spectrogram 1	1	122.493159950	123.449365339	408.160	510.200	0.9562	102.040	-69.75	
37	Spectrogram 1	1	124.896965741	126.503922020	551.016	775.504	1.6070	224.488	-66.89	
38	Spectrogram 1	1	132.652853896	134.206687653	428.568	520.404	1.5538	91.836	-68.85	
39	Spectrogram 1	1	135.853485823	136.902655625	438.772	499.996	1.0492	61.224	-69.13	
40	Spectrogram 1	1	131.006055726	131.962261115	193.876	275.508	0.9562	81.632	-71.56	
41	Spectrogram 1	1	134.472300261	135.176173672	173.468	295.916	0.7039	122.448	-73.75	
42	Spectrogram 1	1	143.410166471	144.897597076	418.364	540.812	1.4874	122.448	-70.66	
43	Spectrogram 1	1	145.216332206	146.358466420	193.876	306.120	1.1421	112.244	-74.20	
44	Spectrogram 1	1	147.062339832	147.991983960	377.548	499.996	0.9296	122.448	-69.01	
45	Spectrogram 1	1	139.917360675	140.607953456	408.160	499.996	0.6906	91.836	-74.14	
46	Spectrogram 1	1	148.775541154	149.784869064	428.568	683.668	1.0093	255.100	-71.89	
47	Spectrogram 1	1	154.074512684	155.548662659	428.568	530.608	1.4741	102.040	-65.95	
48	Spectrogram 1	1	155.482260917	156.903288370	193.876	326.528	1.4210	132.652	-75.07	
49	Spectrogram 1	1	157.580600521	159.081311756	377.548	530.608	1.5007	153.060	-69.21	
50	Spectrogram 1	1	165.336488676	166.545026042	397.956	530.608	1.2085	132.652	-70.25	
51	Spectrogram 1	1	160.064078406	160.874196860	224.488	306.120	0.8101	81.632	-63.58	
52	Spectrogram 1	1	165.070876068	165.814591370	306.120	387.752	0.7437	81.632	-76.40	
53	Spectrogram 1	1	167.700440887	168.537120602	204.080	295.916	0.8367	91.836	-72.35	
54	Spectrogram 1	1	168.470717450	170.409689489	397.956	540.812	1.9390	142.856	-67.70	
55	Spectrogram 1	1	171.100283878	171.870560441	234.692	316.324	0.7703	81.632	-76.17	
56	Spectrogram 1	1	176.093800909	177.740599079	408.160	520.404	1.6468	112.244	-71.09	
57	Spectrogram 1	1	179.520203553	181.020914788	408.160	520.404	1.5007	112.244	-67.87	
58	Spectrogram 1	1	174.739176608	175.549295062	234.692	306.120	0.8101	71.428	-76.45	
59	Spectrogram 1	1	175.217279302	176.266449104	316.324	397.956	1.0492	81.632	-76.22	
60	Spectrogram 1	1	178.165579252	178.842891402	234.692	306.120	0.6773	71.428	-74.62	
61	Spectrogram 1	1	179.281152205	180.170954442	224.488	357.140	0.8898	132.652	-70.53	
62	Spectrogram 1	1	183.052851240	184.287949867	214.284	418.364	1.2351	204.080	-80.27	
63	Spectrogram 1	1	184.221552626	184.951987298	377.548	520.404	0.7304	142.856	-72.14	
64	Spectrogram 1	1	186.864398076	188.072935443	183.672	346.936	1.2085	163.264	-72.80	
65	Spectrogram 1	1	188.378389942	190.104871894	408.160	540.812	1.7265	132.652	-69.87	
66	Spectrogram 1	1	190.715780893	191.645425021	214.284	326.528	0.9296	112.244	-76.76	
67	Spectrogram 1	1	191.897756998	193.252381299	397.956	540.812	1.3546	142.856	-71.10	
68	Spectrogram 1	1	194.354673623	194.699970013	224.488	357.140	0.3453	132.652	-76.08	
69	Spectrogram 1	1	199.188823089	200.955146933	438.772	520.404	1.7663	81.632	-72.16	
70	Spectrogram 1	1	197.621708702	198.259178961	198.305	322.245	0.6375	123.940	-74.47	
71	Spectrogram 1	1	201.512933409	202.548822581	173.517	309.851	1.0359	136.334	-75.66	
72	Spectrogram 1	1	196.081155575	196.346768183	247.881	334.639	0.2656	86.758	-73.46	
73	Spectrogram 1	1	199.905983765	200.450489611	223.093	347.033	0.5445	123.940	-71.94	
74	Spectrogram 1	1	202.973809387	204.049540450	446.186	557.732	1.0757	111.546	-70.10	
75	Spectrogram 1	1	203.212860735	204.115943602	235.487	297.457	0.9031	61.970	-76.02	
76	Spectrogram 1	1	208.578235417	209.600843958	470.974	706.460	1.0226	235.486	-71.09	
77	Spectrogram 1	1	205.550251685	205.975231858	247.881	334.639	0.4250	86.758	-74.80	
78	Spectrogram 1	1	205.324480969	205.749461142	136.334	210.699	0.4250	74.365	-75.54	
79	Spectrogram 1	1	206.931437247	207.542346246	235.487	322.245	0.6109	86.758	-75.40	
80	Spectrogram 1	1	208.644638569	209.069618742	210.699	309.851	0.4250	99.152	-75.99	
81	Spectrogram 1	1	211.021871411	213.160052906	458.580	607.308	2.1382	148.728	-72.89	
82	Spectrogram 1	1	212.283531299	212.854598407	223.093	309.851	0.5711	86.758	-75.18	
83	Spectrogram 1	1	214.461565742	215.072474740	0.000	74.364	0.6109	74.364	-63.21	
84	Spectrogram 1	1	215.882593195	216.852079214	185.911	334.639	0.9695	148.728	-73.41	
85	Spectrogram 1	1	214.581091415	215.218561674	421.397	644.490	0.6375	223.093	-75.55	
86	Spectrogram 1	1	215.245122935	216.134925172	483.368	731.248	0.8898	247.880	-73.49	
87	Spectrogram 1	1	217.887968385	218.671525579	470.974	743.643	0.7836	272.669	-73.93	
88	Spectrogram 1	1	217.529391364	218.339509819	185.911	297.457	0.8101	111.546	-76.31	
89	Spectrogram 1	1	219.548047186	219.880062946	247.881	347.033	0.3320	99.152	-76.28	
90	Spectrogram 1	1	222.390102092	223.665042610	409.003	532.944	1.2749	123.941	-71.30	
91	Spectrogram 1	1	224.793896194	225.816504735	148.729	260.275	1.0226	111.546	-75.21	
92	Spectrogram 1	1	228.645279011	229.614765030	470.974	731.248	0.9695	260.274	-69.15	
93	Spectrogram 1	1	227.277374080	228.353105142	384.215	495.762	1.0757	111.547	-70.76	
94	Spectrogram 1	1	226.281326799	226.985200211	409.003	545.338	0.7039	136.335	-71.63	
95	Spectrogram 1	1	234.727815159	235.471530461	470.974	545.338	0.7437	74.364	-74.13	
96	Spectrogram 1	1	236.879277284	237.543308804	223.093	334.639	0.6640	111.546	-74.49	
97	Spectrogram 1	1	238.326865998	238.818249322	446.186	545.338	0.4914	99.152	-69.67	
98	Spectrogram 1	1	237.769079521	238.433111041	173.517	260.275	0.6640	86.758	-74.24	
99	Spectrogram 1	1	246.746790727	248.353747005	470.974	570.126	1.6070	99.152	-72.62	
100	Spectrogram 1	1	250.186474001	251.155960020	495.762	805.613	0.9695	309.851	-66.25	
101	Spectrogram 1	1	253.918339989	255.206561138	495.762	743.643	1.2882	247.881	-67.60	
102	Spectrogram 1	1	258.991540803	259.868062409	470.974	718.854	0.8765	247.880	-66.82	
103	Spectrogram 1	1	262.590591642	263.599919552	421.397	532.944	1.0093	111.547	-72.07	
104	Spectrogram 1	1	252.683241362	252.962134600	433.791	557.732	0.2789	123.941	-69.55	
105	Spectrogram 1	1	261.103161036	261.807034448	198.305	384.215	0.7039	185.910	-76.75	
106	Spectrogram 1	1	274.649409839	275.419686402	532.944	743.643	0.7703	210.699	-65.60	
107	Spectrogram 1	1	270.492572523	271.289410347	409.003	570.126	0.7968	161.123	-71.12	
108	Spectrogram 1	1	271.236287825	271.900319345	632.096	743.643	0.6640	111.547	-68.26	
109	Spectrogram 1	1	279.881978217	280.399922803	532.944	706.460	0.5179	173.516	-68.98	
110	Spectrogram 1	1	280.758499824	282.206088537	446.186	532.944	1.4476	86.758	-68.74	
111	Spectrogram 1	1	273.547117515	274.609567947	433.791	532.944	1.0625	99.153	-73.02	
112	Spectrogram 1	1	279.111701654	279.815575065	161.123	334.639	0.7039	173.516	-72.96	
113	Spectrogram 1	1	291.356441703	292.764188526	433.791	520.550	1.4077	86.759	-72.67	
114	Spectrogram 1	1	292.711066004	293.175888068	619.702	793.219	0.4648	173.517	-68.47	
115	Spectrogram 1	1	296.429642517	296.987428994	619.702	793.219	0.5578	173.517	-70.45	
116	Spectrogram 1	1	297.080393406	297.797547448	235.487	322.245	0.7172	86.758	-73.91	
117	Spectrogram 1	1	299.284978053	299.856045160	185.911	272.669	0.5711	86.758	-76.52	
118	Spectrogram 1	1	284.264585068	285.260632349	359.427	495.762	0.9960	136.335	-67.80	
119	Spectrogram 1	1	301.569248341	302.100473557	520.550	743.643	0.5312	223.093	-69.30	
120	Spectrogram 1	1	302.034070405	303.309010923	458.580	520.550	1.2749	61.970	-70.76	
121	Spectrogram 1	1	303.548062271	304.145690639	235.487	297.457	0.5976	61.970	-73.39	
122	Spectrogram 1	1	312.114068880	313.402290029	446.186	557.732	1.2882	111.546	-72.98	
123	Spectrogram 1	1	314.371776048	315.168613873	483.368	743.643	0.7968	260.275	-71.19	
124	Spectrogram 1	1	315.699839089	316.934937716	409.003	520.550	1.2351	111.547	-70.65	
125	Spectrogram 1	1	318.037230039	318.860629124	483.368	818.007	0.8234	334.639	-71.67	
126	Spectrogram 1	1	307.970512195	308.355650476	247.881	347.033	0.3851	99.152	-68.03	
127	Spectrogram 1	1	317.652091758	318.475490843	223.093	322.245	0.8234	99.152	-74.40	
128	Spectrogram 1	1	319.511381886	320.719919252	173.517	322.245	1.2085	148.728	-74.95	
129	Spectrogram 1	1	325.965768261	326.895412389	458.580	570.126	0.9296	111.546	-72.84	
130	Spectrogram 1	1	323.283080920	323.920551179	607.308	793.219	0.6375	185.911	-64.24	
131	Spectrogram 1	1	322.698733182	323.548693528	483.368	557.732	0.8500	74.364	-69.86	
132	Spectrogram 1	1	322.977626420	323.575254789	247.881	334.639	0.5976	86.758	-67.55	
133	Spectrogram 1	1	334.372407305	335.966082954	458.580	619.702	1.5937	161.122	-70.02	
134	Spectrogram 1	1	336.709798256	337.480074820	557.732	768.431	0.7703	210.699	-67.17	
135	Spectrogram 1	1	333.920865872	334.784106848	210.699	297.457	0.8632	86.758	-69.87	
136	Spectrogram 1	1	340.375253145	341.251774752	483.368	793.219	0.8765	309.851	-72.46	
137	Spectrogram 1	1	345.036754416	346.590588173	446.186	545.338	1.5538	99.152	-72.27	
138	Spectrogram 1	1	344.704738656	345.475015219	136.334	297.457	0.7703	161.123	-74.38	
139	Spectrogram 1	1	345.939837284	346.457781869	198.305	260.275	0.5179	61.970	-74.01	
140	Spectrogram 1	1	345.395331437	346.112485479	570.126	793.219	0.7172	223.093	-66.67	
141	Spectrogram 1	1	348.489718321	349.246714254	148.729	297.457	0.7570	148.728	-74.35	
142	Spectrogram 1	1	348.702208407	350.109955230	409.003	520.550	1.4077	111.547	-74.12	
143	Spectrogram 1	1	342.712644096	343.323553094	235.487	309.851	0.6109	74.364	-75.26	
144	Spectrogram 1	1	357.308059844	358.078336407	557.732	780.825	0.7703	223.093	-66.81	
145	Spectrogram 1	1	355.103475197	355.687822935	198.305	272.669	0.5843	74.364	-70.35	
146	Spectrogram 1	1	354.041024765	354.293356742	272.669	359.427	0.2523	86.758	-69.60	
147	Spectrogram 1	1	358.197862081	359.220470622	458.580	557.732	1.0226	99.152	-73.65	
148	Spectrogram 1	1	360.415727358	361.278968334	223.093	879.977	0.8632	656.884	-72.27	
149	Spectrogram 1	1	361.717229137	363.191379112	371.821	508.156	1.4741	136.335	-73.62	
150	Spectrogram 1	1	365.807663301	366.431852930	570.126	855.189	0.6242	285.063	-66.15	
151	Spectrogram 1	1	364.147593820	364.878028492	185.911	297.457	0.7304	111.546	-70.16	
152	Spectrogram 1	1	371.286897431	371.925473450	212.937	319.405	0.6386	106.468	-75.49	
153	Spectrogram 1	1	374.799065538	375.362514967	224.767	354.895	0.5634	130.128	-73.42	
154	Spectrogram 1	1	377.766565864	378.555395064	638.810	792.598	0.7888	153.788	-67.61	
155	Spectrogram 1	1	378.884094315	379.306681386	224.767	295.746	0.4226	70.979	-74.90	
156	Spectrogram 1	1	380.799822373	381.889157936	366.724	508.682	1.0893	141.958	-73.31	
157	Spectrogram 1	1	382.640423841	382.969102675	224.767	343.065	0.3287	118.298	-74.24	
158	Spectrogram 1	1	397.196221732	397.844188575	260.256	378.554	0.6480	118.298	-72.38	
159	Spectrogram 1	1	402.548991307	403.112440736	224.767	343.065	0.5634	118.298	-74.71	
160	Spectrogram 1	1	401.534782334	401.929196935	201.107	283.916	0.3944	82.809	-73.93	
161	Spectrogram 1	1	405.366252353	405.920310958	248.426	402.214	0.5541	153.788	-74.03	
162	Spectrogram 1	1	409.244662589	409.808112018	283.916	402.214	0.5634	118.298	-68.23	
163	Spectrogram 1	1	415.282962302	415.780675965	674.300	851.747	0.4977	177.447	-70.98	
164	Spectrogram 1	1	413.376625068	413.705303901	260.256	390.384	0.3287	130.128	-70.07	
165	Spectrogram 1	1	417.603478807	418.333913479	189.277	272.086	0.7304	82.809	-72.36	
166	Spectrogram 1	1	426.249169198	426.621026850	212.937	295.746	0.3719	82.809	-73.40	
167	Spectrogram 1	1	428.599840780	430.113832646	189.277	402.214	1.5140	212.937	-76.42	
168	Spectrogram 1	1	432.703555574	433.978496093	177.447	260.256	1.2749	82.809	-70.36	
169	Spectrogram 1	1	434.549563200	435.067507785	201.107	272.086	0.5179	70.979	-75.32	
170	Spectrogram 1	1	437.365067261	437.723644281	177.447	272.086	0.3586	94.639	-69.70	
171	Spectrogram 1	1	440.486015405	441.017240621	260.256	354.895	0.5312	94.639	-73.19	
172	Spectrogram 1	1	441.110205034	442.199216727	153.788	272.086	1.0890	118.298	-66.67	
173	Spectrogram 1	1	443.341350942	443.965540570	260.256	354.895	0.6242	94.639	-75.24	
174	Spectrogram 1	1	444.762378395	445.665461262	177.447	272.086	0.9031	94.639	-68.16	
175	Spectrogram 1	1	447.272417541	448.029413473	201.107	283.916	0.7570	82.809	-75.04	
176	Spectrogram 1	1	448.945776971	449.330915253	165.617	260.256	0.3851	94.639	-72.82	
177	Spectrogram 1	1	450.964432792	451.747989986	165.617	248.426	0.7836	82.809	-75.71	
178	Spectrogram 1	1	452.504985919	452.956527353	153.788	212.937	0.4515	59.149	-69.01	
179	Spectrogram 1	1	452.478424658	453.195578700	224.767	283.916	0.7172	59.149	-69.62	
180	Spectrogram 1	1	454.151794829	455.360332196	153.788	319.405	1.2085	165.617	-66.00	
181	Spectrogram 1	1	456.263415063	456.927446583	1348.600	1502.387	0.6640	153.787	-80.50	un
182	Spectrogram 1	1	459.012505556	460.181201032	1348.600	1455.068	1.1687	106.468	-78.86	un
183	Spectrogram 1	1	458.361754667	459.291398795	177.447	319.405	0.9296	141.958	-70.59	
184	Spectrogram 1	1	461.907682984	462.664678917	130.128	224.767	0.7570	94.639	-67.28	
185	Spectrogram 1	1	465.612978866	466.741832450	153.788	295.746	1.1289	141.958	-68.05	
186	Spectrogram 1	1	467.432425231	468.123018012	1277.621	1384.089	0.6906	106.468	-76.99	
187	Spectrogram 1	1	469.942464377	470.619776528	1265.791	1372.259	0.6773	106.468	-78.96	
188	Spectrogram 1	1	470.221357616	470.858827875	165.617	260.256	0.6375	94.639	-68.96	
189	Spectrogram 1	1	472.279866384	473.236071773	130.128	212.937	0.9562	82.809	-68.78	
190	Spectrogram 1	1	473.661051946	474.736783009	153.788	319.405	1.0757	165.617	-76.05	
191	Spectrogram 1	1	474.989114986	476.954648286	153.788	331.235	1.9655	177.447	-69.15	
192	Spectrogram 1	1	480.274805886	481.270853167	153.788	319.405	0.9960	165.617	-71.16	
193	Spectrogram 1	1	486.423737763	487.207294956	165.617	295.746	0.7836	130.129	-66.77	
194	Spectrogram 1	1	486.543263436	486.915121087	839.917	1005.535	0.3719	165.618	-75.26	
195	Spectrogram 1	1	482.758283772	483.887137356	1005.535	1253.961	1.1289	248.426	-83.67	
196	Spectrogram 1	1	484.285556268	484.551168876	1064.684	1360.429	0.2656	295.745	-83.36	
197	Spectrogram 1	1	489.969666080	490.235278688	733.449	1017.365	0.2656	283.916	-80.29	
198	Spectrogram 1	1	490.899310208	491.377412903	153.788	295.746	0.4781	141.958	-68.90	
199	Spectrogram 1	1	491.682879406	492.373472187	295.746	473.193	0.6906	177.447	-75.68	
200	Spectrogram 1	1	492.957819924	493.621851444	828.087	946.386	0.6640	118.299	-80.56	
201	Spectrogram 1	1	496.649835176	497.579479304	165.617	248.426	0.9296	82.809	-65.95	
202	Spectrogram 1	1	500.461376101	501.364458969	177.447	272.086	0.9031	94.639	-68.67	
203	Spectrogram 1	1	499.212996844	499.784063951	141.958	201.107	0.5711	59.149	-75.26	
204	Spectrogram 1	1	497.924775695	498.628649106	804.428	863.577	0.7039	59.149	-73.57	
205	Spectrogram 1	1	503.927620636	504.790861613	662.470	839.917	0.8632	177.447	-69.99	
206	Spectrogram 1	1	500.554340514	501.550387794	94.639	177.447	0.9960	82.808	-70.58	
207	Spectrogram 1	1	506.384537261	507.686039040	165.617	331.235	1.3015	165.618	-72.06	
208	Spectrogram 1	1	507.566513367	508.469596234	650.640	946.386	0.9031	295.746	-74.89	
209	Spectrogram 1	1	506.743114282	507.314181389	638.810	721.619	0.5711	82.809	-78.09	
210	Spectrogram 1	1	511.161761287	511.692986503	650.640	910.896	0.5312	260.256	-74.97	
211	Spectrogram 1	1	515.743578776	516.659942274	130.128	354.895	0.9164	224.767	-71.54	
212	Spectrogram 1	1	522.729190367	523.233854323	662.470	733.449	0.5047	70.979	-65.22	
213	Spectrogram 1	1	526.009506077	527.005553357	485.023	591.491	0.9960	106.468	-72.84	
214	Spectrogram 1	1	521.348004806	522.397174607	94.639	177.447	1.0492	82.808	-67.54	
215	Spectrogram 1	1	519.488716549	519.754329157	520.512	626.981	0.2656	106.469	-73.74	
216	Spectrogram 1	1	527.164920922	527.457094791	508.682	768.938	0.2922	260.256	-73.73	
217	Spectrogram 1	1	528.214090723	528.652351527	165.617	366.724	0.4383	201.107	-66.51	
218	Spectrogram 1	1	528.771878202	529.449190353	473.193	567.831	0.6773	94.638	-72.88	
219	Spectrogram 1	1	530.192902353	530.684285678	508.682	780.768	0.4914	272.086	-72.02	
220	Spectrogram 1	1	530.923337025	531.481123502	94.639	177.447	0.5578	82.808	-68.85	
221	Spectrogram 1	1	531.414720350	532.224838805	224.767	343.065	0.8101	118.298	-77.55	
222	Spectrogram 1	1	538.533138246	539.250292288	402.214	721.619	0.7172	319.405	-74.56	
223	Spectrogram 1	1	540.936932349	542.517327366	402.214	946.386	1.5804	544.172	-74.82	
224	Spectrogram 1	1	545.146892186	545.784362445	130.128	189.277	0.6375	59.149	-70.63	
225	Spectrogram 1	1	548.958431876	550.166969243	366.724	485.023	1.2085	118.299	-67.11	
226	Spectrogram 1	1	552.105937757	552.969178733	390.384	461.363	0.8632	70.979	-65.00	
227	Spectrogram 1	1	558.998584935	560.831311931	307.575	473.193	1.8327	165.618	-69.79	
228	Spectrogram 1	1	562.690600187	563.487438011	354.895	473.193	0.7968	118.298	-66.97	
229	Spectrogram 1	1	563.872576293	564.098347010	378.554	461.363	0.2258	82.809	-63.71	
230	Spectrogram 1	1	556.156529964	556.329178160	390.384	697.959	0.1726	307.575	-71.20	
231	Spectrogram 1	1	569.689492344	570.605855842	319.405	437.703	0.9164	118.298	-66.81	
232	Spectrogram 1	1	572.876839287	574.284586110	272.086	449.533	1.4077	177.447	-69.35	
233	Spectrogram 1	1	577.737550014	577.989881992	283.916	473.193	0.2523	189.277	-70.01	
234	Spectrogram 1	1	579.663241423	580.699130594	272.086	425.874	1.0359	153.788	-69.45	
235	Spectrogram 1	1	583.129485958	583.448221087	414.044	485.023	0.3187	70.979	-69.92	
236	Spectrogram 1	1	583.620869283	583.979446303	331.235	378.554	0.3586	47.319	-62.94	
237	Spectrogram 1	1	590.172299396	591.280416606	242.583	409.882	1.1081	167.299	-69.47	
238	Spectrogram 1	1	593.759594094	594.679894828	259.313	359.693	0.9203	100.380	-69.03	
239	Spectrogram 1	1	586.810384470	587.599213671	259.313	577.181	0.7888	317.868	-70.92	
240	Spectrogram 1	1	603.864120520	604.915892787	217.489	359.693	1.0518	142.204	-73.48	
241	Spectrogram 1	1	608.052427941	608.521969132	301.138	359.693	0.4695	58.555	-68.18	
242	Spectrogram 1	1	611.564581935	612.203157954	234.219	326.233	0.6386	92.014	-72.98	
243	Spectrogram 1	1	612.837383296	613.213016249	165.617	248.426	0.3756	82.809	-77.58	
244	Spectrogram 1	1	614.659203117	615.354124079	165.617	366.724	0.6949	201.107	-76.59	
245	Spectrogram 1	1	619.579994796	619.899282806	378.554	437.703	0.3193	59.149	-72.61	
246	Spectrogram 1	1	624.031245285	625.214489086	201.107	343.065	1.1832	141.958	-73.68	
247	Spectrogram 1	1	628.200771059	628.651530602	248.426	354.895	0.4508	106.469	-72.82	
248	Spectrogram 1	1	633.271807599	634.004291857	177.447	295.746	0.7325	118.299	-71.90	
249	Spectrogram 1	1	637.272298545	637.835747974	189.277	343.065	0.5634	153.788	-70.50	
250	Spectrogram 1	1	640.634213471	641.423042672	153.788	307.575	0.7888	153.787	-75.91	
251	Spectrogram 1	1	643.301207435	644.296634759	189.277	366.724	0.9954	177.447	-73.23	
252	Spectrogram 1	1	646.832152028	647.376819809	189.277	354.895	0.5447	165.618	-71.85	
253	Spectrogram 1	1	649.348892811	649.780870706	130.128	260.256	0.4320	130.128	-74.87	
254	Spectrogram 1	1	651.715380412	652.297611489	177.447	319.405	0.5822	141.958	-69.55	
255	Spectrogram 1	1	655.678308063	656.185412549	189.277	354.895	0.5071	165.618	-70.35	
256	Spectrogram 1	1	657.105713283	657.744289302	212.937	319.405	0.6386	106.468	-67.99	
257	Spectrogram 1	1	658.476773560	658.983878046	201.107	272.086	0.5071	70.979	-71.84	
258	Spectrogram 1	1	665.755746392	666.206505935	189.277	331.235	0.4508	141.958	-65.73	
259	Spectrogram 1	1	666.938990192	667.784164336	236.596	307.575	0.8452	70.979	-74.40	
260	Spectrogram 1	1	669.605984156	671.108515967	177.447	260.256	1.5025	82.809	-68.97	un
261	Spectrogram 1	1	691.223651173	692.613493098	212.937	331.235	1.3898	118.298	-74.16	
262	Spectrogram 1	1	694.904854109	695.449521890	224.767	366.724	0.5447	141.957	-79.46	
263	Spectrogram 1	1	699.224633064	700.051025560	212.937	331.235	0.8264	118.298	-77.43	
264	Spectrogram 1	1	704.464712753	706.267750926	118.298	272.086	1.8030	153.788	-77.50	
265	Spectrogram 1	1	711.827104448	712.146392458	272.086	366.724	0.3193	94.638	-75.21	
266	Spectrogram 1	1	718.757532425	719.846867987	224.767	331.235	1.0893	106.468	-72.99	
267	Spectrogram 1	1	724.147865295	725.049384381	236.596	366.724	0.9015	130.128	-73.69	
268	Spectrogram 1	1	729.970173557	731.134635711	189.277	319.405	1.1645	130.128	-75.31	
269	Spectrogram 1	1	725.875774374	726.702166869	236.596	354.895	0.8264	118.299	-76.20	
270	Spectrogram 1	1	731.529050311	732.524477635	236.596	378.554	0.9954	141.958	-73.39	
271	Spectrogram 1	1	735.003655123	735.867610914	201.107	366.724	0.8640	165.617	-75.61	
272	Spectrogram 1	1	736.994509772	737.501614258	272.086	366.724	0.5071	94.638	-74.99	
273	Spectrogram 1	1	745.427467055	746.460457675	177.447	331.235	1.0330	153.788	-72.36	
274	Spectrogram 1	1	750.066534020	751.024398049	130.128	212.937	0.9579	82.809	-76.38	
275	Spectrogram 1	1	752.132515259	753.127942584	106.468	189.277	0.9954	82.809	-77.80	
276	Spectrogram 1	1	741.276722928	741.802609062	189.277	295.746	0.5259	106.469	-75.25	
277	Spectrogram 1	1	754.179714851	754.837072518	201.107	366.724	0.6574	165.617	-76.25	
278	Spectrogram 1	1	757.917262730	759.908117379	236.596	390.384	1.9909	153.788	-74.99	
279	Spectrogram 1	1	761.204047185	761.823841557	165.617	272.086	0.6198	106.469	-77.75	
280	Spectrogram 1	1	765.411136255	766.275092046	165.617	366.724	0.8640	201.107	-74.09	
281	Spectrogram 1	1	766.406563579	766.669506646	260.256	354.895	0.2629	94.639	-70.21	
282	Spectrogram 1	1	769.234701624	769.566717384	266.171	343.065	0.3320	76.894	-59.45	
283	Spectrogram 1	1	771.412725010	772.355649769	195.192	301.660	0.9429	106.468	-75.35	
284	Spectrogram 1	1	774.846639187	776.086227931	201.107	272.086	1.2396	70.979	-70.57	
285	Spectrogram 1	1	776.987747017	777.288253379	248.426	343.065	0.3005	94.639	-77.99	
286	Spectrogram 1	1	780.274535353	781.908538696	106.468	212.937	1.6340	106.469	-75.23	
287	Spectrogram 1	1	782.277928343	782.785032829	248.426	307.575	0.5071	59.149	-76.99	
288	Spectrogram 1	1	787.273846613	787.799732747	106.468	331.235	0.5259	224.767	-78.48	
289	Spectrogram 1	1	790.744544131	791.182804934	158.934	309.503	0.4383	150.569	-76.84	
290	Spectrogram 1	1	794.595926947	795.326361619	200.759	301.138	0.7304	100.379	-71.68	
291	Spectrogram 1	1	799.629285870	800.200352977	234.219	301.138	0.5711	66.919	-76.86	
292	Spectrogram 1	1	805.462947210	806.020733687	184.029	326.233	0.5578	142.204	-78.19	
293	Spectrogram 1	1	808.995594897	809.845555243	200.759	334.598	0.8500	133.839	-77.56	
294	Spectrogram 1	1	820.948154247	821.240328116	133.839	284.408	0.2922	150.569	-72.18	
295	Spectrogram 1	1	823.524596545	824.002699239	100.379	309.503	0.4781	209.124	-69.05	
296	Spectrogram 1	1	824.746414542	825.197955975	242.583	334.598	0.4515	92.014	-75.99	
297	Spectrogram 1	1	831.546097308	832.369496393	108.744	184.029	0.8234	75.285	-76.30	
298	Spectrogram 1	1	834.255345910	834.786571126	217.489	334.598	0.5312	117.109	-74.96	
299	Spectrogram 1	1	848.837472002	849.315574696	158.934	292.773	0.4781	133.839	-75.76	
300	Spectrogram 1	1	857.124585373	858.001106979	142.204	284.408	0.8765	142.204	-75.02	
301	Spectrogram 1	1	861.666551502	862.489950587	225.854	351.328	0.8234	125.474	-73.98	
302	Spectrogram 1	1	864.242993800	864.827341538	209.124	384.788	0.5843	175.664	-79.68	
303	Spectrogram 1	1	867.138171228	868.359989225	100.379	317.868	1.2218	217.489	-76.25	
304	Spectrogram 1	1	871.255166652	872.609790953	209.124	376.423	1.3546	167.299	-77.27	
305	Spectrogram 1	1	873.751925168	875.425284599	476.802	711.020	1.6734	234.219	-74.43	
306	Spectrogram 1	1	877.417379159	878.745442199	485.167	786.305	1.3281	301.138	-75.19	
307	Spectrogram 1	1	882.570263755	883.659275448	543.722	811.400	1.0890	267.678	-73.05	
308	Spectrogram 1	1	886.474769093	888.015322220	568.816	828.130	1.5406	259.313	-75.34	
309	Spectrogram 1	1	892.451052774	894.124412205	526.992	819.765	1.6734	292.773	-74.27	
310	Spectrogram 1	1	896.328996851	898.241407629	476.802	811.400	1.9124	334.598	-73.23	
311	Spectrogram 1	1	904.403609399	905.625427396	568.816	761.210	1.2218	192.394	-73.01	
312	Spectrogram 1	1	902.013095927	903.314597706	493.532	769.575	1.3015	276.043	-71.55	
313	Spectrogram 1	1	908.653411128	909.662739039	568.816	836.495	1.0093	267.678	-73.82	
314	Spectrogram 1	1	910.778311992	912.000129989	476.802	744.480	1.2218	267.678	-71.36	
315	Spectrogram 1	1	913.779734463	915.054674982	535.357	844.860	1.2749	309.503	-72.38	
316	Spectrogram 1	1	926.688507214	928.043131515	526.992	844.860	1.3546	317.868	-70.92	
317	Spectrogram 1	1	929.610245903	931.150799029	518.627	811.400	1.5406	292.773	-71.95	
318	Spectrogram 1	1	935.108426889	936.622418755	593.911	869.954	1.5140	276.043	-71.29	
319	Spectrogram 1	1	912.690722770	913.567244377	192.394	309.503	0.8765	117.109	-77.95	
320	Spectrogram 1	1	915.824951545	916.462421804	225.854	309.503	0.6375	83.649	-78.53	
321	Spectrogram 1	1	931.044553986	931.867953071	200.759	334.598	0.8234	133.839	-77.71	
322	Spectrogram 1	1	932.638229634	933.435067458	225.854	384.788	0.7968	158.934	-76.20	
323	Spectrogram 1	1	942.386200651	943.156477215	225.854	351.328	0.7703	125.474	-75.77	
324	Spectrogram 1	1	947.034421292	948.442168115	526.992	736.115	1.4077	209.124	-71.61	
325	Spectrogram 1	1	949.239005939	952.160744627	443.342	761.210	2.9217	317.868	-73.03	
326	Spectrogram 1	1	956.118372487	957.021455354	535.357	794.670	0.9031	259.313	-71.29	
327	Spectrogram 1	1	948.282800550	949.504618547	200.759	301.138	1.2218	100.379	-75.45	
328	Spectrogram 1	1	958.163589569	958.827621089	142.204	225.854	0.6640	83.649	-76.05	
329	Spectrogram 1	1	958.641692263	960.766593128	200.759	342.963	2.1249	142.204	-77.57	
330	Spectrogram 1	1	964.432039267	965.255438352	192.394	326.233	0.8234	133.839	-75.45	
331	Spectrogram 1	1	970.833303121	971.709824727	192.394	301.138	0.8765	108.744	-69.85	
332	Spectrogram 1	1	989.266818119	989.904288378	184.029	326.233	0.6375	142.204	-74.63	
333	Spectrogram 1	1	990.462074855	991.763576634	451.707	719.385	1.3015	267.678	-61.64	
334	Spectrogram 1	1	994.127528846	995.216540539	543.722	819.765	1.0890	276.043	-63.07	
335	Spectrogram 1	1	999.041362095	999.838199919	501.897	869.954	0.7968	368.058	-63.68	
336	Spectrogram 1	1	997.846105358	998.244524270	225.854	317.868	0.3984	92.014	-79.22	
337	Spectrogram 1	1	998.483575618	999.094484616	150.569	292.773	0.6109	142.204	-72.79	
338	Spectrogram 1	1	1008.098740331	1009.373680849	568.816	836.495	1.2749	267.678	-62.74	
339	Spectrogram 1	1	1011.897000626	1012.720399711	769.575	1037.253	0.8234	267.678	-66.73	
340	Spectrogram 1	1	1017.235814047	1017.846723046	660.831	920.144	0.6109	259.313	-65.50	
341	Spectrogram 1	1	1028.046247195	1028.975891323	602.276	928.509	0.9296	326.233	-69.02	
342	Spectrogram 1	1	1036.519289391	1037.422372259	677.561	1045.618	0.9031	368.058	-71.33	
343	Spectrogram 1	1	1034.633437150	1035.616203800	117.109	192.394	0.9828	75.285	-65.92	
344	Spectrogram 1	1	1036.227112798	1036.944266840	276.043	359.693	0.7172	83.649	-75.90	
345	Spectrogram 1	1	1056.134941809	1057.595811153	736.115	811.400	1.4609	75.285	-68.20	
346	Spectrogram 1	1	1056.666167025	1057.303637284	853.225	945.239	0.6375	92.014	-76.77	
347	Spectrogram 1	1	1066.706323609	1068.220315475	627.371	836.495	1.5140	209.124	-69.65	
348	Spectrogram 1	1	1070.132726253	1071.142054163	619.006	794.670	1.0093	175.664	-66.79	
349	Spectrogram 1	1	1052.894467991	1053.664744554	610.641	811.400	0.7703	200.759	-67.23	
350	Spectrogram 1	1	1050.663322083	1051.327353603	1480.596	1547.515	0.6640	66.920	-71.93	
351	Spectrogram 1	1	1054.541266161	1055.311542724	1455.501	1706.449	0.7703	250.948	-75.74	
352	Spectrogram 1	1	1062.881502053	1063.386166008	577.181	769.575	0.5047	192.394	-70.38	
353	Spectrogram 1	1	1069.282765907	1070.159287513	1564.245	1639.530	0.8765	75.285	-74.66	
354	Spectrogram 1	1	1071.992014509	1073.107587463	1430.406	1564.245	1.1156	133.839	-72.08	
355	Spectrogram 1	1	1076.427720766	1077.251119851	1505.690	1631.165	0.8234	125.474	-65.73	
356	Spectrogram 1	1	1085.086691788	1085.803845830	250.948	368.058	0.7172	117.109	-75.63	
357	Spectrogram 1	1	1086.096019699	1087.105347609	577.181	635.736	1.0093	58.555	-69.62	
358	Spectrogram 1	1	1089.734912429	1091.142659251	602.276	719.385	1.4077	117.109	-69.66	
359	Spectrogram 1	1	1088.964635865	1089.708351168	175.664	309.503	0.7437	133.839	-72.74	
360	Spectrogram 1	1	1088.034991737	1088.938074605	1455.501	1572.610	0.9031	117.109	-70.21	
361	Spectrogram 1	1	1092.098864640	1093.001947508	1430.406	1530.785	0.9031	100.379	-71.41	
362	Spectrogram 1	1	1095.764318631	1096.295543847	1472.231	1572.610	0.5312	100.379	-74.82	
363	Spectrogram 1	1	1099.828191534	1100.518784315	1447.136	1497.325	0.6906	50.190	-71.97	
364	Spectrogram 1	1	1093.665979028	1094.090959201	184.029	309.503	0.4250	125.474	-73.91	
365	Spectrogram 1	1	1097.490800584	1099.482895144	560.451	711.020	1.9921	150.569	-68.67	
366	Spectrogram 1	1	1102.006214920	1102.457756354	1430.406	1480.596	0.4515	50.190	-72.09	
367	Spectrogram 1	1	1102.510878876	1102.962420309	1438.771	1497.325	0.4515	58.555	-74.41	
368	Spectrogram 1	1	1103.998309481	1104.449850914	1380.216	1488.961	0.4515	108.744	-72.95	
369	Spectrogram 1	1	1106.070087823	1106.840364387	518.627	786.305	0.7703	267.678	-70.93	
370	Spectrogram 1	1	1103.121775787	1103.892052350	83.649	184.029	0.7703	100.379	-69.11	un
371	Spectrogram 1	1	1109.974581074	1110.691735116	510.262	761.210	0.7172	250.948	-66.37	
372	Spectrogram 1	1	1113.055687328	1113.640035065	568.816	752.845	0.5843	184.029	-64.55	
373	Spectrogram 1	1	1118.925725966	1119.908492615	506.079	593.911	0.9828	87.832	-64.98	
374	Spectrogram 1	1	1119.988176398	1121.103749351	652.466	819.765	1.1156	167.299	-68.23	
375	Spectrogram 1	1	1122.750547521	1124.397345691	460.072	844.860	1.6468	384.788	-71.53	
376	Spectrogram 1	1	1123.148966433	1123.972365518	192.394	309.503	0.8234	117.109	-72.75	
377	Spectrogram 1	1	1124.875448386	1126.097266383	100.379	175.664	1.2218	75.285	-65.38	
378	Spectrogram 1	1	1131.090783414	1133.056316713	510.262	811.400	1.9655	301.138	-71.32	
379	Spectrogram 1	1	1134.729676144	1135.473391447	886.684	1129.268	0.7437	242.583	-74.91	
380	Spectrogram 1	1	1134.623431101	1135.207778838	560.451	769.575	0.5843	209.124	-66.54	
381	Spectrogram 1	1	1128.195605986	1129.019005071	108.744	184.029	0.8234	75.285	-72.02	
382	Spectrogram 1	1	1135.393707664	1136.456158096	175.664	292.773	1.0625	117.109	-73.54	
383	Spectrogram 1	1	1138.421691396	1138.687304004	878.319	1171.093	0.2656	292.773	-75.12	
384	Spectrogram 1	1	1139.271651742	1139.802876958	485.167	769.575	0.5312	284.408	-68.01	
385	Spectrogram 1	1	1140.546592260	1140.918449911	911.779	1196.187	0.3719	284.408	-71.89	
386	Spectrogram 1	1	1142.299635473	1142.618370603	828.130	1221.282	0.3187	393.153	-75.35	
387	Spectrogram 1	1	1142.857408687	1144.610451900	518.627	652.466	1.7530	133.839	-69.62	
388	Spectrogram 1	1	1146.540199956	1147.496405345	434.977	535.357	0.9562	100.379	-67.37	
389	Spectrogram 1	1	1147.894824257	1148.479171995	895.049	1112.538	0.5843	217.489	-67.57	
390	Spectrogram 1	1	1150.683756641	1151.268104379	861.590	1246.377	0.5843	384.788	-73.98	
391	Spectrogram 1	1	1150.152531425	1150.657195381	869.954	936.874	0.5047	66.920	-72.46	
392	Spectrogram 1	1	1153.871107938	1155.650712412	451.707	585.546	1.7796	133.839	-66.09	
393	Spectrogram 1	1	1170.259405854	1171.507785112	359.693	476.802	1.2484	117.109	-65.17	
394	Spectrogram 1	1	1166.301777994	1167.842331121	418.247	535.357	1.5406	117.109	-66.93	
395	Spectrogram 1	1	1157.536561929	1158.306838492	819.765	886.684	0.7703	66.920	-69.25	
396	Spectrogram 1	1	1153.738301634	1154.774190805	175.664	259.313	1.0359	83.649	-74.45	
397	Spectrogram 1	1	1157.403755625	1157.908419580	418.247	493.532	0.5047	75.285	-66.86	
398	Spectrogram 1	1	1158.333399753	1158.917747491	510.262	585.546	0.5843	75.285	-68.22	
399	Spectrogram 1	1	1174.535768844	1175.465412972	342.963	543.722	0.9296	200.759	-71.42	
400	Spectrogram 1	1	1177.351262489	1178.812131833	744.480	1020.524	1.4609	276.043	-73.30	
401	Spectrogram 1	1	1161.706679875	1162.211343830	384.788	434.977	0.5047	50.190	-63.11	
402	Spectrogram 1	1	1174.907610145	1176.740337141	108.744	175.664	1.8327	66.920	-72.89	
403	Spectrogram 1	1	1178.838676744	1180.299546089	342.963	451.707	1.4609	108.744	-65.07	
404	Spectrogram 1	1	1182.451008214	1183.725948732	292.773	434.977	1.2749	142.204	-65.80	
405	Spectrogram 1	1	1180.644842479	1181.043261391	685.926	1137.633	0.3984	451.707	-78.43	
406	Spectrogram 1	1	1187.657015331	1188.294485591	736.115	878.319	0.6375	142.204	-62.85	
407	Spectrogram 1	1	1189.649109892	1191.056856714	301.138	451.707	1.4077	150.569	-67.45	
408	Spectrogram 1	1	1193.739544056	1195.306658443	250.948	376.423	1.5671	125.474	-66.02	
409	Spectrogram 1	1	1198.361203435	1199.583021432	677.561	1020.524	1.2218	342.963	-71.27	
410	Spectrogram 1	1	1201.415748428	1202.318831295	694.291	936.874	0.9031	242.583	-70.44	
411	Spectrogram 1	1	1201.761044818	1203.248475423	276.043	468.437	1.4874	192.394	-68.16	
412	Spectrogram 1	1	1204.018739419	1205.293679938	117.109	192.394	1.2749	75.285	-69.85	
413	Spectrogram 1	1	1205.585853806	1206.887355586	250.948	401.517	1.3015	150.569	-62.87	
414	Spectrogram 1	1	1210.048145622	1211.774627574	200.759	409.882	1.7265	209.124	-71.18	
415	Spectrogram 1	1	1213.633915830	1215.068223914	217.489	384.788	1.4343	167.299	-65.42	
416	Spectrogram 1	1	1217.883717559	1218.813361687	209.124	401.517	0.9296	192.394	-63.51	
417	Spectrogram 1	1	1218.361820253	1219.477393207	652.466	761.210	1.1156	108.744	-71.68	
418	Spectrogram 1	1	1220.885140030	1221.788222897	225.854	334.598	0.9031	108.744	-68.91	
419	Spectrogram 1	1	1223.966246283	1224.895890411	217.489	342.963	0.9296	125.474	-73.60	
420	Spectrogram 1	1	1225.347431845	1226.861423711	184.029	376.423	1.5140	192.394	-69.69	
421	Spectrogram 1	1	1209.012256450	1209.623165449	677.561	853.225	0.6109	175.664	-68.71	
422	Spectrogram 1	1	1211.429331183	1211.907433878	694.291	844.860	0.4781	150.569	-69.59	
423	Spectrogram 1	1	1212.863639267	1213.315180700	711.020	853.225	0.4515	142.204	-68.67	
424	Spectrogram 1	1	1227.286403883	1228.641014907	677.561	911.779	1.3546	234.219	-74.36	
425	Spectrogram 1	1	1229.119117602	1229.730026600	184.029	401.517	0.6109	217.489	-62.28	
426	Spectrogram 1	1	1231.137773423	1231.456508552	627.371	936.874	0.3187	309.503	-72.38	
427	Spectrogram 1	1	1231.350263509	1232.014295029	242.583	317.868	0.6640	75.285	-72.39	
428	Spectrogram 1	1	1233.422041852	1234.086073372	209.124	376.423	0.6640	167.299	-68.86	
429	Spectrogram 1	1	1235.892239107	1236.662515670	217.489	384.788	0.7703	167.299	-70.13	
430	Spectrogram 1	1	1237.804649885	1238.787416534	627.371	1028.888	0.9828	401.517	-70.59	
431	Spectrogram 1	1	1239.929550749	1240.620143530	250.948	342.963	0.6906	92.014	-60.21	
432	Spectrogram 1	1	1233.926705807	1234.590737327	526.992	936.874	0.6640	409.882	-73.80	
433	Spectrogram 1	1	1240.354530922	1241.390420093	535.357	677.561	1.0359	142.204	-72.93	
434	Spectrogram 1	1	1246.410492296	1247.472942728	593.911	727.750	1.0625	133.839	-65.88	
435	Spectrogram 1	1	1251.404009327	1252.014918326	217.489	376.423	0.6109	158.934	-62.30	
436	Spectrogram 1	1	1249.411914767	1249.916578722	627.371	987.064	0.5047	359.693	-72.88	
437	Spectrogram 1	1	1252.705511106	1253.050807497	577.181	945.239	0.3453	368.058	-67.88	
438	Spectrogram 1	1	1255.255392144	1255.733494838	209.124	384.788	0.4781	175.664	-62.67	
439	Spectrogram 1	1	1256.105352489	1257.327170486	552.086	727.750	1.2218	175.664	-70.32	
440	Spectrogram 1	1	1258.761478570	1259.903612784	501.897	577.181	1.1421	75.285	-71.20	
441	Spectrogram 1	1	1259.664561437	1260.328592957	426.612	493.532	0.6640	66.920	-64.83	
442	Spectrogram 1	1	1260.169225392	1260.727011869	259.313	359.693	0.5578	100.379	-63.43	
443	Spectrogram 1	1	1263.994046948	1265.322109988	242.583	376.423	1.3281	133.839	-65.26	
444	Spectrogram 1	1	1266.065825291	1267.261082027	409.882	510.262	1.1953	100.379	-66.83	
445	Spectrogram 1	1	1268.828196415	1270.368749541	326.233	493.532	1.5406	167.299	-72.43	
446	Spectrogram 1	1	1269.306299109	1269.864085586	234.219	334.598	0.5578	100.379	-62.95	
447	Spectrogram 1	1	1273.378786468	1273.883450424	234.219	368.058	0.5047	133.839	-68.97	
448	Spectrogram 1	1	1276.698944069	1277.894200805	334.598	426.612	1.1953	92.014	-65.42	
449	Spectrogram 1	1	1279.434753932	1280.045662930	209.124	342.963	0.6109	133.839	-62.42	
450	Spectrogram 1	1	1279.992537190	1281.825264186	284.408	476.802	1.8327	192.394	-68.94	
451	Spectrogram 1	1	1283.312694791	1283.843920007	225.854	326.233	0.5312	100.379	-62.18	
452	Spectrogram 1	1	1287.535935258	1288.651508212	234.219	376.423	1.1156	142.204	-63.93	
453	Spectrogram 1	1	1288.810875777	1289.262417211	209.124	401.517	0.4515	192.394	-71.97	
454	Spectrogram 1	1	1290.856092859	1292.502891029	225.854	384.788	1.6468	158.934	-64.77	
455	Spectrogram 1	1	1285.225105569	1286.101627175	142.204	192.394	0.8765	50.190	-65.67	
456	Spectrogram 1	1	1297.363601756	1298.187000841	209.124	351.328	0.8234	142.204	-62.72	
457	Spectrogram 1	1	1311.887477003	1313.056172479	200.759	326.233	1.1687	125.474	-60.33	
458	Spectrogram 1	1	1314.065500389	1314.915460735	100.379	167.299	0.8500	66.920	-59.19	
459	Spectrogram 1	1	1323.335380410	1323.813483104	200.759	267.678	0.4781	66.920	-63.24	
460	Spectrogram 1	1	1327.053943512	1327.452362424	242.583	351.328	0.3984	108.744	-61.79	
461	Spectrogram 1	1	1329.842875897	1330.639713721	108.744	225.854	0.7968	117.109	-66.24	
462	Spectrogram 1	1	1340.201767610	1340.892360391	167.299	292.773	0.6906	125.474	-74.41	
463	Spectrogram 1	1	1342.937577473	1344.026589166	184.029	334.598	1.0890	150.569	-68.23	
464	Spectrogram 1	1	1347.399869288	1348.196707112	167.299	309.503	0.7968	142.204	-62.19	
465	Spectrogram 1	1	1352.366825059	1352.977734057	225.854	342.963	0.6109	117.109	-64.81	
466	Spectrogram 1	1	1356.351014179	1357.121290743	250.948	359.693	0.7703	108.744	-63.53	
