Selection	View	Channel	Begin Time (s)	End Time (s)	Low Freq (Hz)	High Freq (Hz)	Delta Time (s)	Delta Freq (Hz)	Avg Power Density (dB FS/Hz)	Annotation
1	Spectrogram 1	1	64.590403434	65.381651108	266.667	444.444	0.7912	177.777	-53.19	
2	Spectrogram 1	1	67.938630434	68.771522722	281.481	414.815	0.8329	133.334	-46.45	
3	Spectrogram 1	1	70.470622991	71.753277116	992.593	1288.889	1.2827	296.296	-49.21	
4	Spectrogram 1	1	71.480916056	72.388768650	251.852	429.630	0.9079	177.778	-48.55	
5	Spectrogram 1	1	74.254447377	74.954076899	866.667	1200.000	0.6996	333.333	-51.26	
6	Spectrogram 1	1	73.296621245	73.854659078	311.111	459.259	0.5580	148.148	-50.97	
7	Spectrogram 1	1	75.836942725	76.611532553	281.481	437.037	0.7746	155.556	-48.01	
8	Spectrogram 1	1	78.909975099	79.626262467	244.444	488.889	0.7163	244.445	-45.87	
9	Spectrogram 1	1	82.191570716	82.741279627	259.259	451.852	0.5497	192.593	-45.64	
10	Spectrogram 1	1	85.775500389	86.683352984	281.481	466.667	0.9079	185.186	-48.71	
11	Spectrogram 1	1	88.898846471	89.848343680	251.852	451.852	0.9495	200.000	-48.33	
12	Spectrogram 1	1	91.299899339	91.724674406	733.333	1037.037	0.4248	303.704	-60.11	
13	Spectrogram 1	1	92.532579926	93.190564834	807.407	1288.889	0.6580	481.482	-52.29	
14	Spectrogram 1	1	92.732474075	93.607010978	259.259	444.444	0.8745	185.185	-47.11	
15	Spectrogram 1	1	93.990141431	94.523192496	59.259	259.259	0.5331	200.000	-53.73	
16	Spectrogram 1	1	96.305581993	97.171789973	222.222	414.815	0.8662	192.593	-47.76	
17	Spectrogram 1	1	97.429986583	98.337839177	444.444	674.074	0.9079	229.630	-53.40	
18	Spectrogram 1	1	100.125384987	100.949948353	237.037	451.852	0.8246	214.815	-49.42	
19	Spectrogram 1	1	101.555126721	102.229769475	81.481	237.037	0.6746	155.556	-57.84	
20	Spectrogram 1	1	102.213111629	103.029346072	503.704	681.481	0.8162	177.777	-51.90	
21	Spectrogram 1	1	103.720646671	104.528552191	244.444	429.630	0.8079	185.186	-48.49	
22	Spectrogram 1	1	106.816002897	107.598921648	259.259	414.815	0.7829	155.556	-47.21	
23	Spectrogram 1	1	108.906562541	109.506244989	1081.481	1296.296	0.5997	214.815	-51.40	
24	Spectrogram 1	1	110.630649579	111.563488942	214.815	414.815	0.9328	200.000	-47.50	
25	Spectrogram 1	1	112.121186709	112.912434383	888.889	1251.852	0.7912	362.963	-52.24	
26	Spectrogram 1	1	112.704211311	113.820286978	511.111	711.111	1.1161	200.000	-51.85	
27	Spectrogram 1	1	114.328351274	115.311164175	244.444	414.815	0.9828	170.371	-49.07	
28	Spectrogram 1	1	116.002464774	117.526657662	459.259	770.370	1.5242	311.111	-52.42	
29	Spectrogram 1	1	118.118011187	118.842627478	237.037	392.593	0.7246	155.556	-48.20	
30	Spectrogram 1	1	121.224359816	122.140541334	251.852	429.630	0.9162	177.778	-48.30	
31	Spectrogram 1	1	125.030677575	125.755293866	259.259	414.815	0.7246	155.556	-49.24	
32	Spectrogram 1	1	125.696991406	126.596515078	851.852	1244.444	0.8995	392.592	-51.61	
33	Spectrogram 1	1	126.093607094	126.959815074	148.148	348.148	0.8662	200.000	-57.20	
34	Spectrogram 1	1	127.975943666	128.900454107	259.259	437.037	0.9245	177.778	-48.67	
35	Spectrogram 1	1	129.100348256	130.241410691	970.370	1177.778	1.1411	207.408	-50.09	
36	Spectrogram 1	1	130.807777448	132.040458035	488.889	725.926	1.2327	237.037	-48.53	
37	Spectrogram 1	1	131.782261425	132.373614950	251.852	422.222	0.5914	170.370	-48.75	
38	Spectrogram 1	1	132.323641413	132.840034632	955.556	1207.407	0.5164	251.851	-47.83	
39	Spectrogram 1	1	132.964628867	133.705903004	192.593	355.556	0.7413	162.963	-58.71	
40	Spectrogram 1	1	134.030730997	135.280069430	466.667	688.889	1.2493	222.222	-49.50	
41	Spectrogram 1	1	134.871952208	135.554923885	237.037	370.370	0.6830	133.333	-48.13	
42	Spectrogram 1	1	136.895880470	137.570523223	170.370	340.741	0.6746	170.371	-57.29	
43	Spectrogram 1	1	138.919808731	139.677740714	274.074	422.222	0.7579	148.148	-47.08	
44	Spectrogram 1	1	138.636625353	140.085857935	496.296	733.333	1.4492	237.037	-49.76	
45	Spectrogram 1	1	141.018357127	141.834591570	948.148	1200.000	0.8162	251.852	-48.40	
46	Spectrogram 1	1	142.459260787	143.317139844	214.815	459.259	0.8579	244.444	-50.80	
47	Spectrogram 1	1	143.733585988	145.049555804	859.259	1348.148	1.3160	488.889	-54.13	
48	Spectrogram 1	1	146.473801618	147.073484066	229.630	444.444	0.5997	214.814	-47.79	
49	Spectrogram 1	1	148.431098496	148.805900026	911.111	1214.815	0.3748	303.704	-58.53	
50	Spectrogram 1	1	149.872002155	150.538315986	259.259	444.444	0.6663	185.185	-48.16	
51	Spectrogram 1	1	150.721552290	152.287389792	466.667	718.519	1.5658	251.852	-50.99	
52	Spectrogram 1	1	154.253015593	154.869355887	274.074	414.815	0.6163	140.741	-44.20	
53	Spectrogram 1	1	153.811582680	154.811053427	511.111	703.704	0.9995	192.593	-50.24	
54	Spectrogram 1	1	154.044792521	155.219170648	933.333	1385.185	1.1744	451.852	-53.71	
55	Spectrogram 1	1	156.928922938	157.511947540	133.333	340.741	0.5830	207.408	-57.63	
56	Spectrogram 1	1	158.078314297	159.077785043	496.296	688.889	0.9995	192.593	-45.79	
57	Spectrogram 1	1	162.109512974	163.133970489	229.630	474.074	1.0245	244.444	-54.36	
58	Spectrogram 1	1	165.226853443	166.451205107	962.963	1244.444	1.2244	281.481	-50.95	
59	Spectrogram 1	1	165.901496196	166.801019868	155.556	400.000	0.8995	244.444	-51.75	
60	Spectrogram 1	1	168.725001055	169.757787493	888.889	1274.074	1.0328	385.185	-52.38	
61	Spectrogram 1	1	169.682827187	170.965481311	503.704	740.741	1.2827	237.037	-49.97	
62	Spectrogram 1	1	170.515719475	171.281980381	266.667	444.444	0.7663	177.777	-48.30	
63	Spectrogram 1	1	171.140388692	171.448558839	1303.704	1525.926	0.3082	222.222	-52.52	
64	Spectrogram 1	1	172.653249569	173.794312004	466.667	681.481	1.1411	214.814	-51.26	
65	Spectrogram 1	1	173.369536937	173.727680621	866.667	1355.556	0.3581	488.889	-54.75	
66	Spectrogram 1	1	174.393994452	175.126939666	274.074	481.481	0.7329	207.407	-53.01	
67	Spectrogram 1	1	176.851026703	178.017075907	474.074	755.556	1.1660	281.482	-49.35	
68	Spectrogram 1	1	177.184183619	177.608958686	1377.778	1666.667	0.4248	288.889	-60.41	
69	Spectrogram 1	1	178.896938389	179.846435598	1251.852	1844.444	0.9495	592.592	-65.29	
70	Spectrogram 1	1	178.813649160	179.554923297	288.889	444.444	0.7413	155.555	-49.32	
71	Spectrogram 1	1	180.754288192	181.245694643	1644.444	1896.296	0.4914	251.852	-64.34	
72	Spectrogram 1	1	180.546065120	181.104102954	200.000	355.556	0.5580	155.556	-58.20	
73	Spectrogram 1	1	182.569993382	183.169675829	185.185	451.852	0.5997	266.667	-54.13	
74	Spectrogram 1	1	182.836348770	183.127861071	1259.259	1496.296	0.2915	237.037	-57.55	
75	Spectrogram 1	1	184.393857350	185.185105024	851.852	1081.481	0.7912	229.629	-49.87	
76	Spectrogram 1	1	186.067970850	186.526061608	148.148	429.630	0.4581	281.482	-51.42	
77	Spectrogram 1	1	187.591824130	188.724557643	785.185	1385.185	1.1327	600.000	-54.31	
78	Spectrogram 1	1	188.049914889	188.891136101	577.778	733.333	0.8412	155.555	-50.20	
79	Spectrogram 1	1	189.607423469	190.490289295	296.296	459.259	0.8829	162.963	-63.55	
80	Spectrogram 1	1	190.623552061	191.356497275	303.704	422.222	0.7329	118.518	-46.98	
81	Spectrogram 1	1	191.189918817	192.297665561	503.704	733.333	1.1077	229.629	-48.16	
82	Spectrogram 1	1	189.515805317	189.982224999	1311.111	1644.444	0.4664	333.333	-64.28	
83	Spectrogram 1	1	192.380954790	192.739098474	844.444	1088.889	0.3581	244.445	-52.31	
84	Spectrogram 1	1	193.058090939	193.749391538	192.593	459.259	0.6913	266.666	-62.13	
85	Spectrogram 1	1	194.548968135	195.123663814	274.074	451.852	0.5747	177.778	-49.47	
86	Spectrogram 1	1	195.889924720	197.039316078	407.407	762.963	1.1494	355.556	-49.53	
87	Spectrogram 1	1	194.490665675	194.765520130	1755.556	2037.037	0.2749	281.481	-54.46	
88	Spectrogram 1	1	199.368411961	200.076370407	511.111	703.704	0.7080	192.593	-54.78	
89	Spectrogram 1	1	200.850960235	201.259077457	725.926	925.926	0.4081	200.000	-56.43	
90	Spectrogram 1	1	201.542260835	202.225232511	200.000	429.630	0.6830	229.630	-61.22	
91	Spectrogram 1	1	203.091440492	204.024279855	451.852	711.111	0.9328	259.259	-56.76	
92	Spectrogram 1	1	203.716109708	204.315792156	948.148	1200.000	0.5997	251.852	-63.63	
93	Spectrogram 1	1	205.092704892	205.958912872	540.741	666.667	0.8662	125.926	-50.42	
94	Spectrogram 1	1	205.126020583	205.967241795	837.037	1081.481	0.8412	244.444	-49.36	
95	Spectrogram 1	1	206.683529163	207.566394989	148.148	333.333	0.8829	185.185	-61.18	
96	Spectrogram 1	1	208.041143593	209.332126641	733.333	1059.259	1.2910	325.926	-51.62	
97	Spectrogram 1	1	211.089529370	211.480988745	733.333	1162.963	0.3915	429.630	-58.01	
98	Spectrogram 1	1	213.296354327	214.420758916	800.000	1207.407	1.1244	407.407	-53.99	
99	Spectrogram 1	1	213.779431854	214.837205061	503.704	696.296	1.0578	192.592	-53.96	
100	Spectrogram 1	1	216.228135183	217.760656994	755.556	1274.074	1.5325	518.518	-55.50	
101	Spectrogram 1	1	219.465083097	220.364606769	674.074	1111.111	0.8995	437.037	-48.89	
102	Spectrogram 1	1	223.004875324	223.396334699	614.815	985.185	0.3915	370.370	-51.23	
103	Spectrogram 1	1	223.996017147	225.253684503	555.556	733.333	1.2577	177.777	-53.72	
104	Spectrogram 1	1	224.887211896	225.620157110	1037.037	1229.630	0.7329	192.593	-50.14	
105	Spectrogram 1	1	225.770077722	226.886153389	696.296	940.741	1.1161	244.445	-49.14	
106	Spectrogram 1	1	227.136021075	228.285412434	481.481	696.296	1.1494	214.815	-54.89	
107	Spectrogram 1	1	227.952255518	228.985041956	814.815	1207.407	1.0328	392.592	-52.10	
108	Spectrogram 1	1	229.026686570	230.184406852	614.815	859.259	1.1577	244.444	-46.41	
109	Spectrogram 1	1	232.055241758	232.421714365	570.370	792.593	0.3665	222.223	-47.33	
110	Spectrogram 1	1	232.546648209	233.379540497	511.111	666.667	0.8329	155.556	-52.37	
111	Spectrogram 1	1	232.938107584	233.504474341	162.963	362.963	0.5664	200.000	-58.95	
112	Spectrogram 1	1	234.653865699	234.987022614	562.963	814.815	0.3332	251.852	-46.85	
113	Spectrogram 1	1	235.153601072	235.961506592	118.519	340.741	0.8079	222.222	-62.86	
114	Spectrogram 1	1	236.302992430	236.586175809	1911.111	2162.963	0.2832	251.852	-57.15	
115	Spectrogram 1	1	237.219173948	238.335249615	614.815	851.852	1.1161	237.037	-45.07	
116	Spectrogram 1	1	239.159812980	239.726179737	229.630	377.778	0.5664	148.148	-59.57	
117	Spectrogram 1	1	240.192599418	241.192070165	540.741	770.370	0.9995	229.629	-45.25	
118	Spectrogram 1	1	241.850055073	242.866183665	548.148	792.593	1.0161	244.445	-50.08	
119	Spectrogram 1	1	244.681549165	245.247915921	570.370	740.741	0.5664	170.371	-45.25	
120	Spectrogram 1	1	246.405636202	247.213541722	918.519	1385.185	0.8079	466.666	-55.26	
121	Spectrogram 1	1	247.280173105	247.588343252	518.519	829.630	0.3082	311.111	-53.70	
122	Spectrogram 1	1	248.951283517	251.216750542	518.519	800.000	2.2655	281.481	-48.12	
123	Spectrogram 1	1	249.476005659	249.984069955	903.704	1051.852	0.5081	148.148	-49.18	
124	Spectrogram 1	1	252.326990681	252.576858368	888.889	1155.556	0.2499	266.667	-53.69	
125	Spectrogram 1	1	252.168741146	253.134896201	577.778	807.407	0.9662	229.629	-50.06	
126	Spectrogram 1	1	253.284816813	254.525826323	570.370	866.667	1.2410	296.297	-44.96	
127	Spectrogram 1	1	254.725720472	255.816809371	962.963	1192.593	1.0911	229.630	-49.17	
128	Spectrogram 1	1	255.208798000	255.791822602	533.333	770.370	0.5830	237.037	-47.55	
129	Spectrogram 1	1	257.049489958	258.057289627	503.704	829.630	1.0078	325.926	-49.20	
130	Spectrogram 1	1	258.323815159	259.448219749	859.259	1296.296	1.1244	437.037	-55.89	
131	Spectrogram 1	1	260.214141047	260.455679810	540.741	814.815	0.2415	274.074	-48.23	
132	Spectrogram 1	1	261.238598562	261.571755477	911.111	1148.148	0.3332	237.037	-56.00	
133	Spectrogram 1	1	262.296371768	264.078761266	548.148	829.630	1.7824	281.482	-45.96	
134	Spectrogram 1	1	263.670644045	264.062103420	1044.444	1214.815	0.3915	170.371	-60.23	
135	Spectrogram 1	1	265.677914460	266.669056284	911.111	1214.815	0.9911	303.704	-48.88	
136	Spectrogram 1	1	266.152663065	267.876750102	570.370	851.852	1.7241	281.482	-46.08	
137	Spectrogram 1	1	268.267869608	268.842565287	948.148	1185.185	0.5747	237.037	-61.06	
138	Spectrogram 1	1	268.875880979	269.458905581	533.333	740.741	0.5830	207.408	-51.68	
139	Spectrogram 1	1	269.442247735	270.291797870	807.407	1022.222	0.8496	214.815	-58.43	
140	Spectrogram 1	1	270.000285569	270.833177857	548.148	822.222	0.8329	274.074	-46.52	
141	Spectrogram 1	1	271.840977526	272.140818750	629.630	851.852	0.2998	222.222	-46.86	
142	Spectrogram 1	1	273.181934111	273.523419949	600.000	888.889	0.3415	288.889	-49.87	
143	Spectrogram 1	1	274.575357628	274.933501312	651.852	844.444	0.3581	192.592	-48.99	
144	Spectrogram 1	1	275.200026845	276.482680969	555.556	762.963	1.2827	207.407	-46.93	
145	Spectrogram 1	1	276.149524054	277.032389880	155.556	377.778	0.8829	222.222	-61.22	
146	Spectrogram 1	1	276.790851116	278.248412621	562.963	859.259	1.4576	296.296	-45.81	
147	Spectrogram 1	1	278.948042143	279.256212290	711.111	911.111	0.3082	200.000	-56.96	
148	Spectrogram 1	1	279.456106440	281.238495937	540.741	888.889	1.7824	348.148	-47.07	
149	Spectrogram 1	1	280.197380576	281.230167014	325.926	518.519	1.0328	192.593	-61.02	
150	Spectrogram 1	1	283.073351480	283.714678543	496.296	777.778	0.6413	281.482	-46.30	
151	Spectrogram 1	1	285.447094503	285.713620035	637.037	1044.444	0.2665	407.407	-56.86	
152	Spectrogram 1	1	285.746935727	286.513196632	481.481	725.926	0.7663	244.445	-54.33	
153	Spectrogram 1	1	287.304444307	289.128478419	540.741	851.852	1.8240	311.111	-45.50	
154	Spectrogram 1	1	289.511608871	290.144607011	533.333	785.185	0.6330	251.852	-46.51	
155	Spectrogram 1	1	290.652671307	293.084716790	503.704	881.481	2.4320	377.777	-46.84	
156	Spectrogram 1	1	294.875095391	296.041144596	533.333	807.407	1.1660	274.074	-44.53	
157	Spectrogram 1	1	297.681942404	298.023428242	577.778	970.370	0.3415	392.592	-50.64	
158	Spectrogram 1	1	298.714728842	299.505976516	503.704	725.926	0.7912	222.222	-47.32	
159	Spectrogram 1	1	299.722528511	300.980195867	518.519	762.963	1.2577	244.444	-42.95	
160	Spectrogram 1	1	301.301851169	302.667794522	637.037	1037.037	1.3659	400.000	-47.19	
161	Spectrogram 1	1	302.409597913	303.225832356	503.704	622.222	0.8162	118.518	-50.53	
162	Spectrogram 1	1	303.459042197	304.258618794	444.444	592.593	0.7996	148.149	-43.23	
163	Spectrogram 1	1	303.875488341	304.483499712	696.296	859.259	0.6080	162.963	-42.04	
164	Spectrogram 1	1	304.766683090	305.816127373	674.074	896.296	1.0494	222.222	-43.60	
165	Spectrogram 1	1	305.699522453	306.365836284	229.630	385.185	0.6663	155.555	-57.04	
166	Spectrogram 1	1	306.807269197	307.140426112	629.630	888.889	0.3332	259.259	-42.45	
167	Spectrogram 1	1	306.765624582	307.223715341	466.667	688.889	0.4581	222.222	-45.15	
168	Spectrogram 1	1	308.597987617	309.280959294	688.889	911.111	0.6830	222.222	-45.89	
169	Spectrogram 1	1	309.477850086	311.601725422	481.481	674.074	2.1239	192.593	-45.81	
170	Spectrogram 1	1	311.718330342	312.043158335	644.444	918.519	0.3248	274.075	-49.84	
171	Spectrogram 1	1	313.347796139	314.505516421	674.074	800.000	1.1577	125.926	-43.79	
172	Spectrogram 1	1	313.581005980	314.963607179	451.852	592.593	1.3826	140.741	-46.52	
173	Spectrogram 1	1	314.996922871	316.679365294	629.630	962.963	1.6824	333.333	-46.27	
174	Spectrogram 1	1	316.962548672	317.637191426	444.444	733.333	0.6746	288.889	-46.47	
175	Spectrogram 1	1	318.145255722	319.586159381	592.593	940.741	1.4409	348.148	-43.56	
176	Spectrogram 1	1	320.379900183	320.771359559	444.444	792.593	0.3915	348.149	-44.43	
177	Spectrogram 1	1	320.879635557	321.529291542	185.185	437.037	0.6497	251.852	-57.51	
178	Spectrogram 1	1	322.212263218	322.628709363	592.593	1007.407	0.4164	414.814	-46.81	
179	Spectrogram 1	1	322.961866278	323.378312422	459.259	696.296	0.4164	237.037	-52.62	
180	Spectrogram 1	1	323.794758567	325.385582838	481.481	629.630	1.5908	148.149	-45.37	
181	Spectrogram 1	1	324.935821002	326.168501589	651.852	829.630	1.2327	177.778	-44.18	
182	Spectrogram 1	1	326.601605579	327.676036632	688.889	837.037	1.0744	148.148	-45.18	
183	Spectrogram 1	1	327.317892947	328.167443082	451.852	629.630	0.8496	177.778	-47.01	
184	Spectrogram 1	1	327.942562164	328.617204918	688.889	925.926	0.6746	237.037	-43.89	
185	Spectrogram 1	1	328.558902458	328.925375065	437.037	703.704	0.3665	266.667	-43.98	
186	Spectrogram 1	1	329.663476304	330.721249511	637.037	829.630	1.0578	192.593	-43.30	
187	Spectrogram 1	1	331.104379964	331.595786414	466.667	837.037	0.4914	370.370	-43.96	
188	Spectrogram 1	1	333.311544528	333.636372521	614.815	962.963	0.3248	348.148	-44.49	
189	Spectrogram 1	1	333.983184194	336.090401684	444.444	755.556	2.1072	311.112	-48.19	
190	Spectrogram 1	1	336.190348759	338.072685331	622.222	888.889	1.8823	266.667	-43.50	
191	Spectrogram 1	1	338.147645637	339.305365918	466.667	629.630	1.1577	162.963	-43.05	
192	Spectrogram 1	1	338.639052087	339.430299761	651.852	948.148	0.7912	296.296	-42.76	
193	Spectrogram 1	1	339.921706212	340.204889590	659.259	888.889	0.2832	229.630	-46.66	
194	Spectrogram 1	1	341.295639185	342.311767777	666.667	859.259	1.0161	192.592	-40.78	
195	Spectrogram 1	1	341.920308402	342.378399160	392.593	607.407	0.4581	214.814	-45.95	
196	Spectrogram 1	1	344.943707409	345.435113860	503.704	977.778	0.4914	474.074	-47.37	
197	Spectrogram 1	1	345.901533541	347.617291656	437.037	644.444	1.7158	207.407	-44.37	
198	Spectrogram 1	1	347.683923039	349.074853161	585.185	955.556	1.3909	370.371	-46.07	
199	Spectrogram 1	1	349.729665458	350.887385740	400.000	562.963	1.1577	162.963	-39.88	
200	Spectrogram 1	1	349.621389461	350.920701431	629.630	933.333	1.2993	303.703	-43.97	
201	Spectrogram 1	1	351.428765727	351.911843255	674.074	896.296	0.4831	222.222	-41.56	
202	Spectrogram 1	1	353.052905690	353.519325372	377.778	585.185	0.4664	207.407	-42.46	
203	Spectrogram 1	1	352.986274307	353.819166596	614.815	911.111	0.8329	296.296	-43.23	
204	Spectrogram 1	1	354.427177966	354.727019190	651.852	940.741	0.2998	288.889	-43.63	
205	Spectrogram 1	1	356.025991553	357.200369680	370.370	525.926	1.1744	155.556	-40.92	
206	Spectrogram 1	1	356.475753389	356.767265690	577.778	1000.000	0.2915	422.222	-47.21	
207	Spectrogram 1	1	357.458566289	358.041590891	340.741	548.148	0.5830	207.407	-42.49	
208	Spectrogram 1	1	358.274800732	360.107163767	614.815	837.037	1.8324	222.222	-42.30	
209	Spectrogram 1	1	359.940585309	361.323186508	355.556	562.963	1.3826	207.407	-39.74	
210	Spectrogram 1	1	361.775441739	362.100269732	525.926	777.778	0.3248	251.852	-48.05	
211	Spectrogram 1	1	362.433426647	363.582818006	614.815	837.037	1.1494	222.222	-42.06	
212	Spectrogram 1	1	363.474542008	363.899317075	355.556	548.148	0.4248	192.592	-38.65	
213	Spectrogram 1	1	364.165842608	364.715551518	659.259	859.259	0.5497	200.000	-40.17	
214	Spectrogram 1	1	366.303372701	366.586556079	511.111	911.111	0.2832	400.000	-47.67	
215	Spectrogram 1	1	366.753134537	368.460563729	370.370	533.333	1.7074	162.963	-40.02	
216	Spectrogram 1	1	368.760404952	369.043588331	600.000	948.148	0.2832	348.148	-47.33	
217	Spectrogram 1	1	370.520301077	371.827941970	325.926	540.741	1.3076	214.815	-38.89	
218	Spectrogram 1	1	370.936747221	372.752452410	577.778	800.000	1.8157	222.222	-42.07	
219	Spectrogram 1	1	374.057090215	374.465207436	592.593	851.852	0.4081	259.259	-49.49	
220	Spectrogram 1	1	374.265313287	375.023245270	296.296	525.926	0.7579	229.630	-41.85	
221	Spectrogram 1	1	374.831680043	375.956084633	607.407	881.481	1.1244	274.074	-42.88	
222	Spectrogram 1	1	376.597411695	376.963884302	577.778	829.630	0.3665	251.852	-43.68	
223	Spectrogram 1	1	377.430303984	379.187706713	274.074	481.481	1.7574	207.407	-42.06	
224	Spectrogram 1	1	378.421445807	378.762931646	592.593	851.852	0.3415	259.259	-43.96	
225	Spectrogram 1	1	380.964260683	382.488453571	266.667	474.074	1.5242	207.407	-43.54	
226	Spectrogram 1	1	382.771636949	384.212540608	592.593	925.926	1.4409	333.333	-46.93	
227	Spectrogram 1	1	385.106228752	386.064054884	237.037	422.222	0.9578	185.185	-19.77	
228	Spectrogram 1	1	385.764213660	387.113499168	614.815	792.593	1.3493	177.778	-22.93	
229	Spectrogram 1	1	387.363366854	388.471113598	607.407	837.037	1.1077	229.630	-24.50	
230	Spectrogram 1	1	387.954720379	390.111911407	251.852	444.444	2.1572	192.592	-25.85	
231	Spectrogram 1	1	388.862572974	390.128569253	585.185	800.000	1.2660	214.815	-25.91	
232	Spectrogram 1	1	389.795412337	390.153556021	933.333	1303.704	0.3581	370.371	-35.21	
233	Spectrogram 1	1	391.197164777	393.296053344	214.815	466.667	2.0989	251.852	-35.07	
234	Spectrogram 1	1	392.088359526	392.504805670	503.704	844.444	0.4164	340.740	-34.93	
235	Spectrogram 1	1	392.862949354	393.637539183	488.889	755.556	0.7746	266.667	-39.99	
236	Spectrogram 1	1	394.811917310	395.694783136	222.222	400.000	0.8829	177.778	-32.88	
237	Spectrogram 1	1	394.761943772	396.069584666	555.556	844.444	1.3076	288.888	-34.28	
238	Spectrogram 1	1	397.890446167	399.231402752	533.333	770.370	1.3410	237.037	-33.86	
239	Spectrogram 1	1	398.240260928	399.864400891	207.407	422.222	1.6241	214.815	-37.37	
240	Spectrogram 1	1	400.097610732	400.389123033	659.259	903.704	0.2915	244.445	-36.77	
241	Spectrogram 1	1	401.188699630	401.646790389	214.815	451.852	0.4581	237.037	-47.09	
242	Spectrogram 1	1	401.996605150	403.220956814	170.370	392.593	1.2244	222.223	-36.25	
243	Spectrogram 1	1	401.546843314	402.421380217	481.481	770.370	0.8745	288.889	-34.88	
244	Spectrogram 1	1	402.571300829	403.046049434	451.852	740.741	0.4747	288.889	-41.27	
245	Spectrogram 1	1	404.481117565	404.872576941	459.259	651.852	0.3915	192.593	-39.89	
246	Spectrogram 1	1	405.055813244	405.447272620	422.222	703.704	0.3915	281.482	-41.57	
247	Spectrogram 1	1	405.505575080	406.463401212	229.630	392.593	0.9578	162.963	-37.48	
248	Spectrogram 1	1	406.763242436	408.312422093	525.926	748.148	1.5492	222.222	-33.20	
249	Spectrogram 1	1	408.409366643	410.200085063	200.000	451.852	1.7907	251.852	-39.69	
250	Spectrogram 1	1	409.783638919	410.758122896	540.741	792.593	0.9745	251.852	-35.92	
251	Spectrogram 1	1	411.057964120	411.799238257	525.926	814.815	0.7413	288.889	-33.26	
252	Spectrogram 1	1	411.890856409	412.773722235	429.630	659.259	0.8829	229.629	-38.45	
253	Spectrogram 1	1	412.082421635	413.123536996	170.370	377.778	1.0411	207.408	-36.63	
254	Spectrogram 1	1	413.514996372	413.831495441	481.481	792.593	0.3165	311.112	-34.35	
255	Spectrogram 1	1	414.672377045	415.480282565	414.815	637.037	0.8079	222.222	-40.79	
256	Spectrogram 1	1	415.530256103	416.346490545	192.593	377.778	0.8162	185.185	-35.14	
257	Spectrogram 1	1	415.955031170	416.296517008	437.037	822.222	0.3415	385.185	-35.51	
258	Spectrogram 1	1	418.178853580	419.411534168	496.296	918.519	1.2327	422.223	-34.57	
259	Spectrogram 1	1	418.611957570	419.494823396	192.593	362.963	0.8829	170.370	-37.39	
260	Spectrogram 1	1	419.852627473	420.310718232	133.333	311.111	0.4581	177.778	-46.98	
261	Spectrogram 1	1	420.885413911	421.176926212	488.889	740.741	0.2915	251.852	-45.16	
262	Spectrogram 1	1	421.335175747	421.993160655	414.815	540.741	0.6580	125.926	-39.87	
263	Spectrogram 1	1	421.776608660	423.209183396	511.111	888.889	1.4326	377.778	-34.97	
264	Spectrogram 1	1	422.184725881	423.075920630	170.370	325.926	0.8912	155.556	-36.64	
265	Spectrogram 1	1	424.791678744	425.391361192	400.000	644.444	0.5997	244.444	-38.73	
266	Spectrogram 1	1	425.682873493	426.190937789	437.037	837.037	0.5081	400.000	-36.92	
267	Spectrogram 1	1	425.899425488	426.540752550	214.815	377.778	0.6413	162.963	-35.58	
268	Spectrogram 1	1	428.081263677	428.289486749	333.333	622.222	0.2082	288.889	-40.46	
269	Spectrogram 1	1	428.705932893	429.530496259	192.593	414.815	0.8246	222.222	-39.07	
270	Spectrogram 1	1	428.580999050	429.697074717	511.111	814.815	1.1161	303.704	-33.37	
271	Spectrogram 1	1	430.471664545	431.021373456	429.630	585.185	0.5497	155.555	-49.66	
272	Spectrogram 1	1	431.204609759	431.820950053	400.000	629.630	0.6163	229.630	-39.35	
273	Spectrogram 1	1	432.095804508	433.195222329	429.630	844.444	1.0994	414.814	-36.30	
274	Spectrogram 1	1	432.004186356	432.945354642	177.778	370.370	0.9412	192.592	-34.25	
275	Spectrogram 1	1	433.578352782	434.269653381	422.222	607.407	0.6913	185.185	-47.11	
276	Spectrogram 1	1	434.502863222	434.786046600	429.630	777.778	0.2832	348.148	-35.54	
277	Spectrogram 1	1	434.819362292	435.285781973	407.407	651.852	0.4664	244.445	-38.51	
278	Spectrogram 1	1	435.827161961	436.368541948	200.000	370.370	0.5414	170.370	-38.74	
279	Spectrogram 1	1	436.401857640	437.093158240	422.222	829.630	0.6913	407.408	-36.61	
280	Spectrogram 1	1	437.692840687	438.009339757	281.481	592.593	0.3165	311.112	-39.85	
281	Spectrogram 1	1	438.500746207	438.783929585	451.852	903.704	0.2832	451.852	-37.10	
282	Spectrogram 1	1	438.534061899	439.616821874	200.000	370.370	1.0828	170.370	-38.24	
283	Spectrogram 1	1	440.085734468	441.426691053	444.444	933.333	1.3410	488.889	-36.63	
284	Spectrogram 1	1	441.784834737	442.817621175	177.778	362.963	1.0328	185.185	-36.09	
285	Spectrogram 1	1	442.800963329	443.767118384	511.111	755.556	0.9662	244.445	-37.33	
286	Spectrogram 1	1	444.266853757	445.641126033	414.815	977.778	1.3743	562.963	-39.50	
287	Spectrogram 1	1	445.607470734	446.365402717	170.370	377.778	0.7579	207.408	-34.65	
288	Spectrogram 1	1	447.772990685	448.306041749	362.963	748.148	0.5331	385.185	-35.15	
289	Spectrogram 1	1	448.364344210	449.663656180	162.963	400.000	1.2993	237.037	-40.23	
290	Spectrogram 1	1	446.956756242	447.248268543	511.111	644.444	0.2915	133.333	-41.67	
291	Spectrogram 1	1	449.738616486	450.088431247	481.481	770.370	0.3498	288.889	-47.11	
292	Spectrogram 1	1	450.688113695	451.229493682	400.000	844.444	0.5414	444.444	-39.37	
293	Spectrogram 1	1	452.079043817	453.028541026	185.185	414.815	0.9495	229.630	-35.46	
294	Spectrogram 1	1	452.562121344	453.978038235	429.630	888.889	1.4159	459.259	-36.81	
295	Spectrogram 1	1	454.727641295	455.260692359	281.481	437.037	0.5331	155.556	-41.42	
296	Spectrogram 1	1	455.918677267	456.526688638	189.304	345.202	0.6080	155.898	-35.81	
297	Spectrogram 1	1	455.385626203	455.860374807	456.557	729.378	0.4747	272.821	-39.13	
298	Spectrogram 1	1	456.285149874	457.401225541	406.447	801.759	1.1161	395.312	-34.49	
299	Spectrogram 1	1	458.031220294	458.339390441	462.125	907.546	0.3082	445.421	-40.44	
300	Spectrogram 1	1	458.222785521	458.497639976	311.795	439.854	0.2749	128.059	-41.13	
301	Spectrogram 1	1	458.822467969	459.613715643	239.414	356.337	0.7912	116.923	-35.74	
302	Spectrogram 1	1	458.672547357	459.022362118	450.989	679.268	0.3498	228.279	-38.81	
303	Spectrogram 1	1	459.813609792	460.330003011	406.447	567.913	0.5164	161.466	-32.82	
304	Spectrogram 1	1	460.230055936	460.488252546	590.184	773.920	0.2582	183.736	-34.07	
305	Spectrogram 1	1	460.413292240	461.012974688	228.279	406.447	0.5997	178.168	-38.17	
306	Spectrogram 1	1	461.521038984	462.578812190	467.693	634.726	1.0578	167.033	-36.03	
307	Spectrogram 1	1	462.228997429	463.120192178	178.169	367.473	0.8912	189.304	-35.68	
308	Spectrogram 1	1	463.844808469	465.235738591	367.473	824.030	1.3909	456.557	-37.93	
309	Spectrogram 1	1	465.635526889	466.393458872	228.279	361.905	0.7579	133.626	-35.51	
310	Spectrogram 1	1	468.434044979	469.616752029	178.169	378.608	1.1827	200.439	-38.21	
311	Spectrogram 1	1	467.609481614	468.300782213	423.151	712.675	0.6913	289.524	-40.85	
312	Spectrogram 1	1	468.342426827	468.858820046	412.015	768.352	0.5164	356.337	-35.79	
313	Spectrogram 1	1	468.075901295	468.558978823	896.411	1030.037	0.4831	133.626	-41.59	
314	Spectrogram 1	1	471.654334908	472.612161040	189.304	389.744	0.9578	200.440	-37.18	
315	Spectrogram 1	1	471.246217687	472.495556120	467.693	807.327	1.2493	339.634	-39.01	
316	Spectrogram 1	1	474.005584557	475.887921129	400.879	629.158	1.8823	228.279	-39.65	
317	Spectrogram 1	1	475.371527911	476.046170664	189.304	350.770	0.6746	161.466	-37.10	
318	Spectrogram 1	1	476.654182035	477.003996796	367.473	773.920	0.3498	406.447	-41.24	
319	Spectrogram 1	1	477.886862622	479.727554580	194.872	361.905	1.8407	167.033	-40.96	
320	Spectrogram 1	1	478.336624458	478.861346600	434.286	629.158	0.5247	194.872	-39.76	
321	Spectrogram 1	1	479.102885364	480.160658570	389.744	640.294	1.0578	250.550	-39.59	
322	Spectrogram 1	1	480.698865947	480.957062557	439.854	612.455	0.2582	172.601	-40.52	
323	Spectrogram 1	1	481.590060696	483.222529582	439.854	590.184	1.6325	150.330	-35.65	
324	Spectrogram 1	1	481.656692079	482.156427452	189.304	339.634	0.4997	150.330	-35.73	
325	Spectrogram 1	1	483.189213890	483.605660034	194.872	328.498	0.4164	133.626	-43.07	
326	Spectrogram 1	1	485.132685925	485.923933600	183.736	317.363	0.7912	133.627	-32.68	
327	Spectrogram 1	1	484.724568704	485.674065913	373.041	712.675	0.9495	339.634	-43.32	
328	Spectrogram 1	1	485.724039450	486.748496965	356.337	651.429	1.0245	295.092	-40.45	
329	Spectrogram 1	1	486.315392975	486.865101886	194.872	278.388	0.5497	83.516	-43.91	
330	Spectrogram 1	1	488.216711266	489.224510936	172.601	322.931	1.0078	150.330	-38.04	
331	Spectrogram 1	1	489.657614926	490.315599834	189.304	406.447	0.6580	217.143	-40.02	
332	Spectrogram 1	1	491.839792722	492.839263468	167.033	339.634	0.9995	172.601	-38.03	
333	Spectrogram 1	1	491.548280421	492.397830555	417.583	579.048	0.8496	161.465	-38.73	
334	Spectrogram 1	1	495.279298266	496.020572403	189.304	334.066	0.7413	144.762	-33.12	
335	Spectrogram 1	1	495.379245341	496.087203786	350.770	467.693	0.7080	116.923	-38.32	
336	Spectrogram 1	1	496.253782244	497.045029918	295.092	423.151	0.7912	128.059	-45.23	
337	Spectrogram 1	1	497.061687764	497.844606515	155.898	283.956	0.7829	128.058	-45.65	
338	Spectrogram 1	1	498.027842819	498.977340028	178.169	356.337	0.9495	178.168	-37.66	
339	Spectrogram 1	1	499.068428429	500.629129460	103.152	309.456	1.5607	206.304	-45.69	
340	Spectrogram 1	1	499.133212245	499.586698960	326.648	696.275	0.4535	369.628	-43.76	
341	Spectrogram 1	1	501.180017494	502.440357195	200.583	346.462	1.2603	145.879	-36.86	
342	Spectrogram 1	1	501.892639475	503.105863672	364.697	559.202	1.2132	194.505	-44.62	
343	Spectrogram 1	1	503.798773875	504.140259714	285.679	522.732	0.3415	237.053	-40.64	
344	Spectrogram 1	1	504.373469554	504.998138771	243.131	364.697	0.6247	121.566	-40.29	
345	Spectrogram 1	1	505.164717229	506.022596286	170.192	346.462	0.8579	176.270	-36.22	
346	Spectrogram 1	1	506.169513718	507.318905076	279.601	449.793	1.1494	170.192	-36.42	
347	Spectrogram 1	1	507.943574292	509.384477952	139.800	376.853	1.4409	237.053	-40.32	
348	Spectrogram 1	1	510.000648160	510.267173692	261.366	613.906	0.2665	352.540	-39.29	
349	Spectrogram 1	1	510.458738919	511.633117045	480.184	607.828	1.1744	127.644	-46.43	
350	Spectrogram 1	1	511.283302284	512.857468710	170.192	370.775	1.5742	200.583	-37.15	
351	Spectrogram 1	1	513.498456164	515.047635821	291.758	443.715	1.5492	151.957	-35.89	
352	Spectrogram 1	1	515.072622590	516.013790876	200.583	376.853	0.9412	176.270	-35.21	
353	Spectrogram 1	1	516.788380704	517.404720998	164.114	316.071	0.6163	151.957	-42.26	
354	Spectrogram 1	1	517.354747461	518.962229578	188.427	407.245	1.6075	218.818	-35.51	
355	Spectrogram 1	1	519.070505575	520.020002784	170.192	340.384	0.9495	170.192	-39.49	
356	Spectrogram 1	1	521.446741429	522.454541099	158.035	395.088	1.0078	237.053	-35.37	
357	Spectrogram 1	1	522.643103237	523.692547520	170.192	303.914	1.0494	133.722	-41.64	
358	Spectrogram 1	1	524.433821657	526.216211155	200.583	431.558	1.7824	230.975	-36.74	
359	Spectrogram 1	1	526.690959759	527.523852048	164.114	346.462	0.8329	182.348	-40.75	
360	Spectrogram 1	1	527.973613884	530.738816282	151.957	425.480	2.7652	273.523	-38.16	
361	Spectrogram 1	1	532.051613488	533.042755311	176.270	389.010	0.9911	212.740	-37.90	
362	Spectrogram 1	1	533.167689154	534.625250660	164.114	364.697	1.4576	200.583	-41.24	
363	Spectrogram 1	1	534.991723267	536.607534306	176.270	401.167	1.6158	224.896	-35.89	
364	Spectrogram 1	1	537.204213103	538.062092160	176.270	376.853	0.8579	200.583	-38.36	
365	Spectrogram 1	1	538.328617692	539.811165966	188.427	413.323	1.4825	224.896	-36.29	
366	Spectrogram 1	1	540.782646292	542.290181334	145.879	358.619	1.5075	212.740	-37.70	
367	Spectrogram 1	1	542.406786255	543.347954541	218.818	395.088	0.9412	176.270	-37.68	
368	Spectrogram 1	1	544.289122827	545.313580342	176.270	370.775	1.0245	194.505	-36.26	
369	Spectrogram 1	1	545.388540648	546.446313855	145.879	364.697	1.0578	218.818	-37.03	
370	Spectrogram 1	1	547.448277996	548.789234581	170.192	334.305	1.3410	164.114	-37.02	
371	Spectrogram 1	1	548.789234581	549.780376404	194.505	389.010	0.9911	194.505	-34.52	
372	Spectrogram 1	1	551.312558608	551.579084140	194.505	358.619	0.2665	164.114	-40.45	
373	Spectrogram 1	1	551.962214593	552.661844115	328.227	461.949	0.6996	133.722	-39.71	
374	Spectrogram 1	1	552.686830884	553.328157946	164.114	364.697	0.6413	200.583	-34.61	
375	Spectrogram 1	1	554.680106371	556.254272796	170.192	364.697	1.5742	194.505	-37.52	
376	Spectrogram 1	1	556.670718941	557.270401388	200.583	382.932	0.5997	182.348	-35.69	
377	Spectrogram 1	1	558.397299373	559.854860878	158.035	407.245	1.4576	249.210	-37.87	
378	Spectrogram 1	1	560.071412873	560.596135015	158.035	401.167	0.5247	243.131	-39.79	
379	Spectrogram 1	1	562.195118124	563.760955626	249.210	443.715	1.5658	194.505	-37.38	
380	Spectrogram 1	1	563.985836544	564.352309151	170.192	358.619	0.3665	188.427	-41.01	
381	Spectrogram 1	1	565.276819592	566.534486947	145.879	352.540	1.2577	206.662	-38.01	
382	Spectrogram 1	1	568.241575968	569.224388869	212.740	376.853	0.9828	164.114	-36.98	
383	Spectrogram 1	1	569.440940864	570.440411610	170.192	395.088	0.9995	224.896	-36.23	
384	Spectrogram 1	1	571.573145123	572.056222650	133.722	376.853	0.4831	243.131	-37.78	
385	Spectrogram 1	1	572.206143262	572.839141401	237.053	376.853	0.6330	139.800	-35.93	
386	Spectrogram 1	1	572.880786016	574.338347521	237.053	407.245	1.4576	170.192	-38.20	
387	Spectrogram 1	1	575.262518353	575.645648806	151.957	449.793	0.3831	297.836	-38.98	
388	Spectrogram 1	1	575.912174339	576.878329393	151.957	279.601	0.9662	127.644	-36.09	
389	Spectrogram 1	1	578.260930593	578.810639503	176.270	334.305	0.5497	158.035	-35.10	
390	Spectrogram 1	1	579.310374876	580.109951473	127.644	376.853	0.7996	249.210	-36.03	
391	Spectrogram 1	1	580.101622550	581.375947752	249.210	419.401	1.2743	170.192	-39.30	
392	Spectrogram 1	1	582.133540127	582.874814264	164.114	334.305	0.7413	170.192	-36.25	
393	Spectrogram 1	1	582.741551498	584.082508082	267.444	443.715	1.3410	176.270	-36.17	
394	Spectrogram 1	1	584.715506222	585.581714202	176.270	401.167	0.8662	224.896	-34.13	
395	Spectrogram 1	1	586.214712341	587.089249244	139.800	389.010	0.8745	249.210	-38.48	
396	Spectrogram 1	1	587.080920321	587.389090468	237.053	504.497	0.3082	267.444	-29.85	
397	Spectrogram 1	1	587.888486234	588.654747139	158.035	334.305	0.7663	176.270	-38.96	
398	Spectrogram 1	1	589.046206515	589.920743418	164.114	389.010	0.8745	224.896	-38.20	
399	Spectrogram 1	1	590.178940027	591.145095082	212.740	449.793	0.9662	237.053	-35.16	
400	Spectrogram 1	1	591.719790761	592.627643356	261.366	382.932	0.9079	121.566	-41.58	
401	Spectrogram 1	1	593.301946502	594.043220639	206.662	376.853	0.7413	170.192	-39.11	
402	Spectrogram 1	1	594.076536330	595.259243380	188.427	370.775	1.1827	182.348	-34.36	
403	Spectrogram 1	1	595.509111067	595.950543980	158.035	480.184	0.4414	322.149	-38.29	
404	Spectrogram 1	1	596.092135669	597.108264261	237.053	425.480	1.0161	188.427	-37.72	
405	Spectrogram 1	1	597.641315326	598.590812535	188.427	395.088	0.9495	206.662	-36.15	
406	Spectrogram 1	1	599.115534676	599.432033746	139.800	437.636	0.3165	297.836	-38.43	
407	Spectrogram 1	1	599.523651898	600.164978960	261.366	419.401	0.6413	158.035	-36.10	
408	Spectrogram 1	1	600.861605394	601.369669690	224.896	370.775	0.5081	145.879	-44.22	
409	Spectrogram 1	1	602.502403203	602.802244427	91.174	395.088	0.2998	303.914	-38.85	
410	Spectrogram 1	1	602.827231195	603.376940106	133.722	413.323	0.5497	279.601	-32.23	
411	Spectrogram 1	1	603.460229335	604.143201011	194.505	291.758	0.6830	97.253	-34.89	
412	Spectrogram 1	1	605.586598066	606.677686964	218.818	395.088	1.0911	176.270	-36.89	
413	Spectrogram 1	1	606.819278653	607.310685103	139.800	431.558	0.4914	291.758	-36.62	
414	Spectrogram 1	1	607.560382704	608.393274993	206.662	358.619	0.8329	151.957	-38.28	
415	Spectrogram 1	1	609.292798665	609.917467881	291.758	431.558	0.6247	139.800	-40.79	
416	Spectrogram 1	1	610.267282642	610.783675861	121.566	449.793	0.5164	328.227	-36.95	
417	Spectrogram 1	1	611.546933679	612.313194584	158.035	407.245	0.7663	249.210	-37.04	
418	Spectrogram 1	1	612.479773042	613.112771181	182.348	401.167	0.6330	218.818	-39.67	
419	Spectrogram 1	1	613.237705024	614.195531156	139.800	516.654	0.9578	376.853	-37.43	
420	Spectrogram 1	1	615.153357288	616.510971719	212.740	413.323	1.3576	200.583	-37.34	
421	Spectrogram 1	1	617.110314559	617.976522539	206.662	413.323	0.8662	206.662	-41.32	
422	Spectrogram 1	1	618.268034840	618.709467753	109.409	468.028	0.4414	358.619	-38.25	
423	Spectrogram 1	1	619.000980054	619.792227728	200.583	461.949	0.7912	261.366	-39.10	
424	Spectrogram 1	1	620.899974472	621.616261840	139.800	401.167	0.7163	261.366	-37.59	
425	Spectrogram 1	1	621.724537838	622.374193823	133.722	376.853	0.6497	243.131	-37.43	
426	Spectrogram 1	1	624.433931171	625.649953912	176.270	382.932	1.2160	206.662	-35.01	
427	Spectrogram 1	1	625.741572064	626.049742211	133.722	461.949	0.3082	328.227	-38.43	
428	Spectrogram 1	1	626.599451121	627.415685564	200.583	407.245	0.8162	206.662	-36.91	
429	Spectrogram 1	1	628.173447461	628.756472063	218.818	376.853	0.5830	158.035	-37.79	
430	Spectrogram 1	1	629.197904976	629.814245270	133.722	461.949	0.6163	328.227	-36.97	
431	Spectrogram 1	1	633.001219647	634.017348239	139.800	437.636	1.0161	297.836	-35.17	
432	Spectrogram 1	1	634.936023152	635.360798219	133.722	267.444	0.4248	133.722	-40.83	
433	Spectrogram 1	1	636.701754804	637.601278475	188.427	419.401	0.8995	230.975	-36.52	
434	Spectrogram 1	1	638.350881535	639.000537520	255.288	449.793	0.6497	194.505	-42.55	
435	Spectrogram 1	1	639.475286125	640.691308866	255.288	389.010	1.2160	133.722	-39.92	
436	Spectrogram 1	1	641.088094076	641.496211298	145.879	492.341	0.4081	346.462	-44.10	
437	Spectrogram 1	1	641.979288825	643.078706646	145.879	419.401	1.0994	273.523	-36.28	
438	Spectrogram 1	1	644.427992154	644.877753989	151.957	498.419	0.4498	346.462	-40.95	
439	Spectrogram 1	1	645.591038269	646.332312406	145.879	468.028	0.7413	322.149	-37.01	
440	Spectrogram 1	1	646.540535478	646.807061011	145.879	486.263	0.2665	340.384	-45.14	
441	Spectrogram 1	1	648.106372981	649.314066799	85.096	243.131	1.2077	158.035	-40.84	
442	Spectrogram 1	1	649.697197252	650.146959088	109.409	498.419	0.4498	389.010	-36.13	
443	Spectrogram 1	1	650.857410929	651.915184135	212.740	389.010	1.0578	176.270	-36.94	
444	Spectrogram 1	1	652.681445041	653.122877954	182.348	474.106	0.4414	291.758	-41.70	
445	Spectrogram 1	1	653.464363792	653.855823168	127.644	492.341	0.3915	364.697	-36.93	
446	Spectrogram 1	1	654.155664391	655.263411135	194.505	413.323	1.1077	218.818	-36.85	
447	Spectrogram 1	1	655.965534053	656.906702339	91.174	218.818	0.9412	127.644	-40.10	
448	Spectrogram 1	1	657.264846023	657.681292167	139.800	474.106	0.4164	334.305	-39.19	
449	Spectrogram 1	1	658.114396158	659.097209058	182.348	413.323	0.9828	230.975	-35.47	
450	Spectrogram 1	1	660.754325105	661.162442326	127.644	419.401	0.4081	291.758	-36.34	
451	Spectrogram 1	1	661.920374309	662.719950906	206.662	401.167	0.7996	194.505	-38.76	
452	Spectrogram 1	1	663.910986879	664.643932093	97.253	218.818	0.7329	121.566	-40.48	
453	Spectrogram 1	1	665.610087147	665.984888677	158.035	389.010	0.3748	230.975	-40.46	
454	Spectrogram 1	1	666.218098518	667.001017269	200.583	413.323	0.7829	212.740	-36.84	
455	Spectrogram 1	1	668.019639257	668.244520175	121.566	468.028	0.2249	346.462	-45.93	
456	Spectrogram 1	1	668.669295242	668.985794311	127.644	407.245	0.3165	279.601	-37.83	
457	Spectrogram 1	1	669.285635535	669.951949366	164.114	425.480	0.6663	261.366	-37.30	
458	Spectrogram 1	1	670.826486269	671.459484409	121.566	243.131	0.6330	121.566	-41.15	
459	Spectrogram 1	1	672.719645160	673.344314376	218.818	431.558	0.6247	212.740	-35.62	
460	Spectrogram 1	1	675.768030936	675.992911854	151.957	522.732	0.2249	370.775	-46.37	
461	Spectrogram 1	1	676.117845697	676.959066909	218.818	486.263	0.8412	267.444	-38.37	
462	Spectrogram 1	1	677.633709662	678.175089650	115.487	370.775	0.5414	255.288	-43.64	
463	Spectrogram 1	1	679.698942903	680.623453344	200.583	413.323	0.9245	212.740	-38.69	
464	Spectrogram 1	1	683.105472364	683.871733269	206.662	419.401	0.7663	212.740	-40.14	
465	Spectrogram 1	1	685.006960177	685.390090630	164.114	468.028	0.3831	303.914	-42.65	
466	Spectrogram 1	1	687.005901670	687.797149344	158.035	437.636	0.7912	279.601	-40.44	
467	Spectrogram 1	1	688.788291167	688.963198548	176.270	419.401	0.1749	243.131	-41.62	
468	Spectrogram 1	1	688.030359185	688.246911180	218.818	504.497	0.2166	285.679	-45.65	
469	Spectrogram 1	1	690.342796659	691.159031102	194.505	437.636	0.8162	243.131	-41.01	
470	Spectrogram 1	1	693.091341211	693.191288286	170.192	480.184	0.0999	309.992	-43.51	
471	Spectrogram 1	1	693.607734430	694.457284565	145.879	425.480	0.8496	279.601	-41.17	
472	Spectrogram 1	1	693.832615348	694.632191945	680.768	838.803	0.7996	158.035	-39.21	
473	Spectrogram 1	1	694.787268870	694.912202713	188.427	401.167	0.1249	212.740	-42.75	
474	Spectrogram 1	1	696.436395601	696.769552517	158.035	407.245	0.3332	249.210	-44.25	
475	Spectrogram 1	1	697.685734034	698.368705711	176.270	437.636	0.6830	261.366	-38.19	
476	Spectrogram 1	1	699.698330284	700.372973038	249.210	419.401	0.6746	170.192	-47.22	
477	Spectrogram 1	1	702.080402230	703.079872976	255.288	480.184	0.9995	224.896	-42.15	
478	Spectrogram 1	1	704.795461005	705.012013000	164.114	455.871	0.2166	291.758	-43.80	
479	Spectrogram 1	1	705.361827761	706.419600968	194.505	504.497	1.0578	309.992	-42.75	
480	Spectrogram 1	1	708.543476304	709.293079363	218.818	443.715	0.7496	224.896	-38.34	
481	Spectrogram 1	1	712.024626462	712.940807980	230.975	437.636	0.9162	206.662	-40.75	
482	Spectrogram 1	1	711.175076328	712.341125532	595.672	948.212	1.1660	352.540	-42.85	
483	Spectrogram 1	1	714.306751333	715.439484846	662.533	887.429	1.1327	224.896	-40.53	
484	Spectrogram 1	1	713.682082117	713.998581186	127.644	431.558	0.3165	303.914	-48.09	
485	Spectrogram 1	1	716.521905213	717.429757808	267.444	474.106	0.9079	206.662	-40.49	
486	Spectrogram 1	1	719.933760508	720.316890961	237.053	455.871	0.3831	218.818	-38.36	
487	Spectrogram 1	1	720.849942026	721.024849406	182.348	382.932	0.1749	200.583	-40.44	
488	Spectrogram 1	1	721.299703862	721.541242625	206.662	389.010	0.2415	182.348	-43.41	
489	Spectrogram 1	1	723.373605660	724.248142563	170.192	431.558	0.8745	261.366	-42.11	
490	Spectrogram 1	1	724.592121797	724.858647329	164.114	352.540	0.2665	188.427	-45.95	
491	Spectrogram 1	1	726.699339287	727.307350658	200.583	461.949	0.6080	261.366	-39.41	
492	Spectrogram 1	1	730.747195810	731.438496409	285.679	468.028	0.6913	182.348	-37.46	
493	Spectrogram 1	1	733.403782603	733.653650289	200.583	498.419	0.2499	297.836	-45.40	
494	Spectrogram 1	1	732.587548160	733.786913056	619.985	960.369	1.1994	340.384	-45.22	
495	Spectrogram 1	1	734.003465051	734.719752419	261.366	455.871	0.7163	194.505	-38.18	
496	Spectrogram 1	1	734.861344108	735.219487792	547.045	692.924	0.3581	145.879	-45.91	
497	Spectrogram 1	1	735.819170240	736.901930215	565.280	905.664	1.0828	340.384	-40.92	
498	Spectrogram 1	1	736.571266695	736.796147613	127.644	486.263	0.2249	358.619	-46.67	
499	Spectrogram 1	1	738.070472814	738.745115568	158.035	437.636	0.6746	279.601	-38.16	
500	Spectrogram 1	1	741.568620426	742.184960720	212.740	480.184	0.6163	267.444	-37.81	
501	Spectrogram 1	1	743.661673466	743.969843613	504.497	650.376	0.3082	145.879	-49.09	
502	Spectrogram 1	1	745.652286036	746.218652792	194.505	443.715	0.5664	249.210	-37.64	
503	Spectrogram 1	1	749.289022249	750.030296386	194.505	449.793	0.7413	255.288	-39.63	
504	Spectrogram 1	1	752.953578233	753.811457290	206.662	449.793	0.8579	243.131	-37.53	
505	Spectrogram 1	1	753.011880693	753.919733288	577.437	972.525	0.9079	395.088	-42.75	
506	Spectrogram 1	1	755.998791399	757.164840603	632.141	1015.073	1.1660	382.932	-37.87	
507	Spectrogram 1	1	757.181498449	757.931101509	328.227	650.376	0.7496	322.149	-45.41	
508	Spectrogram 1	1	758.189298118	758.763993797	559.202	759.785	0.5747	200.583	-45.07	
509	Spectrogram 1	1	760.563041141	761.387604506	559.202	771.942	0.8246	212.740	-44.48	
510	Spectrogram 1	1	763.269941079	764.869094273	443.715	613.906	1.5992	170.192	-42.61	
511	Spectrogram 1	1	765.218909034	765.926867479	559.202	784.098	0.7080	224.896	-42.56	
512	Spectrogram 1	1	767.031610780	768.131028601	395.088	668.611	1.0994	273.523	-44.71	
513	Spectrogram 1	1	770.021694096	770.379837780	358.619	723.316	0.3581	364.697	-49.02	
514	Spectrogram 1	1	772.528699885	773.428223557	577.437	826.646	0.8995	249.210	-41.32	
515	Spectrogram 1	1	774.988055201	776.337340709	547.045	826.646	1.3493	279.601	-43.41	
516	Spectrogram 1	1	778.977609264	780.060369239	468.028	765.864	1.0828	297.836	-45.64	
517	Spectrogram 1	1	784.785191825	785.284927198	474.106	741.550	0.4997	267.444	-41.84	
518	Spectrogram 1	1	786.442647480	787.542065301	401.167	583.515	1.0994	182.348	-40.93	
519	Spectrogram 1	1	788.133248740	788.491392424	382.932	699.002	0.3581	316.071	-45.02	
520	Spectrogram 1	1	790.698556989	791.389857588	522.732	711.159	0.6913	188.427	-37.83	
521	Spectrogram 1	1	791.548107123	791.822961579	498.419	778.020	0.2749	279.601	-43.03	
522	Spectrogram 1	1	792.380999412	792.914050477	553.124	729.394	0.5331	176.270	-42.68	
523	Spectrogram 1	1	793.038984320	793.463759387	753.707	948.212	0.4248	194.505	-37.84	
524	Spectrogram 1	1	793.505404002	793.888534454	534.889	759.785	0.3831	224.896	-37.40	
525	Spectrogram 1	1	795.690075101	796.198139397	358.619	589.593	0.5081	230.975	-41.79	
526	Spectrogram 1	1	796.106521245	796.814479690	717.237	917.821	0.7080	200.583	-40.57	
527	Spectrogram 1	1	796.706203693	797.114320914	352.540	729.394	0.4081	376.853	-44.39	
528	Spectrogram 1	1	799.612997780	800.270982688	443.715	711.159	0.6580	267.444	-40.43	
529	Spectrogram 1	1	801.561626128	802.661043949	413.323	638.220	1.0994	224.896	-47.59	
530	Spectrogram 1	1	800.837009837	801.203482444	705.081	923.899	0.3665	218.818	-48.14	
531	Spectrogram 1	1	800.212340620	800.420563693	72.939	218.818	0.2082	145.879	-43.50	
532	Spectrogram 1	1	801.145179984	801.370060902	72.939	218.818	0.2249	145.879	-43.57	
533	Spectrogram 1	1	802.086348270	802.294571342	72.939	182.348	0.2082	109.409	-44.39	
534	Spectrogram 1	1	803.060832247	803.477278392	79.018	279.601	0.4164	200.583	-46.77	
535	Spectrogram 1	1	804.151921146	804.476749138	97.253	261.366	0.3248	164.114	-44.00	sc?
536	Spectrogram 1	1	805.267996812	805.667785111	443.715	711.159	0.3998	267.444	-45.53	
537	Spectrogram 1	1	807.899936444	808.816117962	395.088	589.593	0.9162	194.505	-41.78	
538	Spectrogram 1	1	810.331981927	811.622964974	468.028	662.533	1.2910	194.505	-40.82	
539	Spectrogram 1	1	814.329525066	815.287351198	443.715	650.376	0.9578	206.662	-37.32	
540	Spectrogram 1	1	817.336266228	818.052553596	364.697	547.045	0.7163	182.348	-40.85	
541	Spectrogram 1	1	817.361252996	818.235789899	705.081	978.603	0.8745	273.523	-38.02	
542	Spectrogram 1	1	819.209934269	819.884577023	413.323	571.358	0.6746	158.035	-44.25	
543	Spectrogram 1	1	820.942350230	821.250520376	85.096	200.583	0.3082	115.487	-46.01	
544	Spectrogram 1	1	821.083941919	821.666966521	322.149	474.106	0.5830	151.957	-44.87	
545	Spectrogram 1	1	822.091741588	822.449885272	79.018	230.975	0.3581	151.957	-44.55	
546	Spectrogram 1	1	823.441027095	823.865802163	309.992	510.576	0.4248	200.583	-41.03	
547	Spectrogram 1	1	824.215616924	824.548773839	66.861	212.740	0.3332	145.879	-43.10	
548	Spectrogram 1	1	825.265061207	825.523257817	115.487	224.896	0.2582	109.409	-39.94	
549	Spectrogram 1	1	826.722283105	826.988808637	328.227	547.045	0.2665	218.818	-42.44	
550	Spectrogram 1	1	827.446899396	827.755069543	48.626	224.896	0.3082	176.270	-43.95	
551	Spectrogram 1	1	832.216369121	833.082577102	431.558	595.672	0.8662	164.114	-39.88	
552	Spectrogram 1	1	836.347514873	837.138762547	443.715	601.750	0.7912	158.035	-37.39	
553	Spectrogram 1	1	837.113775779	837.621840075	224.896	395.088	0.5081	170.192	-45.68	
554	Spectrogram 1	1	839.440038198	840.814310474	711.159	1033.308	1.3743	322.149	-42.93	
555	Spectrogram 1	1	841.255743387	841.980359678	468.028	759.785	0.7246	291.758	-40.33	
556	Spectrogram 1	1	843.645804648	844.045592947	206.662	279.601	0.3998	72.939	-43.38	
557	Spectrogram 1	1	844.237158173	844.462039091	79.018	206.662	0.2249	127.644	-41.09	
558	Spectrogram 1	1	845.194984305	845.511483375	121.566	200.583	0.3165	79.018	-43.54	
559	Spectrogram 1	1	846.136152591	846.535940890	72.939	243.131	0.3998	170.192	-42.82	
560	Spectrogram 1	1	847.093978723	847.485438099	103.331	224.896	0.3915	121.566	-41.19	
561	Spectrogram 1	1	847.635358711	847.876897474	133.722	413.323	0.2415	279.601	-42.10	
562	Spectrogram 1	1	849.717589432	850.100719885	79.018	194.505	0.3831	115.487	-42.83	
563	Spectrogram 1	1	849.969950063	850.827829120	218.818	340.384	0.8579	121.566	-45.11	
564	Spectrogram 1	1	853.551386904	854.325976732	151.957	316.071	0.7746	164.114	-45.13	
565	Spectrogram 1	1	853.976161971	855.025606255	431.558	638.220	1.0494	206.662	-36.70	
566	Spectrogram 1	1	853.651333979	854.625817956	881.351	1385.848	0.9745	504.497	-43.10	
568	Spectrogram 1	1	857.060356834	857.776644202	188.427	340.384	0.7163	151.957	-44.22	
569	Spectrogram 1	1	856.618923921	858.009854043	832.725	1312.909	1.3909	480.184	-47.81	
570	Spectrogram 1	1	858.409642342	859.334152782	431.558	619.985	0.9245	188.427	-38.95	
571	Spectrogram 1	1	858.826088486	859.425770934	1239.969	1428.396	0.5997	188.427	-44.15	
572	Spectrogram 1	1	859.633994006	860.358610297	164.114	328.227	0.7246	164.114	-45.76	
573	Spectrogram 1	1	862.959727633	863.825935613	182.348	352.540	0.8662	170.192	-41.99	
574	Spectrogram 1	1	864.983655894	865.350128501	79.018	194.505	0.3665	115.487	-47.04	
575	Spectrogram 1	1	866.166362944	866.491190936	36.470	224.896	0.3248	188.427	-45.03	
576	Spectrogram 1	1	866.782703237	867.190820459	66.861	376.853	0.4081	309.992	-43.08	
577	Spectrogram 1	1	867.129514910	868.145643502	1008.995	1282.517	1.0161	273.523	-40.97	
578	Spectrogram 1	1	868.070683196	868.520445032	91.174	237.053	0.4498	145.879	-45.47	
579	Spectrogram 1	1	869.036838251	869.478271164	115.487	237.053	0.4414	121.566	-42.89	
580	Spectrogram 1	1	869.603205007	870.227874224	249.210	401.167	0.6247	151.957	-43.14	
581	Spectrogram 1	1	870.319492376	871.327292045	1045.464	1501.336	1.0078	455.871	-42.52	
582	Spectrogram 1	1	870.960819438	871.318963122	72.939	218.818	0.3581	145.879	-44.30	
583	Spectrogram 1	1	872.048905248	872.656916618	151.957	352.540	0.6080	200.583	-41.57	
584	Spectrogram 1	1	873.381532909	873.748005516	887.429	1470.944	0.3665	583.515	-48.72	
585	Spectrogram 1	1	875.755275932	876.379945148	170.192	358.619	0.6247	188.427	-44.33	
586	Spectrogram 1	1	875.213895944	876.379945148	358.619	589.593	1.1660	230.975	-39.81	
587	Spectrogram 1	1	876.263340228	876.438247609	899.586	1057.621	0.1749	158.035	-40.86	
588	Spectrogram 1	1	878.753688171	879.728172149	844.881	1221.735	0.9745	376.853	-36.25	
589	Spectrogram 1	1	878.620425405	880.619366898	407.245	632.141	1.9989	224.896	-38.28	
590	Spectrogram 1	1	880.486104131	880.985839505	200.583	364.697	0.4997	164.114	-43.54	
591	Spectrogram 1	1	881.743771487	882.793215771	923.899	1185.265	1.0494	261.366	-40.79	
592	Spectrogram 1	1	882.768229002	883.134701609	1209.578	1343.300	0.3665	133.722	-44.55	
593	Spectrogram 1	1	884.314405215	885.130639658	413.323	607.828	0.8162	194.505	-37.90	
594	Spectrogram 1	1	886.280031016	886.946344847	923.899	1118.404	0.6663	194.505	-44.73	
595	Spectrogram 1	1	886.354991322	886.588201163	54.705	212.740	0.2332	158.035	-44.08	
596	Spectrogram 1	1	887.754250367	888.095736205	79.018	200.583	0.3415	121.566	-44.81	
597	Spectrogram 1	1	888.336935361	888.620118739	72.939	230.975	0.2832	158.035	-46.16	
598	Spectrogram 1	1	889.769510097	890.019377784	36.470	261.366	0.2499	224.896	-46.56	
599	Spectrogram 1	1	888.953275655	889.428024259	212.740	376.853	0.4747	164.114	-44.25	
600	Spectrogram 1	1	890.677362692	891.027177453	54.705	200.583	0.3498	145.879	-43.88	
601	Spectrogram 1	1	895.508137966	896.499279789	413.323	619.985	0.9911	206.662	-38.77	
602	Spectrogram 1	1	896.949041625	897.840236374	881.351	1252.126	0.8912	370.775	-43.23	
603	Spectrogram 1	1	899.514349874	901.088516300	419.401	711.159	1.5742	291.758	-37.45	
604	Spectrogram 1	1	900.155676936	901.155147683	917.821	1246.048	0.9995	328.227	-39.33	
605	Spectrogram 1	1	904.755565587	905.546813261	492.341	638.220	0.7912	145.879	-35.70	
606	Spectrogram 1	1	907.770635672	908.028832281	109.409	425.480	0.2582	316.071	-42.66	
607	Spectrogram 1	1	908.395304888	908.620185806	255.288	516.654	0.2249	261.366	-46.14	
608	Spectrogram 1	1	909.303157483	909.519709478	97.253	237.053	0.2166	139.800	-42.44	
609	Spectrogram 1	1	909.736261473	909.994458083	79.018	230.975	0.2582	151.957	-44.82	
610	Spectrogram 1	1	911.793505426	911.985070652	60.783	176.270	0.1916	115.487	-41.36	
611	Spectrogram 1	1	913.950356681	914.375131749	66.861	243.131	0.4248	176.270	-41.61	
612	Spectrogram 1	1	916.465691393	917.640069520	407.245	686.846	1.1744	279.601	-35.83	
613	Spectrogram 1	1	916.643261691	917.775995203	917.821	1446.631	1.1327	528.811	-42.63	
614	Spectrogram 1	1	919.858225925	920.591171139	996.838	1173.108	0.7329	176.270	-41.93	
615	Spectrogram 1	1	921.557326194	921.840509572	1160.952	1446.631	0.2832	285.679	-45.48	
616	Spectrogram 1	1	920.482895141	921.848838495	437.636	577.437	1.3659	139.800	-33.99	
617	Spectrogram 1	1	923.725339539	924.100141069	881.351	1203.500	0.3748	322.149	-46.79	
618	Spectrogram 1	1	925.649320726	926.465555169	401.167	644.298	0.8162	243.131	-36.25	
619	Spectrogram 1	1	929.735649253	930.660159693	1033.308	1264.283	0.9245	230.975	-41.37	
620	Spectrogram 1	1	932.117721198	933.158836559	1051.543	1458.788	1.0411	407.245	-43.50	
621	Spectrogram 1	1	927.503497919	927.861641603	85.096	279.601	0.3581	194.505	-46.75	
622	Spectrogram 1	1	928.836125581	929.219256034	103.331	376.853	0.3831	273.523	-44.46	
623	Spectrogram 1	1	931.201539681	931.559683365	72.939	237.053	0.3581	164.114	-41.70	
624	Spectrogram 1	1	936.365301784	937.406417145	486.263	717.237	1.0411	230.975	-37.15	
625	Spectrogram 1	1	940.282388936	941.465095986	455.871	753.707	1.1827	297.836	-35.41	
626	Spectrogram 1	1	940.648861543	941.415122449	1045.464	1221.735	0.7663	176.270	-37.98	
627	Spectrogram 1	1	943.783029943	944.724198230	1021.151	1294.674	0.9412	273.523	-40.10	
628	Spectrogram 1	1	944.999052685	945.748655745	510.576	778.020	0.7496	267.444	-36.96	
629	Spectrogram 1	1	945.282236063	945.715340053	1179.187	1379.770	0.4331	200.583	-42.98	
630	Spectrogram 1	1	946.090141583	946.456614190	492.341	705.081	0.3665	212.740	-48.97	
631	Spectrogram 1	1	947.572689857	947.847544312	948.212	1130.560	0.2749	182.348	-44.52	
632	Spectrogram 1	1	950.037711423	950.387526184	480.184	778.020	0.3498	297.836	-47.08	
633	Spectrogram 1	1	948.705083761	948.938293602	97.253	224.896	0.2332	127.644	-45.89	
634	Spectrogram 1	1	950.270921264	950.504131105	48.626	237.053	0.2332	188.427	-43.32	
635	Spectrogram 1	1	952.711295670	953.735753185	960.369	1173.108	1.0245	212.740	-37.69	
636	Spectrogram 1	1	953.244346734	953.577503650	60.783	255.288	0.3332	194.505	-46.35	
637	Spectrogram 1	1	954.218830712	954.726895008	151.957	291.758	0.5081	139.800	-45.31	
638	Spectrogram 1	1	954.868486697	955.842970675	443.715	632.141	0.9745	188.427	-46.08	un
639	Spectrogram 1	1	956.176127590	957.208914028	480.184	626.063	1.0328	145.879	-37.56	
640	Spectrogram 1	1	956.550929120	957.517084175	626.063	869.194	0.9662	243.131	-37.53	
641	Spectrogram 1	1	955.509813759	956.109496207	1081.934	1300.752	0.5997	218.818	-39.12	
642	Spectrogram 1	1	956.201114359	956.667534041	1221.735	1391.927	0.4664	170.192	-41.52	
643	Spectrogram 1	1	957.133953722	957.667004787	1021.151	1209.578	0.5331	188.427	-39.56	
644	Spectrogram 1	1	957.525413098	957.791938630	1337.222	1556.040	0.2665	218.818	-40.62	
645	Spectrogram 1	1	959.282476128	959.648948735	802.333	1039.386	0.3665	237.053	-45.60	
646	Spectrogram 1	1	960.830324333	961.488309241	443.715	626.063	0.6580	182.348	-35.86	
647	Spectrogram 1	1	964.658625772	965.374913140	1015.073	1325.065	0.7163	309.992	-39.82	
648	Spectrogram 1	1	965.408228832	965.974595588	516.654	820.568	0.5664	303.914	-38.15	
649	Spectrogram 1	1	963.884035944	964.633639004	139.800	309.992	0.7496	170.192	-49.21	
650	Spectrogram 1	1	966.366054964	967.440486016	547.045	686.846	1.0744	139.800	-43.37	
651	Spectrogram 1	1	968.265049382	968.956349982	1088.012	1325.065	0.6913	237.053	-39.29	
652	Spectrogram 1	1	970.410908398	970.719078545	668.611	838.803	0.3082	170.192	-30.45	
653	Spectrogram 1	1	974.600356610	975.474893513	1002.916	1239.969	0.8745	237.053	-39.12	
654	Spectrogram 1	1	977.276433903	978.192615421	407.245	613.906	0.9162	206.662	-36.47	
655	Spectrogram 1	1	977.901103120	978.492456645	638.220	802.333	0.5914	164.114	-36.22	
656	Spectrogram 1	1	977.701208971	978.359193879	1027.230	1215.656	0.6580	188.427	-38.82	
657	Spectrogram 1	1	980.116596608	980.491398137	686.846	857.038	0.3748	170.192	-35.82	
658	Spectrogram 1	1	981.182698737	981.415908578	729.394	899.586	0.2332	170.192	-36.88	
659	Spectrogram 1	1	981.107738431	982.390392555	443.715	626.063	1.2827	182.348	-34.74	
660	Spectrogram 1	1	983.403348537	983.794807913	632.141	869.194	0.3915	237.053	-38.57	
661	Spectrogram 1	1	985.577197410	986.010301400	972.525	1276.439	0.4331	303.914	-44.82	
662	Spectrogram 1	1	986.360116162	986.968127532	559.202	771.942	0.6080	212.740	-37.92	
663	Spectrogram 1	1	987.301284448	987.651099209	723.316	942.134	0.3498	218.818	-36.24	
664	Spectrogram 1	1	989.100331791	989.350199478	674.689	929.977	0.2499	255.288	-44.86	
665	Spectrogram 1	1	989.683356393	990.474604067	778.020	942.134	0.7912	164.114	-43.73	
666	Spectrogram 1	1	992.370425437	992.761884813	577.437	850.959	0.3915	273.523	-37.60	
667	Spectrogram 1	1	994.869102303	995.185601373	632.141	893.507	0.3165	261.366	-41.23	
668	Spectrogram 1	1	998.261467313	999.602423897	632.141	820.568	1.3410	188.427	-35.30	
669	Spectrogram 1	1	997.128733800	997.503535330	571.358	887.429	0.3748	316.071	-44.76	
670	Spectrogram 1	1	999.968896504	1000.410329417	632.141	826.646	0.4414	194.505	-43.59	
671	Spectrogram 1	1	1000.785130947	1001.526405084	534.889	802.333	0.7413	267.444	-33.52	
672	Spectrogram 1	1	1002.200877752	1003.000454349	425.480	632.141	0.7996	206.662	-37.64	
673	Spectrogram 1	1	1002.600666051	1003.366926956	613.906	790.177	0.7663	176.270	-38.52	
674	Spectrogram 1	1	1003.458545108	1003.800030946	516.654	881.351	0.3415	364.697	-42.69	
675	Spectrogram 1	1	1005.557433675	1005.857274899	613.906	917.821	0.2998	303.914	-38.69	
676	Spectrogram 1	1	1006.131789747	1006.773116809	407.245	540.967	0.6413	133.722	-43.28	
677	Spectrogram 1	1	1007.081286956	1007.914179245	589.593	808.411	0.8329	218.818	-35.56	
678	Spectrogram 1	1	1008.413914618	1009.446701056	559.202	753.707	1.0328	194.505	-34.99	
679	Spectrogram 1	1	1009.005268143	1009.896462891	376.853	522.732	0.8912	145.879	-44.87	
680	Spectrogram 1	1	1011.029196404	1012.420126526	540.967	680.768	1.3909	139.800	-34.09	
681	Spectrogram 1	1	1015.298761234	1016.623059973	395.088	504.497	1.3243	109.409	-40.37	
682	Spectrogram 1	1	1015.132182776	1015.631918150	565.280	820.568	0.4997	255.288	-33.92	
683	Spectrogram 1	1	1018.613672543	1019.696432518	498.419	692.924	1.0828	194.505	-38.87	
684	Spectrogram 1	1	1020.082056366	1020.956593269	401.167	577.437	0.8745	176.270	-32.67	
685	Spectrogram 1	1	1022.006037553	1023.105455374	498.419	668.611	1.0994	170.192	-37.88	
686	Spectrogram 1	1	1023.730124590	1024.837871334	413.323	607.828	1.1077	194.505	-38.67	
687	Spectrogram 1	1	1025.012778715	1025.470869473	522.732	705.081	0.4581	182.348	-38.84	
688	Spectrogram 1	1	1026.533798992	1027.499954047	346.462	498.419	0.9662	151.957	-43.27	
689	Spectrogram 1	1	1027.341704512	1028.224570338	510.576	638.220	0.8829	127.644	-37.51	
690	Spectrogram 1	1	1028.424464487	1028.874226323	449.793	607.828	0.4498	158.035	-36.72	
691	Spectrogram 1	1	1028.940857706	1029.582184769	571.358	771.942	0.6413	200.583	-34.97	
692	Spectrogram 1	1	1030.348445674	1030.998101659	492.341	650.376	0.6497	158.035	-42.16	
693	Spectrogram 1	1	1031.247969346	1032.322400398	449.793	650.376	1.0744	200.583	-35.81	
694	Spectrogram 1	1	1034.162752748	1034.420949358	224.896	425.480	0.2582	200.583	-41.88	
695	Spectrogram 1	1	1035.178881340	1035.537025025	443.715	778.020	0.3581	334.305	-36.17	
696	Spectrogram 1	1	1036.536495771	1036.886310532	358.619	613.906	0.3498	255.288	-50.25	
697	Spectrogram 1	1	1037.960741584	1038.910238793	449.793	735.472	0.9495	285.679	-38.48	
698	Spectrogram 1	1	1039.043501560	1039.643184007	273.523	431.558	0.5997	158.035	-42.47	
699	Spectrogram 1	1	1039.185093249	1040.076287998	468.028	644.298	0.8912	176.270	-35.70	
700	Spectrogram 1	1	1042.272120154	1043.671379199	425.480	613.906	1.3993	188.427	-34.65	
701	Spectrogram 1	1	1044.964855642	1046.055944540	267.444	431.558	1.0911	164.114	-46.86	
702	Spectrogram 1	1	1043.990371664	1044.681672264	638.220	753.707	0.6913	115.487	-36.10	
703	Spectrogram 1	1	1046.005971002	1046.539022067	461.949	674.689	0.5331	212.740	-34.22	
704	Spectrogram 1	1	1046.947139289	1047.580137428	182.348	340.384	0.6330	158.035	-47.37	
705	Spectrogram 1	1	1048.288095873	1048.887778321	449.793	820.568	0.5997	370.775	-39.63	
706	Spectrogram 1	1	1048.521305714	1049.379184771	285.679	382.932	0.8579	97.253	-38.44	
707	Spectrogram 1	1	1049.104330316	1051.211547806	443.715	674.689	2.1072	230.975	-37.79	
708	Spectrogram 1	1	1051.578020413	1051.936164097	127.644	455.871	0.3581	328.227	-45.16	
709	Spectrogram 1	1	1052.810701000	1054.559774807	425.480	668.611	1.7491	243.131	-37.35	
710	Spectrogram 1	1	1054.942905259	1056.200572615	261.366	419.401	1.2577	158.035	-38.99	
711	Spectrogram 1	1	1056.941846752	1057.691449812	389.010	808.411	0.7496	419.401	-37.89	
712	Spectrogram 1	1	1058.318611864	1060.334211202	212.740	413.323	2.0156	200.583	-39.25	
713	Spectrogram 1	1	1060.134317053	1061.641852096	449.793	717.237	1.5075	267.444	-35.55	
714	Spectrogram 1	1	1061.999995780	1062.766256685	200.583	389.010	0.7663	188.427	-40.84	
715	Spectrogram 1	1	1061.791772708	1062.816230223	461.949	674.689	1.0245	212.740	-36.97	
716	Spectrogram 1	1	1064.162512642	1065.495140304	443.715	565.280	1.3326	121.566	-34.33	
717	Spectrogram 1	1	1065.711692299	1067.952172555	218.818	370.775	2.2405	151.957	-39.32	
718	Spectrogram 1	1	1067.935514709	1068.426921159	425.480	729.394	0.4914	303.914	-36.37	
719	Spectrogram 1	1	1069.487017112	1071.286064456	170.192	334.305	1.7990	164.114	-38.93	
720	Spectrogram 1	1	1070.569777088	1072.910204419	389.010	619.985	2.3404	230.975	-36.47	
721	Spectrogram 1	1	1073.359966254	1073.876359473	261.366	419.401	0.5164	158.035	-40.91	
722	Spectrogram 1	1	1074.184529620	1075.750367123	364.697	589.593	1.5658	224.896	-30.95	
723	Spectrogram 1	1	1076.646887706	1078.895696885	158.035	352.540	2.2488	194.505	-40.06	
724	Spectrogram 1	1	1077.446464303	1078.287685515	370.775	528.811	0.8412	158.035	-29.15	
725	Spectrogram 1	1	1079.970127938	1081.286097754	194.505	364.697	1.3160	170.192	-37.70	
726	Spectrogram 1	1	1079.628642099	1080.386574082	540.967	662.533	0.7579	121.566	-43.94	
727	Spectrogram 1	1	1080.703073152	1082.976869100	334.305	577.437	2.2738	243.131	-34.38	
728	Spectrogram 1	1	1082.915563038	1083.232062108	553.124	723.316	0.3165	170.192	-40.31	
729	Spectrogram 1	1	1083.740126404	1084.531374078	230.975	401.167	0.7912	170.192	-38.82	
730	Spectrogram 1	1	1084.289835315	1085.330950675	358.619	540.967	1.0411	182.348	-29.13	
731	Spectrogram 1	1	1086.322092499	1088.321033992	164.114	352.540	1.9989	188.427	-42.80	
732	Spectrogram 1	1	1087.896258924	1088.537585987	382.932	644.298	0.6413	261.366	-33.92	
733	Spectrogram 1	1	1089.209055567	1090.475051845	224.896	382.932	1.2660	158.035	-35.39	
734	Spectrogram 1	1	1090.658288149	1092.074205039	346.462	571.358	1.4159	224.896	-30.35	
735	Spectrogram 1	1	1088.817596191	1089.942000781	443.715	644.298	1.1244	200.583	-44.90	
736	Spectrogram 1	1	1092.190809960	1093.348530241	273.523	589.593	1.1577	316.071	-36.52	
737	Spectrogram 1	1	1094.331343142	1095.880522798	316.071	510.576	1.5492	194.505	-30.54	
738	Spectrogram 1	1	1095.819047728	1096.993425855	188.427	346.462	1.1744	158.035	-39.64	
739	Spectrogram 1	1	1096.035599723	1096.418730175	437.636	686.846	0.3831	249.210	-45.15	
740	Spectrogram 1	1	1097.160004312	1098.117830444	164.114	316.071	0.9578	151.957	-43.20	
741	Spectrogram 1	1	1098.151146136	1098.817459967	316.071	474.106	0.6663	158.035	-31.60	
742	Spectrogram 1	1	1098.917407041	1100.125100860	200.583	389.010	1.2077	188.427	-42.72	
743	Spectrogram 1	1	1100.774756845	1103.265104788	255.288	534.889	2.4903	279.601	-34.03	
744	Spectrogram 1	1	1105.074974449	1105.516407362	1719.198	1908.309	0.4414	189.112	-43.07	un
745	Spectrogram 1	1	1109.502958336	1109.869430943	1977.077	2148.997	0.3665	171.920	-43.80	un
746	Spectrogram 1	1	1111.296339638	1112.970453138	206.304	515.759	1.6741	309.456	-45.81	
747	Spectrogram 1	1	1115.074667540	1116.548886890	180.516	446.991	1.4742	266.476	-50.49	
748	Spectrogram 1	1	1116.715465348	1117.906501321	189.112	429.799	1.1910	240.688	-56.40	
749	Spectrogram 1	1	1119.064051516	1119.988561957	171.920	464.183	0.9245	292.264	-49.71	
750	Spectrogram 1	1	1120.213442875	1121.496096999	249.284	489.971	1.2827	240.688	-53.86	
751	Spectrogram 1	1	1122.203715837	1124.227644098	206.304	438.395	2.0239	232.092	-47.22	
752	Spectrogram 1	1	1125.418680071	1126.651360658	137.536	395.415	1.2327	257.880	-44.51	
753	Spectrogram 1	1	1129.629942441	1130.179651351	197.708	404.011	0.5497	206.304	-43.53	
754	Spectrogram 1	1	1132.270210996	1133.761088192	180.516	429.799	1.4909	249.284	-48.40	
755	Spectrogram 1	1	1134.044271571	1134.910479551	240.688	412.607	0.8662	171.920	-44.58	
756	Spectrogram 1	1	1136.034884140	1136.926078889	146.132	343.840	0.8912	197.708	-46.22	
757	Spectrogram 1	1	1138.366642941	1138.957996466	206.304	438.395	0.5914	232.092	-47.87	
758	Spectrogram 1	1	1139.849191215	1141.056885033	77.364	421.203	1.2077	343.840	-49.15	
759	Spectrogram 1	1	1142.689013748	1143.663497725	180.516	404.011	0.9745	223.496	-45.55	
760	Spectrogram 1	1	1146.253792743	1147.453157639	163.324	464.183	1.1994	300.860	-46.62	
761	Spectrogram 1	1	1149.251864811	1150.434571861	189.112	421.203	1.1827	232.092	-33.19	
762	Spectrogram 1	1	1150.576163550	1151.184174921	128.940	412.607	0.6080	283.668	-37.59	
763	Spectrogram 1	1	1151.142530306	1151.533989682	1977.077	2131.805	0.3915	154.728	-43.00	un
764	Spectrogram 1	1	1152.774999192	1153.966035165	180.516	369.628	1.1910	189.112	-40.07	
765	Spectrogram 1	1	1154.016008702	1154.532401921	146.132	455.587	0.5164	309.456	-33.80	
766	Spectrogram 1	1	1156.292298045	1157.341742329	137.536	395.415	1.0494	257.880	-39.42	
767	Spectrogram 1	1	1157.866464470	1158.599409684	137.536	489.971	0.7329	352.436	-37.32	
768	Spectrogram 1	1	1160.103941639	1161.494871760	146.132	395.415	1.3909	249.284	-41.31	
769	Spectrogram 1	1	1161.569832066	1162.269461589	189.112	489.971	0.6996	300.860	-35.71	
770	Spectrogram 1	1	1163.010735726	1163.893601552	154.728	386.819	0.8829	232.092	-40.04	
771	Spectrogram 1	1	1164.298715685	1165.356488891	137.536	318.052	1.0578	180.516	-40.92	
772	Spectrogram 1	1	1166.131078720	1166.630814093	223.496	489.971	0.4997	266.476	-36.93	
773	Spectrogram 1	1	1166.714103322	1167.605298071	197.708	343.840	0.8912	146.132	-37.62	
774	Spectrogram 1	1	1167.896810372	1168.413203591	128.940	249.284	0.5164	120.344	-39.94	
775	Spectrogram 1	1	1170.292367552	1171.100273072	171.920	378.223	0.8079	206.304	-37.19	
776	Spectrogram 1	1	1173.199161640	1174.939906523	171.920	404.011	1.7407	232.092	-42.34	
777	Spectrogram 1	1	1175.289721284	1176.064311112	128.940	309.456	0.7746	180.516	-43.90	
778	Spectrogram 1	1	1176.164258187	1176.447441565	1607.450	1908.309	0.2832	300.860	-46.06	
779	Spectrogram 1	1	1177.288323169	1178.354425299	189.112	352.436	1.0661	163.324	-36.52	
780	Spectrogram 1	1	1178.554319448	1179.503816657	120.344	318.052	0.9495	197.708	-42.52	
781	Spectrogram 1	1	1180.978036008	1181.702652299	189.112	361.032	0.7246	171.920	-38.32	
782	Spectrogram 1	1	1182.210716595	1183.118569189	137.536	386.819	0.9079	249.284	-40.17	
783	Spectrogram 1	1	1183.976278161	1185.858614733	111.748	412.607	1.8823	300.860	-44.93	
784	Spectrogram 1	1	1187.429778071	1189.062246956	189.112	369.628	1.6325	180.516	-36.81	
785	Spectrogram 1	1	1191.244254667	1192.035502341	154.728	361.032	0.7912	206.304	-37.67	
786	Spectrogram 1	1	1192.152107262	1192.793434324	146.132	378.223	0.6413	232.092	-41.04	
787	Spectrogram 1	1	1194.087080288	1195.344747644	154.728	386.819	1.2577	232.092	-40.19	
788	Spectrogram 1	1	1197.690500246	1198.806575913	154.728	318.052	1.1161	163.324	-36.08	
789	Spectrogram 1	1	1199.822704505	1200.389071262	498.567	851.003	0.5664	352.436	-47.64	
790	Spectrogram 1	1	1200.430997732	1200.430997732	1083.095	1083.095	0.0000	0.000		
