Selection	View	Channel	Begin Time (s)	End Time (s)	Low Freq (Hz)	High Freq (Hz)	Delta Time (s)	Delta Freq (Hz)	Avg Power Density (dB FS/Hz)	Annotation
1	Spectrogram 1	1	0.748640961	1.470222609	138.761	378.439	0.7216	239.678	-59.22	
2	Spectrogram 1	1	4.347529433	5.069111082	163.990	365.825	0.7216	201.835	-61.29	
3	Spectrogram 1	1	7.089539698	7.450330523	208.142	428.898	0.3608	220.756	-53.33	
4	Spectrogram 1	1	9.642114877	10.120162719	145.068	359.517	0.4780	214.449	-57.61	
5	Spectrogram 1	1	13.087667249	13.538655780	176.605	353.210	0.4510	176.605	-64.00	
6	Spectrogram 1	1	10.953301113	11.467428038	252.293	372.132	0.5141	119.839	-64.17	
7	Spectrogram 1	1	14.777419737	15.841752669	56.766	258.600	1.0643	201.834	-59.70	
8	Spectrogram 1	1	17.752088954	18.139939090	151.376	340.595	0.3879	189.219	-62.74	
9	Spectrogram 1	1	18.968159735	19.834057714	201.834	378.439	0.8659	176.605	-70.72	
10	Spectrogram 1	1	21.046380381	21.560507305	170.298	409.976	0.5141	239.678	-66.11	
11	Spectrogram 1	1	21.686784094	22.381306431	81.995	214.449	0.6945	132.454	-60.67	
12	Spectrogram 1	1	22.751117026	23.184066015	245.986	365.825	0.4329	119.839	-70.81	
13	Spectrogram 1	1	22.624840237	24.455853671	75.688	245.986	1.8310	170.298	-62.17	
14	Spectrogram 1	1	23.279345972	23.649156567	264.908	378.439	0.3698	113.531	-68.14	
15	Spectrogram 1	1	25.175812165	25.735037943	182.912	403.669	0.5592	220.757	-64.37	
16	Spectrogram 1	1	28.406009872	28.829939090	220.756	378.439	0.4239	157.683	-63.83	
17	Spectrogram 1	1	30.174049413	31.175243950	63.073	277.522	1.0012	214.449	-58.34	
18	Spectrogram 1	1	32.413456294	32.801306431	258.600	403.669	0.3879	145.069	-58.34	
19	Spectrogram 1	1	35.941495836	36.500721613	277.522	365.825	0.5592	88.303	-50.45	
20	Spectrogram 1	1	38.183456294	39.130532208	69.381	220.756	0.9471	151.375	-49.48	
21	Spectrogram 1	1	65.305563633	65.720473081	245.986	409.976	0.4149	163.990	-57.12	
22	Spectrogram 1	1	67.139105741	67.932845554	25.229	201.834	0.7937	176.605	-43.80	
23	Spectrogram 1	1	72.478520924	72.713034959	239.678	409.976	0.2345	170.298	-69.18	
24	Spectrogram 1	1	73.580481382	74.383240966	681.191	838.874	0.8028	157.683	-75.06	
25	Spectrogram 1	1	74.566165053	75.107351289	44.151	233.371	0.5412	189.220	-57.27	
26	Spectrogram 1	1	75.323825784	76.081486515	233.371	422.591	0.7577	189.220	-71.89	
27	Spectrogram 1	1	76.305150599	76.765158900	63.073	428.898	0.4600	365.825	-67.57	
28	Spectrogram 1	1	78.745546011	79.340850872	845.181	958.713	0.5953	113.532	-79.14	
29	Spectrogram 1	1	77.879648033	78.114162069	214.449	365.825	0.2345	151.376	-67.36	
30	Spectrogram 1	1	80.703980965	81.353404449	50.459	227.064	0.6494	176.605	-60.06	
31	Spectrogram 1	1	81.849491832	82.327539674	63.073	245.986	0.4780	182.913	-68.50	
32	Spectrogram 1	1	82.904804993	83.121279488	195.527	454.127	0.2165	258.600	-69.34	
33	Spectrogram 1	1	83.931814499	84.689475230	258.600	384.747	0.7577	126.147	-75.19	
34	Spectrogram 1	1	83.589063216	83.805537710	107.225	277.522	0.2165	170.297	-72.71	
35	Spectrogram 1	1	85.365958026	85.907144262	239.678	384.747	0.5412	145.069	-68.00	
36	Spectrogram 1	1	85.240825968	85.917308764	731.650	864.103	0.6765	132.453	-77.96	
37	Spectrogram 1	1	85.673774958	87.207135961	819.952	983.943	1.5334	163.991	-76.59	
38	Spectrogram 1	1	87.171056879	88.082053710	80.294	239.678	0.9110	159.384	-66.46	
39	Spectrogram 1	1	86.674969495	87.216155732	18.922	182.487	0.5412	163.565	-58.91	
41	Spectrogram 1	1	87.623000735	88.209285825	284.680	437.969	0.5863	153.289	-76.98	
42	Spectrogram 1	1	88.497918484	89.544211875	795.644	919.735	1.0463	124.091	-81.47	
43	Spectrogram 1	1	89.289079818	89.649870642	240.883	394.172	0.3608	153.289	-67.32	
44	Spectrogram 1	1	89.947523072	90.993816463	722.649	941.634	1.0463	218.985	-80.09	
45	Spectrogram 1	1	89.171822800	90.254195273	109.492	189.787	1.0824	80.295	-64.85	
46	Spectrogram 1	1	92.382861137	92.779731043	58.396	408.771	0.3969	350.375	-68.47	
47	Spectrogram 1	1	93.014245079	94.087597782	671.553	802.944	1.0734	131.391	-78.98	
48	Spectrogram 1	1	91.354607287	91.895793524	29.198	262.782	0.5412	233.584	-61.02	
49	Spectrogram 1	1	91.734557481	92.501237983	291.979	452.568	0.7667	160.589	-80.10	
50	Spectrogram 1	1	94.903000735	95.534384678	284.680	430.670	0.6314	145.990	-76.83	
51	Spectrogram 1	1	96.752053710	98.456790355	686.152	978.131	1.7047	291.979	-79.97	
52	Spectrogram 1	1	96.535579216	96.950488663	87.594	437.969	0.4149	350.375	-70.38	
53	Spectrogram 1	1	94.280636563	95.426147431	43.797	233.584	1.1455	189.787	-63.41	
54	Spectrogram 1	1	99.872894341	101.379196032	700.751	832.142	1.5063	131.391	-74.77	
55	Spectrogram 1	1	103.591746051	104.277248617	715.350	854.040	0.6855	138.690	-74.64	
56	Spectrogram 1	1	107.149398481	108.998451456	591.258	948.933	1.8491	357.675	-79.31	
57	Spectrogram 1	1	109.101556646	109.516466094	21.898	226.284	0.4149	204.386	-56.97	
58	Spectrogram 1	1	114.146062381	115.140765821	540.162	824.842	0.9947	284.680	-75.52	
59	Spectrogram 1	1	115.393319399	116.114901047	248.183	503.665	0.7216	255.482	-73.58	
60	Spectrogram 1	1	116.698607657	117.799019671	459.868	613.157	1.1004	153.289	-68.19	
61	Spectrogram 1	1	117.952355771	119.747290122	627.756	810.243	1.7949	182.487	-81.02	
62	Spectrogram 1	1	118.996045779	119.744686739	277.381	635.055	0.7486	357.674	-76.46	
63	Spectrogram 1	1	123.691334037	124.385856373	401.472	664.253	0.6945	262.781	-72.72	
64	Spectrogram 1	1	124.881943757	125.585485864	496.365	715.350	0.7035	218.985	-79.03	
65	Spectrogram 1	1	124.890963528	125.576466094	21.898	284.680	0.6855	262.782	-55.55	
66	Spectrogram 1	1	1.556662144	2.088828610	211.685	379.573	0.5322	167.888	-71.83	
67	Spectrogram 1	1	3.183685037	3.760950356	131.391	343.076	0.5773	211.685	-72.09	
68	Spectrogram 1	1	16.041105537	16.428955673	218.985	437.969	0.3879	218.984	-66.53	
69	Spectrogram 1	1	18.547571730	18.872283472	116.792	218.985	0.3247	102.193	-59.12	
70	Spectrogram 1	1	19.988156548	20.502283472	58.396	386.873	0.5141	328.477	-60.16	
71	Spectrogram 1	1	31.606359571	32.355000531	43.797	481.766	0.7486	437.969	-50.44	
72	Spectrogram 1	1	66.451968613	67.588459709	868.639	1036.527	1.1365	167.888	-76.31	
73	Spectrogram 1	1	69.258451408	70.376902964	773.746	985.431	1.1185	211.685	-76.78	
74	Spectrogram 1	1	78.388838520	78.839827050	715.350	948.933	0.4510	233.583	-78.92	
75	Spectrogram 1	1	81.509629344	81.735123609	620.456	978.131	0.2255	357.675	-77.05	
76	Spectrogram 1	1	198.179786629	199.839424421	1153.319	1401.502	1.6596	248.183	-85.61	
77	Spectrogram 1	1	210.435351748	211.851455733	1087.624	1386.903	1.4161	299.279	-88.03	
78	Spectrogram 1	1	242.489281808	243.589693822	1087.624	1255.512	1.1004	167.888	-83.17	
80	Spectrogram 1	1	132.435046686	133.607616865	594.192	734.001	1.1726	139.810	-63.93	
81	Spectrogram 1	1	138.757295389	140.092221439	539.266	783.933	1.3349	244.667	-60.40	
82	Spectrogram 1	1	149.544941037	151.312816076	549.253	823.879	1.7679	274.626	-64.45	
