Selection	View	Channel	Begin Time (s)	End Time (s)	Low Freq (Hz)	High Freq (Hz)	Delta Time (s)	Delta Freq (Hz)	Avg Power Density (dB FS/Hz)	Annotation
1	Spectrogram 1	1	0.378588223	0.842642632	565.307	689.136	0.4641	123.829	-44.36	
2	Spectrogram 1	1	1.288134864	2.791671147	376.871	996.017	1.5035	619.146	-46.14	
3	Spectrogram 1	1	3.942526081	5.217128856	592.226	807.581	1.2746	215.355	-35.22	
4	Spectrogram 1	1	5.225158588	6.697757911	506.084	850.652	1.4726	344.568	-40.55	
5	Spectrogram 1	1	6.524510931	8.207481586	559.923	1076.775	1.6830	516.852	-39.95	
6	Spectrogram 1	1	10.870336784	11.371515546	570.691	861.420	0.5012	290.729	-35.14	
7	Spectrogram 1	1	14.475452071	16.084174021	586.842	1173.685	1.6087	586.843	-40.36	
8	Spectrogram 1	1	17.346402012	19.320180096	602.994	1049.856	1.9738	446.862	-39.12	
9	Spectrogram 1	1	18.837563511	19.313992704	296.113	355.336	0.4764	59.223	-44.01	
10	Spectrogram 1	1	20.112390114	20.675442797	113.061	845.269	0.5631	732.208	-48.92	
11	Spectrogram 1	1	21.987169925	22.612096528	543.771	1604.395	0.6249	1060.624	-42.12	
12	Spectrogram 1	1	22.166604296	22.952403095	328.416	387.639	0.7858	59.223	-49.67	
13	Spectrogram 1	1	23.407713299	24.119263392	113.061	355.336	0.7116	242.275	-47.49	un
14	Spectrogram 1	1	25.579487931	27.212959449	581.459	1135.998	1.6335	554.539	-40.44	
15	Spectrogram 1	1	28.695123576	30.254346389	586.842	1135.998	1.5592	549.156	-42.02	
16	Spectrogram 1	1	32.649200823	33.045193918	1162.917	1302.898	0.3960	139.981	-59.01	
17	Spectrogram 1	1	33.026631742	33.391687877	533.004	1878.973	0.3651	1345.969	-42.63	
18	Spectrogram 1	1	32.630638647	33.360750916	306.881	371.487	0.7301	64.606	-48.78	
19	Spectrogram 1	1	34.641541084	35.272655079	102.294	786.046	0.6311	683.752	-45.69	
20	Spectrogram 1	1	36.126515191	37.976545433	624.530	877.572	1.8500	253.042	-34.66	
21	Spectrogram 1	1	39.289237100	41.269202576	597.610	1146.766	1.9800	549.156	-36.85	
22	Spectrogram 1	1	43.453351992	44.010217282	581.459	1200.604	0.5569	619.145	-36.75	
23	Spectrogram 1	1	47.179345043	47.996080802	672.984	753.743	0.8167	80.759	-30.72	
24	Spectrogram 1	1	48.033205154	48.936564403	635.297	1114.462	0.9034	479.165	-35.84	
25	Spectrogram 1	1	50.415351118	51.671391717	629.913	812.965	1.2560	183.052	-33.02	
26	Spectrogram 1	1	50.829906389	51.095964250	107.678	339.184	0.2661	231.506	-38.24	
27	Spectrogram 1	1	50.662846802	50.897967703	242.274	323.033	0.2351	80.759	-45.21	
28	Spectrogram 1	1	51.682849797	53.174011297	393.023	845.269	1.4912	452.246	-43.28	
29	Spectrogram 1	1	54.844607167	55.395285065	608.378	834.501	0.5507	226.123	-33.90	
30	Spectrogram 1	1	54.652798012	54.863169344	96.910	333.800	0.2104	236.890	-41.58	
31	Spectrogram 1	1	57.086180735	57.655420809	296.113	355.336	0.5692	59.223	-45.89	
32	Spectrogram 1	1	57.859604749	60.049941557	651.449	839.885	2.1903	188.436	-36.75	
33	Spectrogram 1	1	58.237035668	58.886711840	226.123	355.336	0.6497	129.213	-47.45	
34	Spectrogram 1	1	58.960960545	59.369328424	48.455	543.771	0.4084	495.316	-43.16	
35	Spectrogram 1	1	60.009171359	60.299978788	226.123	306.881	0.2908	80.758	-43.89	
36	Spectrogram 1	1	61.116714547	62.546002125	565.307	915.259	1.4293	349.952	-33.98	
37	Spectrogram 1	1	62.626438223	63.040993495	107.678	549.155	0.4146	441.477	-41.79	
38	Spectrogram 1	1	62.193320775	62.496502989	290.729	366.104	0.3032	75.375	-47.10	
39	Spectrogram 1	1	64.881412285	66.013705042	37.687	172.284	1.1323	134.597	-53.47	
40	Spectrogram 1	1	67.238808680	67.690488305	96.910	317.649	0.4517	220.739	-40.86	
41	Spectrogram 1	1	68.600034945	68.816593669	156.132	209.971	0.2166	53.839	-45.35	
42	Spectrogram 1	1	65.450652360	66.168389845	549.155	678.368	0.7177	129.213	-34.00	
43	Spectrogram 1	1	66.026079826	66.508696411	183.052	285.345	0.4826	102.293	-48.96	
44	Spectrogram 1	1	68.915591943	70.468627364	570.691	748.359	1.5530	177.668	-31.72	
45	Spectrogram 1	1	70.208371917	70.802361560	759.126	850.652	0.5940	91.526	-47.12	
46	Spectrogram 1	1	70.715738070	71.185979871	129.213	317.649	0.4702	188.436	-39.88	
47	Spectrogram 1	1	70.734300247	71.229291616	597.610	807.581	0.4950	209.971	-36.25	
48	Spectrogram 1	1	71.284978145	72.157400433	253.042	403.791	0.8724	150.749	-47.74	
49	Spectrogram 1	1	71.619097319	72.460582646	468.397	882.956	0.8415	414.559	-42.44	
50	Spectrogram 1	1	72.373959157	73.939369362	576.075	850.652	1.5654	274.577	-34.85	
51	Spectrogram 1	1	75.225035256	75.658152704	96.910	452.246	0.4331	355.336	-41.38	
52	Spectrogram 1	1	75.596278783	77.322561182	409.175	888.340	1.7263	479.165	-39.85	
53	Spectrogram 1	1	76.641948050	77.081252890	570.691	834.501	0.4393	263.810	-35.61	
54	Spectrogram 1	1	76.748189250	77.298867148	231.507	360.720	0.5507	129.213	-46.09	
55	Spectrogram 1	1	77.236993227	77.546362832	32.303	91.526	0.3094	59.223	-67.55	
56	Spectrogram 1	1	78.919963882	79.235520879	86.142	360.720	0.3156	274.578	-41.76	
57	Spectrogram 1	1	78.301224670	78.820965608	473.781	565.307	0.5197	91.526	-54.03	
58	Spectrogram 1	1	79.718137464	80.281190147	172.284	339.184	0.5631	166.900	-48.71	
59	Spectrogram 1	1	79.736699641	81.543418138	597.610	737.591	1.8067	139.981	-34.26	
60	Spectrogram 1	1	81.054614161	82.038409507	43.071	199.203	0.9838	156.132	-50.25	
61	Spectrogram 1	1	81.505344973	82.365392476	586.842	812.965	0.8600	226.123	-36.93	
62	Spectrogram 1	1	83.033630825	84.481480579	581.459	802.198	1.4478	220.739	-34.10	
63	Spectrogram 1	1	83.677119604	84.029800955	96.910	479.165	0.3527	382.255	-39.41	
64	Spectrogram 1	1	82.730448611	83.274939117	75.374	134.597	0.5445	59.223	-55.17	
65	Spectrogram 1	1	85.695645925	86.005015531	226.123	339.184	0.3094	113.061	-42.94	
66	Spectrogram 1	1	87.032122622	87.409553541	59.223	463.013	0.3774	403.790	-40.89	
67	Spectrogram 1	1	87.261056130	87.935481870	597.610	856.036	0.6744	258.426	-35.99	
68	Spectrogram 1	1	87.867420557	88.114916242	317.649	393.023	0.2475	75.374	-46.42	
69	Spectrogram 1	1	85.306483641	85.529229757	107.678	306.881	0.2227	199.203	-43.93	
70	Spectrogram 1	1	88.495403548	88.625338782	150.749	882.956	0.1299	732.207	-50.18	
71	Spectrogram 1	1	86.410118814	86.589553186	339.184	791.430	0.1794	452.246	-52.69	
72	Spectrogram 1	1	86.799924517	87.004108457	247.658	764.510	0.2042	516.852	-53.55	
73	Spectrogram 1	1	86.669989283	86.793737125	177.668	296.113	0.1237	118.445	-43.69	
74	Spectrogram 1	1	86.397744030	86.682364067	107.678	371.487	0.2846	263.809	-52.52	
75	Spectrogram 1	1	89.041438755	89.208498342	301.497	850.652	0.1671	549.155	-48.45	
76	Spectrogram 1	1	88.657820444	88.961002658	21.536	80.758	0.3032	59.222	-66.50	
77	Spectrogram 1	1	88.422699544	89.128062245	258.426	349.952	0.7054	91.526	-47.90	
78	Spectrogram 1	1	88.892941344	89.901486259	32.303	209.971	1.0085	177.668	-49.04	
79	Spectrogram 1	1	90.377915452	90.656348097	166.900	699.904	0.2784	533.004	-47.98	
80	Spectrogram 1	1	90.507850686	92.883809258	597.610	899.107	2.3760	301.497	-35.86	
81	Spectrogram 1	1	91.454521679	91.745329109	96.910	597.610	0.2908	500.700	-39.50	
82	Spectrogram 1	1	91.745329109	92.531127907	226.123	387.639	0.7858	161.516	-44.05	
83	Spectrogram 1	1	92.568252260	93.743856761	96.910	258.426	1.1756	161.516	-49.30	
84	Spectrogram 1	1	92.512709661	92.667394464	209.971	861.420	0.1547	651.449	-42.39	
85	Spectrogram 1	1	94.138995056	95.586844811	565.307	909.875	1.4478	344.568	-37.17	
86	Spectrogram 1	1	94.881482110	95.265100421	80.758	452.246	0.3836	371.488	-43.81	
87	Spectrogram 1	1	95.326974342	95.562095242	209.971	333.800	0.2351	123.829	-42.99	
88	Spectrogram 1	1	95.722967437	97.183191976	409.175	839.885	1.4602	430.710	-43.16	
89	Spectrogram 1	1	97.900929461	98.470169536	102.294	247.658	0.5692	145.364	-55.28	
90	Spectrogram 1	1	98.402108222	98.655791299	220.739	339.184	0.2537	118.445	-48.96	
91	Spectrogram 1	1	99.156970060	99.342591824	209.971	328.416	0.1856	118.445	-46.74	
92	Spectrogram 1	1	99.503464018	99.707647958	113.061	328.416	0.2042	215.355	-38.14	
93	Spectrogram 1	1	94.237993330	94.862919933	209.971	317.649	0.6249	107.678	-50.09	
94	Spectrogram 1	1	96.038524435	96.335519256	236.891	306.881	0.2970	69.990	-52.66	
95	Spectrogram 1	1	98.111300793	98.760976965	554.539	877.572	0.6497	323.033	-38.94	
96	Spectrogram 1	1	99.394295365	99.901661519	511.468	823.733	0.5074	312.265	-49.74	
97	Spectrogram 1	1	100.112032851	101.485633900	613.762	1055.240	1.3736	441.478	-41.54	
98	Spectrogram 1	1	101.405197802	103.292352397	581.459	990.633	1.8872	409.174	-37.19	
99	Spectrogram 1	1	102.896359302	103.230478476	75.374	533.004	0.3341	457.630	-43.76	
100	Spectrogram 1	1	101.819753074	102.419930109	285.345	409.175	0.6002	123.830	-46.86	
101	Spectrogram 1	1	103.211205475	103.768070765	473.781	872.188	0.5569	398.407	-46.70	
102	Spectrogram 1	1	104.733303934	105.580976654	21.536	183.052	0.8477	161.516	-51.87	
103	Spectrogram 1	1	105.160233990	105.865596691	209.971	301.497	0.7054	91.526	-47.34	
104	Spectrogram 1	1	104.628118269	106.069780631	549.155	904.491	1.4417	355.336	-37.50	
105	Spectrogram 1	1	105.953294527	106.503972425	597.610	877.572	0.5507	279.962	-35.38	
106	Spectrogram 1	1	107.085587284	107.351645144	75.374	522.236	0.2661	446.862	-41.26	
107	Spectrogram 1	1	106.596783307	107.518704732	463.013	829.117	0.9219	366.104	-46.03	
108	Spectrogram 1	1	106.107979330	106.788592462	199.203	387.639	0.6806	188.436	-46.09	
109	Spectrogram 1	1	108.149818727	108.453000941	204.587	565.307	0.3032	360.720	-51.90	
110	Spectrogram 1	1	109.046990584	109.449171071	559.923	866.804	0.4022	306.881	-40.56	
111	Spectrogram 1	1	109.251174523	109.603855874	161.516	220.739	0.3527	59.223	-44.94	
112	Spectrogram 1	1	109.325423229	109.937975048	344.568	425.326	0.6126	80.758	-49.79	
113	Spectrogram 1	1	110.798207729	111.262262137	118.445	209.971	0.4641	91.526	-47.28	
114	Spectrogram 1	1	111.200388216	111.522132606	107.678	452.246	0.3217	344.568	-42.39	
115	Spectrogram 1	1	110.983829492	112.945232792	554.539	985.249	1.9614	430.710	-37.54	
116	Spectrogram 1	1	113.155604124	113.941402923	215.355	323.033	0.7858	107.678	-44.04	
117	Spectrogram 1	1	113.248415006	113.483535906	441.478	495.317	0.2351	53.839	-42.17	
118	Spectrogram 1	1	112.747236245	112.889546263	382.255	441.478	0.1423	59.223	-41.82	
119	Spectrogram 1	1	111.689192193	112.177996170	468.397	538.388	0.4888	69.991	-40.82	
120	Spectrogram 1	1	114.005318658	114.221877382	446.862	516.852	0.2166	69.990	-40.22	
121	Spectrogram 1	1	114.450810890	114.617870477	409.175	479.165	0.1671	69.990	-41.36	
122	Spectrogram 1	1	114.327063048	116.214217643	565.307	861.420	1.8872	296.113	-37.73	
123	Spectrogram 1	1	115.861536292	116.146156329	113.061	355.336	0.2846	242.275	-39.40	
124	Spectrogram 1	1	116.344152877	116.591648561	409.175	484.549	0.2475	75.374	-37.38	
125	Spectrogram 1	1	117.594006084	118.478803156	258.426	409.175	0.8848	150.749	-53.86	
126	Spectrogram 1	1	117.067924016	118.008407617	484.549	899.107	0.9405	414.558	-58.00	
127	Spectrogram 1	1	118.732332494	118.992202963	419.942	484.549	0.2599	64.607	-44.51	
128	Spectrogram 1	1	118.967453395	119.580005214	581.459	856.036	0.6126	274.577	-38.03	
129	Spectrogram 1	1	119.419133019	120.019310054	96.910	446.862	0.6002	349.952	-41.48	
130	Spectrogram 1	1	120.081183975	120.885544950	183.052	371.487	0.8044	188.435	-49.31	
131	Spectrogram 1	1	120.470989678	122.116835980	549.155	893.723	1.6458	344.568	-37.32	
132	Spectrogram 1	1	121.733217669	122.512829076	32.303	236.891	0.7796	204.588	-49.89	
133	Spectrogram 1	1	122.186921580	123.715207432	613.762	872.188	1.5283	258.426	-38.18	
134	Spectrogram 1	1	124.129762703	124.439132309	107.678	726.823	0.3094	619.145	-42.04	
135	Spectrogram 1	1	125.101183265	125.713735084	161.516	253.042	0.6126	91.526	-44.44	
136	Spectrogram 1	1	125.181619363	126.852215233	608.378	818.349	1.6706	209.971	-36.29	
137	Spectrogram 1	1	124.371070996	125.559050281	463.013	882.956	1.1880	419.943	-43.12	
138	Spectrogram 1	1	125.262055460	125.899356848	942.178	1485.950	0.6373	543.772	-53.52	
139	Spectrogram 1	1	126.991864158	127.220797666	247.658	306.881	0.2289	59.223	-50.33	
140	Spectrogram 1	1	127.394044645	128.328340855	253.042	360.720	0.9343	107.678	-42.72	
141	Spectrogram 1	1	127.641540330	127.969472112	86.142	382.255	0.3279	296.113	-41.06	
142	Spectrogram 1	1	129.757628433	130.636238113	37.687	166.900	0.8786	129.213	-53.63	
143	Spectrogram 1	1	129.534882317	130.345430684	592.226	866.804	0.8105	274.578	-38.80	
144	Spectrogram 1	1	129.633880591	130.326868507	419.942	576.075	0.6930	156.133	-42.39	
145	Spectrogram 1	1	130.759985955	131.521035185	139.981	263.810	0.7610	123.829	-48.41	
146	Spectrogram 1	1	131.842779575	132.232585278	91.526	463.013	0.3898	371.487	-40.37	
147	Spectrogram 1	1	128.817144832	129.565819277	134.597	215.355	0.7487	80.758	-55.08	
148	Spectrogram 1	1	129.809617618	130.712976867	979.865	1442.879	0.9034	463.014	-53.47	
149	Spectrogram 1	1	132.898453545	135.200163412	608.378	845.269	2.3017	236.891	-37.27	
150	Spectrogram 1	1	132.669520037	133.585254070	349.952	516.852	0.9157	166.900	-43.52	
151	Spectrogram 1	1	133.108824877	133.313008817	177.668	236.891	0.2042	59.223	-42.56	
152	Spectrogram 1	1	134.005996734	135.014541648	177.668	317.649	1.0085	139.981	-48.26	
153	Spectrogram 1	1	135.119727314	135.942650465	64.607	554.539	0.8229	489.932	-43.58	
154	Spectrogram 1	1	136.140647013	136.400517482	80.758	166.900	0.2599	86.142	-50.96	
155	Spectrogram 1	1	136.530452716	137.736994178	274.578	506.084	1.2065	231.506	-43.57	
156	Spectrogram 1	1	136.518077932	137.767931139	624.530	866.804	1.2499	242.274	-37.22	
157	Spectrogram 1	1	137.859677480	138.589789750	387.639	839.885	0.7301	452.246	-50.29	
158	Spectrogram 1	1	140.006702544	140.396508247	129.213	495.317	0.3898	366.104	-39.81	
159	Spectrogram 1	1	140.142825170	140.780126558	559.923	882.956	0.6373	323.033	-40.52	
160	Spectrogram 1	1	141.838170609	142.821965955	376.871	791.430	0.9838	414.559	-44.33	
161	Spectrogram 1	1	141.510238827	141.788671473	339.184	834.501	0.2784	495.317	-42.05	
162	Spectrogram 1	1	143.681496998	144.077490093	86.142	597.610	0.3960	511.468	-42.92	
163	Spectrogram 1	1	143.526812195	145.779022924	576.075	818.349	2.2522	242.274	-37.12	
164	Spectrogram 1	1	144.145551406	144.838539323	226.123	301.497	0.6930	75.374	-43.80	
165	Spectrogram 1	1	145.086035007	146.144079059	393.023	613.762	1.0580	220.739	-43.52	
166	Spectrogram 1	1	147.857986674	148.253979769	80.758	554.539	0.3960	473.781	-41.68	
167	Spectrogram 1	1	147.134061797	148.699472002	565.307	850.652	1.5654	285.345	-35.65	
168	Spectrogram 1	1	147.955645748	149.978922969	1211.372	1690.537	2.0233	479.165	-47.59	
169	Spectrogram 1	1	149.044626760	149.737614676	533.004	818.349	0.6930	285.345	-48.45	
170	Spectrogram 1	1	150.300667359	150.999842668	522.236	791.430	0.6992	269.194	-40.28	
171	Spectrogram 1	1	151.197839215	151.884639740	565.307	834.501	0.6868	269.194	-35.43	
172	Spectrogram 1	1	151.432960115	151.822765819	139.981	387.639	0.3898	247.658	-39.06	
173	Spectrogram 1	1	144.777483123	145.909775880	1216.756	1555.940	1.1323	339.184	-55.67	
174	Spectrogram 1	1	124.387358141	125.760959190	1313.666	1782.063	1.3736	468.397	-53.30	
175	Spectrogram 1	1	149.085597401	149.401154399	156.132	236.891	0.3156	80.759	-47.94	
176	Spectrogram 1	1	149.623900515	151.195498112	161.516	333.800	1.5716	172.284	-53.81	
177	Spectrogram 1	1	151.838986892	152.160731282	263.810	333.800	0.3217	69.990	-43.85	
178	Spectrogram 1	1	152.160731282	153.206400549	344.568	656.833	1.0457	312.265	-46.59	
179	Spectrogram 1	1	153.387636686	154.167248093	43.071	172.284	0.7796	129.213	-50.36	
180	Spectrogram 1	1	153.814566742	154.983983852	193.820	317.649	1.1694	123.829	-39.95	
181	Spectrogram 1	1	154.062062427	154.371432032	554.539	748.359	0.3094	193.820	-51.87	
182	Spectrogram 1	1	154.433305953	156.765952780	608.378	942.178	2.3326	333.800	-38.88	
183	Spectrogram 1	1	155.701721337	156.141026177	107.678	522.236	0.4393	414.558	-40.31	
184	Spectrogram 1	1	156.481332743	156.673141899	344.568	1173.685	0.1918	829.117	-42.66	
185	Spectrogram 1	1	154.612740325	155.565598710	1114.462	1712.073	0.9529	597.611	-50.60	
186	Spectrogram 1	1	156.988698896	157.471315481	145.365	209.971	0.4826	64.606	-48.72	
187	Spectrogram 1	1	157.378504599	158.213802535	166.900	376.871	0.8353	209.971	-46.80	
188	Spectrogram 1	1	32.895786819	34.472620962	10983.396	22050.000	1.5768	11066.604	-193.90	d
189	Spectrogram 1	1	37.984983461	38.490379019	7904.717	14561.321	0.5054	6656.604	-71.86	d
190	Spectrogram 1	1	41.212776428	41.873159957	7987.925	16391.887	0.6604	8403.962	-72.71	d
191	Spectrogram 1	1	41.387980221	41.495797940	6406.981	7821.509	0.1078	1414.528	-58.98	d
192	Spectrogram 1	1	46.326496700	47.701172620	12148.302	22050.000	1.3747	9901.698	-188.34	d
193	Spectrogram 1	1	72.807354534	74.134860201	12148.302	20885.094	1.3275	8736.792	-190.43	d
194	Spectrogram 1	1	104.182430336	105.590799292	12231.509	21717.170	1.4084	9485.661	-192.44	d
195	Spectrogram 1	1	106.062060469	106.129446543	5491.698	21883.585	0.0674	16391.887	-69.60	d
196	Spectrogram 1	1	187.722517303	188.497457159	6656.604	14977.358	0.7749	8320.754	-79.42	d
197	Spectrogram 1	1	358.452144785	359.186652996	7821.509	16391.887	0.7345	8570.378	-83.94	d
199	Spectrogram 1	1	157.899097878	159.614467286	558.948	926.677	1.7154	367.729	-36.98	
200	Spectrogram 1	1	159.118916124	159.519168986	73.546	345.665	0.4003	272.119	-40.36	
201	Spectrogram 1	1	159.519168986	160.576980120	220.637	323.601	1.0578	102.964	-45.80	
202	Spectrogram 1	1	161.615731595	162.578244429	404.502	809.004	0.9625	404.502	-43.34	
203	Spectrogram 1	1	162.177991567	162.978497291	544.239	948.741	0.8005	404.502	-39.10	
204	Spectrogram 1	1	162.688926782	163.842036217	117.673	338.311	1.1531	220.638	-41.55	
205	Spectrogram 1	1	163.479902676	163.918274857	58.837	500.111	0.4384	441.274	-40.96	
206	Spectrogram 1	1	165.166682593	166.157784917	433.920	742.812	0.9911	308.892	-39.60	
207	Spectrogram 1	1	165.418422511	167.749266534	558.948	934.031	2.3308	375.083	-37.55	
208	Spectrogram 1	1	166.114100104	166.876486508	169.155	345.665	0.7624	176.510	-43.45	
209	Spectrogram 1	1	167.143321749	167.715111551	66.191	529.530	0.5718	463.339	-42.73	
210	Spectrogram 1	1	167.848529172	168.668094556	544.239	845.776	0.8196	301.537	-47.32	
211	Spectrogram 1	1	169.020698267	170.564530734	551.593	1051.705	1.5438	500.112	-38.75	
212	Spectrogram 1	1	168.982578947	170.192867362	36.773	330.956	1.2103	294.183	-50.03	
213	Spectrogram 1	1	170.535941244	171.260208327	397.147	728.103	0.7243	330.956	-43.53	
214	Spectrogram 1	1	171.441275098	172.013064901	213.283	389.793	0.5718	176.510	-43.34	
215	Spectrogram 1	1	172.022594731	172.613444193	102.964	507.466	0.5908	404.502	-41.53	
216	Spectrogram 1	1	169.176859513	170.701632319	1147.314	1720.971	1.5248	573.657	-52.12	
217	Spectrogram 1	1	173.045970510	173.903655214	536.884	860.486	0.8577	323.602	-37.40	
218	Spectrogram 1	1	173.188917960	174.513564336	1132.605	1632.716	1.3246	500.111	-50.51	
219	Spectrogram 1	1	173.284216261	173.998953514	139.737	353.020	0.7147	213.283	-51.04	
220	Spectrogram 1	1	175.235455593	175.635708455	66.191	558.948	0.4003	492.757	-41.57	
221	Spectrogram 1	1	175.387932873	176.236087747	183.864	345.665	0.8482	161.801	-40.08	
222	Spectrogram 1	1	176.083610466	178.342180187	581.012	1051.705	2.2586	470.693	-36.19	
223	Spectrogram 1	1	178.761492708	179.581058092	1176.732	1750.389	0.8196	573.657	-49.67	
224	Spectrogram 1	1	179.504819452	180.838995658	603.075	831.067	1.3342	227.992	-33.44	
225	Spectrogram 1	1	180.000370614	181.153480049	411.856	838.422	1.1531	426.566	-36.18	
226	Spectrogram 1	1	178.275471376	179.085506930	102.964	227.992	0.8100	125.028	-52.24	
227	Spectrogram 1	1	179.419050981	179.981310954	95.610	470.693	0.5623	375.083	-41.12	
228	Spectrogram 1	1	180.171907555	180.333914665	66.191	411.856	0.1620	345.665	-46.17	
229	Spectrogram 1	1	180.638869227	180.924764128	139.737	227.992	0.2859	88.255	-46.21	
230	Spectrogram 1	1	180.896174638	181.687150531	169.155	286.829	0.7910	117.674	-43.74	
231	Spectrogram 1	1	181.760017681	182.160270543	1325.021	2288.471	0.4003	963.450	-57.31	
232	Spectrogram 1	1	181.798137002	182.665351535	419.211	661.912	0.8672	242.701	-54.09	
233	Spectrogram 1	1	182.646291875	182.913127116	88.255	522.175	0.2668	433.920	-39.60	
234	Spectrogram 1	1	183.532566069	184.085296212	566.302	823.713	0.5527	257.411	-34.75	
235	Spectrogram 1	1	183.951878591	184.771443975	478.048	764.876	0.8196	286.828	-37.39	
236	Spectrogram 1	1	184.399780603	185.085928366	176.510	353.020	0.6861	176.510	-41.85	
237	Spectrogram 1	1	186.072157813	186.920312687	455.984	823.713	0.8482	367.729	-48.50	
238	Spectrogram 1	1	187.110909288	187.339625209	66.191	316.247	0.2287	250.056	-38.48	
239	Spectrogram 1	1	186.891723197	188.873927845	595.721	875.195	1.9822	279.474	-35.87	
240	Spectrogram 1	1	188.797689205	189.569605439	448.629	764.876	0.7719	316.247	-42.63	
241	Spectrogram 1	1	188.902517336	189.683963399	139.737	323.601	0.7814	183.864	-40.92	
242	Spectrogram 1	1	190.598827083	190.894251814	110.319	426.566	0.2954	316.247	-39.80	
243	Spectrogram 1	1	190.284342692	191.913943629	507.466	823.713	1.6296	316.247	-35.17	
244	Spectrogram 1	1	192.894879297	193.723974510	1220.860	1397.370	0.8291	176.510	-53.95	
245	Spectrogram 1	1	192.466036945	193.285602328	375.083	639.848	0.8196	264.765	-46.39	
246	Spectrogram 1	1	192.313559664	192.913938957	183.864	330.956	0.6004	147.092	-39.74	
247	Spectrogram 1	1	194.534010064	195.315456127	485.402	838.422	0.7814	353.020	-39.17	
248	Spectrogram 1	1	194.514950404	195.010501566	95.610	198.574	0.4956	102.964	-45.85	
249	Spectrogram 1	1	195.296396467	195.534642218	169.155	382.438	0.2382	213.283	-38.18	
250	Spectrogram 1	1	196.058782871	197.297660776	353.020	706.039	1.2389	353.019	-47.69	
251	Spectrogram 1	1	196.563863863	197.326250266	169.155	330.956	0.7624	161.801	-40.73	
252	Spectrogram 1	1	196.516214713	197.640734658	1169.378	1456.206	1.1245	286.828	-51.60	
253	Spectrogram 1	1	197.725072697	199.659628196	492.757	845.776	1.9346	353.019	-34.43	
254	Spectrogram 1	1	198.487459100	198.782883832	183.864	411.856	0.2954	227.992	-39.95	
255	Spectrogram 1	1	200.021761737	200.707909500	205.928	330.956	0.6861	125.028	-43.56	
256	Spectrogram 1	1	200.755558651	202.737763299	492.757	816.358	1.9822	323.601	-37.30	
257	Spectrogram 1	1	202.680584319	203.347672422	441.275	786.940	0.6671	345.665	-41.84	
258	Spectrogram 1	1	202.680584319	202.861651090	132.382	389.793	0.1811	257.411	-41.03	
259	Spectrogram 1	1	203.118956501	203.766984944	198.574	308.892	0.6480	110.318	-45.66	
260	Spectrogram 1	1	203.004598541	203.547798853	95.610	176.510	0.5432	80.900	-46.86	
261	Spectrogram 1	1	201.632303014	202.347040268	1132.605	1941.608	0.7147	809.003	-50.41	
262	Spectrogram 1	1	204.732418450	204.951604541	147.092	419.211	0.2192	272.119	-52.39	
263	Spectrogram 1	1	205.809289245	206.247661427	448.629	772.231	0.4384	323.602	-36.36	
264	Spectrogram 1	1	205.323267913	206.038005166	154.446	367.729	0.7147	213.283	-42.32	
265	Spectrogram 1	1	206.409668538	206.609794969	139.737	367.729	0.2001	227.992	-40.77	
266	Spectrogram 1	1	207.639016613	208.191746756	367.729	728.103	0.5527	360.374	-41.91	
267	Spectrogram 1	1	206.638384459	206.962398680	3279.081	4124.858	0.3240	845.777	-63.08	
268	Spectrogram 1	1	209.849937183	210.154891744	2658.748	3570.716	0.3050	911.968	-57.89	
269	Spectrogram 1	1	211.994148943	212.356282484	2864.677	3688.389	0.3621	823.712	-60.96	
270	Spectrogram 1	1	208.618755441	210.820146181	448.629	801.649	2.2014	353.020	-38.21	
271	Spectrogram 1	1	210.438952979	211.258518363	1132.605	1809.226	0.8196	676.621	-56.40	
272	Spectrogram 1	1	212.114048686	213.667410983	441.275	882.549	1.5534	441.274	-38.73	
273	Spectrogram 1	1	213.543523192	214.305909596	183.864	411.856	0.7624	227.992	-42.07	
274	Spectrogram 1	1	214.896759058	216.297644074	1220.860	1735.680	1.4009	514.820	-50.97	
275	Spectrogram 1	1	216.373882715	217.088619968	426.566	816.358	0.7147	389.792	-37.32	
276	Spectrogram 1	1	216.659777616	217.345925379	250.056	353.020	0.6861	102.964	-44.30	
277	Spectrogram 1	1	216.802725067	217.307806059	66.191	250.056	0.5051	183.865	-47.34	
278	Spectrogram 1	1	218.794459546	219.737912720	1492.979	1823.935	0.9435	330.956	-43.83	
279	Spectrogram 1	1	218.651512095	219.747442550	441.275	750.167	1.0959	308.892	-42.32	
280	Spectrogram 1	1	218.975526316	219.261421218	125.028	360.374	0.2859	235.346	-45.21	
281	Spectrogram 1	1	219.280480878	219.880860170	198.574	294.183	0.6004	95.609	-45.79	
282	Spectrogram 1	1	217.083733294	217.407747516	1478.270	1588.589	0.3240	110.319	-53.64	
283	Spectrogram 1	1	219.846920967	221.686178165	397.147	934.031	1.8393	536.884	-40.64	
284	Spectrogram 1	1	219.972811620	220.310739657	125.028	198.574	0.3379	73.546	-52.34	
285	Spectrogram 1	1	221.678169385	222.204708418	154.446	338.311	0.5265	183.864	-46.78	
286	Spectrogram 1	1	223.552287003	224.212425493	1088.477	2441.720	0.6601	1353.242	-54.43	
287	Spectrogram 1	1	222.676282124	224.020135477	280.825	468.042	1.3439	187.217	-35.10	
288	Spectrogram 1	1	222.253909994	223.794233136	390.035	759.269	1.5403	369.233	-37.15	
289	Spectrogram 1	1	222.953342442	224.603688665	395.236	878.880	1.6503	483.644	-37.22	
290	Spectrogram 1	1	222.662567154	223.031930357	130.012	286.026	0.3694	156.014	-47.40	
291	Spectrogram 1	1	224.737288121	225.389567819	135.212	364.033	0.6523	228.821	-45.56	
292	Spectrogram 1	1	225.925742065	227.018114090	1081.123	1713.617	1.0924	632.494	-55.71	
293	Spectrogram 1	1	226.137929437	227.442488833	235.346	426.566	1.3046	191.219	-50.10	
294	Spectrogram 1	1	226.452281099	227.285313002	73.546	301.538	0.8330	227.992	-49.19	
295	Spectrogram 1	1	227.395336084	228.165497655	397.147	904.613	0.7702	507.466	-35.85	
296	Spectrogram 1	1	227.583947081	228.747048229	1235.569	1919.545	1.1631	683.976	-53.97	
297	Spectrogram 1	1	229.100693848	229.572221341	1983.632	2307.234	0.4715	323.601	-56.39	
298	Spectrogram 1	1	229.367892761	230.381676869	992.868	1691.553	1.0138	698.685	-54.77	
299	Spectrogram 1	1	228.134062489	229.320740011	375.083	816.358	1.1867	441.275	-50.56	
300	Spectrogram 1	1	229.407186718	229.894431794	176.510	382.438	0.4872	205.928	-46.69	
301	Spectrogram 1	1	230.224501039	230.641016990	132.382	441.275	0.4165	308.892	-51.64	
302	Spectrogram 1	1	230.561825352	232.683699068	353.020	926.677	2.1219	573.657	-39.89	
303	Spectrogram 1	1	231.143375926	231.717067708	1500.334	1698.907	0.5737	198.574	-45.55	
304	Spectrogram 1	1	232.345771032	232.770145775	1470.916	1676.844	0.4244	205.928	-44.61	
305	Spectrogram 1	1	232.597252361	233.131650186	1520.893	2315.187	0.5344	794.294	-52.08	
306	Spectrogram 1	1	233.807506258	234.758420035	1095.832	1713.617	0.9509	617.785	-57.18	
307	Spectrogram 1	1	233.956823298	235.897944808	330.956	867.840	1.9411	536.884	-36.32	
308	Spectrogram 1	1	235.316394234	235.866509642	235.346	316.247	0.5501	80.900	-47.95	
309	Spectrogram 1	1	236.285324822	236.835440230	1537.107	1823.935	0.5501	286.829	-44.66	
310	Spectrogram 1	1	238.202869958	239.200936484	213.283	367.729	0.9981	154.446	-48.41	
311	Spectrogram 1	1	238.132140834	238.595809535	220.637	301.538	0.4637	80.900	-49.18	
312	Spectrogram 1	1	238.682256242	239.185218901	375.083	816.358	0.5030	441.275	-37.53	
313	Spectrogram 1	1	239.169501317	240.599801378	353.020	809.004	1.4303	455.984	-44.50	
314	Spectrogram 1	1	240.254014550	240.819847541	125.028	338.311	0.5658	213.283	-50.78	
315	Spectrogram 1	1	239.208795275	239.664605185	1294.406	1419.433	0.4558	125.028	-43.14	
316	Spectrogram 1	1	240.702607437	241.857849794	1066.414	1735.680	1.1552	669.267	-52.83	
317	Spectrogram 1	1	241.613664177	243.350457108	308.892	867.840	1.7368	558.948	-37.63	
318	Spectrogram 1	1	241.990886171	242.753188951	661.912	809.004	0.7623	147.092	-55.34	
319	Spectrogram 1	1	243.279727984	244.379958800	323.601	735.458	1.1002	411.856	-43.70	
320	Spectrogram 1	1	242.328814208	243.601938437	1264.987	1551.816	1.2731	286.829	-55.49	
321	Spectrogram 1	1	243.994878015	245.197273120	1051.705	1603.298	1.2024	551.593	-54.73	
322	Spectrogram 1	1	244.631440129	247.075524299	286.829	948.741	2.4441	661.912	-39.14	
323	Spectrogram 1	1	248.002861701	248.938057894	345.665	720.749	0.9352	375.083	-43.90	
324	Spectrogram 1	1	248.623706233	249.676784299	1147.314	1588.589	1.0531	441.275	-52.82	
325	Spectrogram 1	1	246.900851006	247.254496625	1272.342	1382.661	0.3536	110.319	-54.25	
326	Spectrogram 1	1	249.572840130	250.272272577	330.956	911.968	0.6994	581.012	-40.76	
327	Spectrogram 1	1	248.826254933	250.091520371	139.737	360.374	1.2653	220.637	-53.07	
328	Spectrogram 1	1	251.013914614	251.634759146	1000.223	1853.354	0.6208	853.131	-55.08	
329	Spectrogram 1	1	252.090569055	253.442281200	264.765	433.920	1.3517	169.155	-29.88	
330	Spectrogram 1	1	253.143647122	254.377477394	463.338	809.004	1.2338	345.665	-51.84	
331	Spectrogram 1	1	254.463715047	254.597314504	308.892	544.239	0.1336	235.346	-50.71	
332	Spectrogram 1	1	254.628749670	254.998112872	1117.896	1191.442	0.3694	73.546	-60.44	
333	Spectrogram 1	1	255.084559579	255.226017827	1059.059	1397.370	0.1415	338.311	-57.26	
334	Spectrogram 1	1	255.430346407	255.949026649	1367.951	1426.788	0.5187	58.837	-52.36	
335	Spectrogram 1	1	255.406770032	257.670101996	257.410	683.976	2.2633	426.566	-37.16	
336	Spectrogram 1	1	255.666110153	256.373401392	698.685	845.776	0.7073	147.092	-50.61	
337	Spectrogram 1	1	255.964744232	257.049257464	1103.187	1412.079	1.0845	308.892	-50.23	
338	Spectrogram 1	1	258.432404776	258.683886105	809.004	926.677	0.2515	117.673	-49.56	
339	Spectrogram 1	1	258.652450939	258.903932268	1228.214	1331.179	0.2515	102.964	-44.76	
340	Spectrogram 1	1	256.263378310	256.624882721	1430.688	2166.146	0.3615	735.458	-56.69	
341	Spectrogram 1	1	256.727047011	256.860646467	1452.751	1849.899	0.1336	397.147	-56.22	
342	Spectrogram 1	1	258.801767978	259.092543265	2217.628	2497.101	0.2908	279.474	-57.13	
343	Spectrogram 1	1	258.856779519	259.650517465	323.601	625.139	0.7937	301.538	-53.80	
344	Spectrogram 1	1	258.393110818	258.621015773	1500.334	1787.162	0.2279	286.829	-59.46	
345	Spectrogram 1	1	259.291015753	260.642727898	1014.932	1625.362	1.3517	610.430	-55.17	
346	Spectrogram 1	1	260.296941070	261.287148804	154.446	308.892	0.9902	154.446	-52.36	
347	Spectrogram 1	1	260.186917989	261.012091100	308.892	433.920	0.8252	125.028	-27.09	
348	Spectrogram 1	1	260.359811403	260.697739439	683.976	757.521	0.3379	73.546	-46.28	
349	Spectrogram 1	1	260.202635572	260.603433940	845.776	926.677	0.4008	80.900	-48.40	
350	Spectrogram 1	1	260.162660397	260.445576893	1735.680	1809.226	0.2829	73.546	-51.14	
351	Spectrogram 1	1	260.901386802	262.685332482	367.729	816.358	1.7839	448.629	-45.54	
352	Spectrogram 1	1	263.872010005	264.595018827	1117.896	1412.079	0.7230	294.183	-47.45	
353	Spectrogram 1	1	262.934929239	263.327868816	353.020	455.984	0.3929	102.964	-46.18	
354	Spectrogram 1	1	265.339719451	266.290633227	661.912	867.840	0.9509	205.928	-44.54	
355	Spectrogram 1	1	264.608851838	265.960563983	389.793	632.494	1.3517	242.701	-41.03	
356	Spectrogram 1	1	264.821039209	265.151108454	742.812	845.776	0.3301	102.964	-52.96	
357	Spectrogram 1	1	264.797462835	265.056802955	661.912	742.812	0.2593	80.900	-52.99	
358	Spectrogram 1	1	263.681514436	264.459534798	603.075	809.004	0.7780	205.928	-51.64	
359	Spectrogram 1	1	263.398597940	265.756235403	213.283	551.593	2.3576	338.311	-34.34	
360	Spectrogram 1	1	266.015575523	266.494961807	581.012	683.976	0.4794	102.964	-54.50	
361	Spectrogram 1	1	265.685506279	266.990065675	1147.314	1463.561	1.3046	316.247	-61.32	
362	Spectrogram 1	1	266.950771717	267.736650871	573.657	772.231	0.7859	198.574	-55.17	
363	Spectrogram 1	1	265.936987608	266.392797517	1440.745	2257.103	0.4558	816.358	-59.70	
364	Spectrogram 1	1	265.803388152	266.015575523	1617.255	1676.091	0.2122	58.837	-51.45	
365	Spectrogram 1	1	267.265123379	268.467518484	367.729	485.402	1.2024	117.673	-52.44	
366	Spectrogram 1	1	266.872183801	268.829022895	220.637	772.231	1.9568	551.593	-37.22	
367	Spectrogram 1	1	266.235621687	267.673780539	95.610	198.574	1.4382	102.964	-60.08	
368	Spectrogram 1	1	269.088363016	269.489161385	478.048	632.494	0.4008	154.446	-52.24	
369	Spectrogram 1	1	267.805172737	268.009501317	581.012	1147.314	0.2043	566.302	-59.45	
370	Spectrogram 1	1	269.164743674	269.675565124	654.557	1971.027	0.5108	1316.469	-53.77	
371	Spectrogram 1	1	269.709271465	270.668044033	1139.960	1853.354	0.9588	713.394	-52.25	
372	Spectrogram 1	1	270.086493459	270.864513822	389.793	735.458	0.7780	345.665	-42.35	
373	Spectrogram 1	1	270.966678112	271.768274849	301.538	478.048	0.8016	176.510	-35.79	
374	Spectrogram 1	1	272.153355635	272.766341375	95.610	507.466	0.6130	411.856	-50.35	un
375	Spectrogram 1	1	272.491283671	274.471699139	610.430	853.131	1.9804	242.701	-44.83	
377	Spectrogram 1	1	273.064975453	274.000171647	330.956	595.721	0.9352	264.765	-49.48	
378	Spectrogram 1	1	273.890148565	275.446189290	213.283	448.629	1.5560	235.346	-35.56	
379	Spectrogram 1	1	275.869411459	277.818391761	478.048	809.004	1.9490	330.956	-44.24	
380	Spectrogram 1	1	277.150394480	279.107233574	198.574	566.302	1.9568	367.729	-37.49	
381	Spectrogram 1	1	275.476471882	276.356656534	213.283	441.275	0.8802	227.992	-49.46	
382	Spectrogram 1	1	276.097316414	276.891054359	80.900	441.275	0.7937	360.374	-49.62	
383	Spectrogram 1	1	279.625913816	280.325346263	235.346	330.956	0.6994	95.610	-51.71	
384	Spectrogram 1	1	280.166495420	281.298161402	1213.505	1434.143	1.1317	220.637	-46.68	
385	Spectrogram 1	1	280.850210284	281.942582308	448.629	669.267	1.0924	220.637	-38.58	
386	Spectrogram 1	1	281.643948230	282.602720798	205.928	353.020	0.9588	147.092	-32.92	
387	Spectrogram 1	1	282.665591130	284.088032399	345.665	779.585	1.4224	433.920	-46.37	
388	Spectrogram 1	1	280.936656991	281.211714695	1088.477	1147.314	0.2751	58.837	-57.20	
389	Spectrogram 1	1	282.091899347	283.097824665	1264.987	1787.162	1.0059	522.175	-59.02	
390	Spectrogram 1	1	283.152836206	283.577210949	1081.123	1242.924	0.4244	161.801	-57.75	
391	Spectrogram 1	1	283.663657656	284.701018139	1250.278	1684.198	1.0374	433.920	-52.73	
392	Spectrogram 1	1	284.826758804	285.408309378	1213.505	1301.760	0.5816	88.255	-55.98	
393	Spectrogram 1	1	286.489955017	287.503739126	485.402	764.876	1.0138	279.474	-43.97	
394	Spectrogram 1	1	287.244399005	287.865243537	367.729	735.458	0.6208	367.729	-37.60	
395	Spectrogram 1	1	284.768879670	287.220822630	183.864	353.020	2.4519	169.155	-36.96	
398	Spectrogram 1	1	287.896678703	288.627546316	1162.023	1787.162	0.7309	625.139	-55.22	
399	Spectrogram 1	1	289.368941254	290.579195152	360.374	478.048	1.2103	117.673	-32.68	
400	Spectrogram 1	1	288.331580771	290.327713822	176.510	397.147	1.9961	220.637	-34.44	
401	Spectrogram 1	1	290.972134729	291.302203974	1154.669	1390.015	0.3301	235.346	-52.67	
402	Spectrogram 1	1	291.553685303	292.355282040	448.629	831.067	0.8016	382.438	-45.09	
403	Spectrogram 1	1	290.390584155	290.697077025	426.566	507.466	0.3065	80.900	-34.90	
404	Spectrogram 1	1	290.414160529	290.767806149	632.494	860.486	0.3536	227.992	-46.06	
405	Spectrogram 1	1	292.843013248	292.968753913	566.302	706.039	0.1257	139.737	-39.47	
406	Spectrogram 1	1	292.756566541	293.581739653	220.637	367.729	0.8252	147.092	-30.60	
407	Spectrogram 1	1	294.273313309	294.862722675	338.311	522.175	0.5894	183.864	-34.40	
408	Spectrogram 1	1	293.903950107	294.752699593	1228.214	1676.844	0.8487	448.629	-52.69	
409	Spectrogram 1	1	295.255662252	296.458057357	1220.860	1794.517	1.2024	573.657	-53.55	
410	Spectrogram 1	1	295.640743037	297.401112342	176.510	323.601	1.7604	147.092	-34.99	
411	Spectrogram 1	1	296.387328234	297.377535968	360.374	485.402	0.9902	125.028	-52.06	
412	Spectrogram 1	1	295.939377116	296.961020016	603.075	875.195	1.0216	272.119	-52.37	
413	Spectrogram 1	1	297.214693739	299.690213074	161.801	536.884	2.4755	375.083	-36.95	
414	Spectrogram 1	1	299.407296579	300.263904857	235.346	353.020	0.8566	117.673	-27.09	
415	Spectrogram 1	1	298.700005340	299.509460869	1103.187	1625.362	0.8095	522.175	-56.48	
416	Spectrogram 1	1	300.232469691	300.507527395	205.928	257.410	0.2751	51.482	-36.81	
417	Spectrogram 1	1	301.749216458	302.212885159	1390.015	1625.362	0.4637	235.346	-52.57	
418	Spectrogram 1	1	301.662769751	302.110720869	1000.223	1125.250	0.4480	125.028	-52.03	
419	Spectrogram 1	1	300.873353182	303.686800553	235.346	500.111	2.8134	264.765	-41.13	
420	Spectrogram 1	1	303.655365387	304.409809375	205.928	308.892	0.7544	102.964	-30.76	
421	Spectrogram 1	1	304.722248412	306.183983638	1029.641	1720.971	1.4617	691.330	-55.28	
422	Spectrogram 1	1	304.525778623	305.681020980	448.629	801.649	1.1552	353.020	-46.43	
423	Spectrogram 1	1	306.144689681	307.142756206	433.920	669.267	0.9981	235.346	-50.13	
424	Spectrogram 1	1	306.883416086	307.472825451	308.892	536.884	0.5894	227.992	-36.72	
425	Spectrogram 1	1	306.545488049	307.072027083	323.601	426.566	0.5265	102.964	-39.48	
426	Spectrogram 1	1	306.333300678	308.313716146	183.864	360.374	1.9804	176.510	-38.70	
427	Spectrogram 1	1	308.494468352	308.683079349	279.474	382.438	0.1886	102.964	-41.36	
428	Spectrogram 1	1	308.007223276	308.502327143	1242.924	1662.135	0.4951	419.211	-53.48	
429	Spectrogram 1	1	310.601735544	310.916087206	1382.661	1559.170	0.3144	176.510	-53.87	
430	Spectrogram 1	1	310.130208052	310.703899834	661.912	823.713	0.5737	161.801	-47.88	
431	Spectrogram 1	1	310.028043762	310.601735544	242.701	316.247	0.5737	73.546	-27.47	
432	Spectrogram 1	1	310.114490469	311.882718566	176.510	411.856	1.7682	235.346	-35.35	
433	Spectrogram 1	1	311.442626239	311.733401526	242.701	389.793	0.2908	147.092	-41.71	
434	Spectrogram 1	1	312.047753188	312.291375726	330.956	389.793	0.2436	58.837	-41.94	
435	Spectrogram 1	1	312.134199895	312.755044427	220.637	338.311	0.6208	117.673	-46.78	
436	Spectrogram 1	1	312.817914759	313.768828535	433.920	889.904	0.9509	455.984	-49.20	
437	Spectrogram 1	1	313.289442251	313.815981285	978.159	1036.995	0.5265	58.837	-50.32	
438	Spectrogram 1	1	313.556641164	314.649013188	1242.924	1492.979	1.0924	250.056	-54.74	
439	Spectrogram 1	1	313.737393369	315.379880801	161.801	426.566	1.6425	264.765	-35.04	
440	Spectrogram 1	1	314.311085152	316.425100077	433.920	683.976	2.1140	250.056	-49.87	
441	Spectrogram 1	1	314.334661526	314.884776934	978.159	1147.314	0.5501	169.155	-58.30	
442	Spectrogram 1	1	315.966710550	317.837102937	750.167	911.968	1.8704	161.801	-55.09	
443	Spectrogram 1	1	317.326281487	319.251685415	161.801	375.083	1.9254	213.283	-38.21	
444	Spectrogram 1	1	318.662276049	319.416720037	220.637	397.147	0.7544	176.510	-39.22	
445	Spectrogram 1	1	319.408861246	319.770365657	213.283	470.693	0.3615	257.410	-49.52	
446	Spectrogram 1	1	318.190748557	318.190748557	1838.644	1838.644	0.0000	0.000	-70.28	
447	Spectrogram 1	1	320.831302515	321.035631095	1419.433	1676.844	0.2043	257.410	-54.76	
448	Spectrogram 1	1	320.689844267	321.051348678	838.422	904.613	0.3615	66.191	-52.49	
449	Spectrogram 1	1	320.799893077	322.434521718	183.864	330.956	1.6346	147.092	-33.94	
450	Spectrogram 1	1	322.709579422	324.430654769	176.510	330.956	1.7211	154.446	-41.38	
451	Spectrogram 1	1	321.860829935	322.953201959	389.793	632.494	1.0924	242.701	-51.10	
452	Spectrogram 1	1	325.149621983	325.974795095	198.574	330.956	0.8252	132.382	-33.95	
453	Spectrogram 1	1	325.684019808	326.320581923	110.319	250.056	0.6366	139.737	-44.15	
454	Spectrogram 1	1	326.147688509	328.002363312	161.801	323.601	1.8547	161.801	-39.77	
455	Spectrogram 1	1	328.434596847	330.139954612	183.864	294.183	1.7054	110.319	-38.10	
456	Spectrogram 1	1	330.374100872	330.861345948	353.020	419.211	0.4872	66.191	-42.51	
457	Spectrogram 1	1	330.719887700	331.364308606	198.574	345.665	0.6444	147.092	-38.56	
458	Spectrogram 1	1	331.592213561	332.605997670	227.992	360.374	1.0138	132.382	-36.75	
459	Spectrogram 1	1	332.299504800	333.250418576	183.864	330.956	0.9509	147.092	-36.77	
460	Spectrogram 1	1	331.167838818	332.315222383	691.330	809.004	1.1474	117.673	-45.86	
461	Spectrogram 1	1	331.254285525	331.859412473	455.984	603.075	0.6051	147.092	-45.70	
462	Spectrogram 1	1	332.456680631	332.904631748	639.848	911.968	0.4480	272.119	-50.97	
463	Spectrogram 1	1	333.085383954	334.405660933	404.502	764.876	1.3203	360.374	-55.42	
464	Spectrogram 1	1	334.287779060	335.914548909	147.092	397.147	1.6268	250.056	-41.00	
465	Spectrogram 1	1	333.926274649	334.704295011	963.450	1198.796	0.7780	235.346	-58.46	
466	Spectrogram 1	1	333.596205404	334.028438939	213.283	330.956	0.4322	117.673	-52.89	
467	Spectrogram 1	1	335.548552114	336.625206555	183.864	330.956	1.0767	147.092	-34.23	
468	Spectrogram 1	1	336.754901888	337.485769502	750.167	904.613	0.7309	154.446	-54.22	
469	Spectrogram 1	1	337.375746420	339.112539351	382.438	507.466	1.7368	125.028	-45.60	
470	Spectrogram 1	1	338.090896451	339.269715182	169.155	345.665	1.1788	176.510	-39.13	
471	Spectrogram 1	1	338.727458565	341.383730106	176.510	389.793	2.6563	213.283	-39.90	
472	Spectrogram 1	1	340.998649321	341.375871315	176.510	353.020	0.3772	176.510	-51.86	
473	Spectrogram 1	1	341.108037573	341.469541984	588.366	860.486	0.3615	272.119	-55.94	
474	Spectrogram 1	1	341.453824401	342.444032135	147.092	389.793	0.9902	242.701	-39.75	
475	Spectrogram 1	1	341.603141440	342.923418419	573.657	764.876	1.3203	191.219	-45.54	
476	Spectrogram 1	1	342.624784340	344.526611893	183.864	338.311	1.9018	154.446	-35.96	
477	Spectrogram 1	1	341.233778237	341.532412316	1051.705	1434.143	0.2986	382.438	-62.63	
478	Spectrogram 1	1	341.721023313	342.121821682	1220.860	1338.533	0.4008	117.673	-61.56	
479	Spectrogram 1	1	342.231844763	342.593349174	1176.732	1323.824	0.3615	147.092	-63.90	
480	Spectrogram 1	1	342.609066757	342.868406878	1073.768	1279.697	0.2593	205.928	-62.55	
481	Spectrogram 1	1	344.972146193	346.056659426	389.793	683.976	1.0845	294.183	-49.06	
482	Spectrogram 1	1	345.970212719	347.141172659	147.092	338.311	1.1710	191.219	-41.21	
483	Spectrogram 1	1	346.905408912	348.296415015	147.092	316.247	1.3910	169.155	-35.48	
484	Spectrogram 1	1	346.190258882	346.669645166	617.785	1698.907	0.4794	1081.123	-59.93	
485	Spectrogram 1	1	347.400512780	347.942769396	1095.832	1198.796	0.5423	102.964	-55.80	
486	Spectrogram 1	1	348.304273807	349.168740876	117.673	330.956	0.8645	213.283	-56.22	
487	Spectrogram 1	1	348.665778218	349.962478822	397.147	478.048	1.2967	80.900	-47.02	
488	Spectrogram 1	1	349.113729336	350.724781602	139.737	345.665	1.6111	205.928	-42.16	
489	Spectrogram 1	1	347.596982568	348.736507342	507.466	860.486	1.1395	353.020	-55.54	
490	Spectrogram 1	1	350.748357976	352.249387161	308.892	441.275	1.5010	132.382	-38.55	
491	Spectrogram 1	1	350.756216768	352.217951994	139.737	279.474	1.4617	139.737	-42.13	
492	Spectrogram 1	1	352.210093203	352.933102025	154.446	338.311	0.7230	183.864	-55.45	
493	Spectrogram 1	1	350.284689275	351.935035499	1051.705	1669.489	1.6503	617.785	-61.35	
494	Spectrogram 1	1	352.933102025	354.308390545	551.593	735.458	1.3753	183.864	-44.15	
495	Spectrogram 1	1	352.327975076	353.781851511	367.729	470.693	1.4539	102.964	-48.92	
496	Spectrogram 1	1	352.178658037	352.948819608	463.338	742.812	0.7702	279.474	-54.41	
497	Spectrogram 1	1	353.524625052	354.522691578	191.219	308.892	0.9981	117.673	-31.27	
498	Spectrogram 1	1	354.066881668	355.127818526	169.155	382.438	1.0609	213.283	-33.99	
499	Spectrogram 1	1	354.522691578	354.954925113	573.657	831.067	0.4322	257.410	-50.42	
500	Spectrogram 1	1	355.340005898	356.086591095	816.358	1515.043	0.7466	698.685	-61.07	
501	Spectrogram 1	1	355.245700400	355.677933934	205.928	455.984	0.4322	250.056	-49.63	
502	Spectrogram 1	1	356.118026261	356.393083965	691.330	750.167	0.2751	58.837	-47.04	
503	Spectrogram 1	1	357.233974660	359.748787953	132.382	330.956	2.5148	198.574	-38.97	
504	Spectrogram 1	1	356.776161791	358.120015145	492.757	595.721	1.3439	102.964	-43.42	
505	Spectrogram 1	1	358.678898033	360.415690964	1573.880	1713.617	1.7368	139.737	-59.57	
506	Spectrogram 1	1	360.132774468	361.272299242	367.729	448.629	1.1395	80.900	-45.78	
507	Spectrogram 1	1	361.075829453	362.977657006	125.028	360.374	1.9018	235.346	-35.85	
508	Spectrogram 1	1	361.405898698	363.009092173	272.119	536.884	1.6032	264.765	-37.77	
509	Spectrogram 1	1	362.451117973	363.724242203	1404.724	1573.880	1.2731	169.155	-59.84	
510	Spectrogram 1	1	363.688793481	365.166246291	492.757	801.649	1.4775	308.892	-50.75	
511	Spectrogram 1	1	364.466813844	365.794949615	169.155	323.601	1.3281	154.446	-34.33	
512	Spectrogram 1	1	365.849961155	366.761580974	176.510	316.247	0.9116	139.737	-37.46	
513	Spectrogram 1	1	366.832310098	368.239033784	470.693	603.075	1.4067	132.382	-46.68	
514	Spectrogram 1	1	367.437437047	367.924682122	603.075	978.159	0.4872	375.083	-53.41	
515	Spectrogram 1	1	370.046481673	371.523934482	1419.433	1544.461	1.4775	125.028	-62.76	
516	Spectrogram 1	1	368.537593697	370.172222337	132.382	338.311	1.6346	205.928	-38.81	
517	Spectrogram 1	1	369.182014603	369.999328923	367.729	676.621	0.8173	308.892	-47.73	
518	Spectrogram 1	1	370.180081129	370.973819075	132.382	389.793	0.7937	257.410	-50.98	
519	Spectrogram 1	1	371.660149054	373.129743073	595.721	1206.151	1.4696	610.430	-51.16	
520	Spectrogram 1	1	371.377232559	373.310495278	176.510	433.920	1.9333	257.410	-36.76	
521	Spectrogram 1	1	371.487255640	373.066872740	110.319	286.829	1.5796	176.510	-37.56	
522	Spectrogram 1	1	373.208330988	374.701501381	441.275	588.366	1.4932	147.092	-44.52	
523	Spectrogram 1	1	374.780089296	375.888178904	132.382	308.892	1.1081	176.510	-33.69	
524	Spectrogram 1	1	375.267334372	375.542392076	360.374	617.785	0.2751	257.410	-48.50	
525	Spectrogram 1	1	375.541760300	376.186181206	294.183	367.729	0.6444	73.546	-41.38	
526	Spectrogram 1	1	376.940625194	377.789374681	603.075	911.968	0.8487	308.892	-48.07	
527	Spectrogram 1	1	377.207824107	378.268760965	426.566	691.330	1.0609	264.765	-45.68	
528	Spectrogram 1	1	376.814884530	377.655775224	183.864	353.020	0.8409	169.155	-42.74	
529	Spectrogram 1	1	376.909190028	377.247118064	367.729	514.820	0.3379	147.092	-43.47	
530	Spectrogram 1	1	378.724570874	379.376850572	610.430	794.294	0.6523	183.864	-49.56	
531	Spectrogram 1	1	379.714778608	380.948608880	301.538	470.693	1.2338	169.155	-47.32	
532	Spectrogram 1	1	378.402360421	379.738354983	125.028	345.665	1.3360	220.637	-43.22	
533	Spectrogram 1	1	379.730496191	380.948608880	125.028	264.765	1.2181	139.737	-39.81	
534	Spectrogram 1	1	380.759292094	381.741641037	397.147	691.330	0.9823	294.183	-50.61	
535	Spectrogram 1	1	381.898816868	383.321258137	220.637	441.275	1.4224	220.637	-34.57	
536	Spectrogram 1	1	382.944036143	384.523653243	272.119	375.083	1.5796	102.964	-39.10	
537	Spectrogram 1	1	381.757358620	383.195517472	117.673	294.183	1.4382	176.510	-35.68	
538	Spectrogram 1	1	384.429347744	385.317391188	404.502	661.912	0.8880	257.410	-47.63	
539	Spectrogram 1	1	384.800371094	386.309259070	397.147	764.876	1.5089	367.729	-48.79	
540	Spectrogram 1	1	384.941829342	385.829872786	161.801	308.892	0.8880	147.092	-33.30	
541	Spectrogram 1	1	386.159942031	386.733633813	220.637	367.729	0.5737	147.092	-32.43	
