Selection	View	Channel	Begin Time (s)	End Time (s)	Low Freq (Hz)	High Freq (Hz)	Delta Time (s)	Delta Freq (Hz)	Avg Power Density (dB FS/Hz)	Annotation
1	Spectrogram 1	1	0.000000000	1.080268130	314.984	485.600	1.0803	170.616	-77.74	
2	Spectrogram 1	1	3.416935064	4.661591823	314.984	433.103	1.2447	118.119	-78.66	
3	Spectrogram 1	1	2.865058954	3.146868031	892.454	1010.573	0.2818	118.119	-80.04	
4	Spectrogram 1	1	6.798643993	7.397488283	1207.438	1351.806	0.5988	144.368	-83.22	
5	Spectrogram 1	1	6.117605389	6.810386038	905.579	1089.319	0.6928	183.740	-79.78	
6	Spectrogram 1	1	6.328962197	6.939548532	249.362	354.357	0.6106	104.995	-78.48	
7	Spectrogram 1	1	7.925880303	8.148979156	341.233	446.227	0.2231	104.994	-84.00	
8	Spectrogram 1	1	8.301625739	8.888727984	341.233	485.600	0.5871	144.367	-65.24	
9	Spectrogram 1	1	11.554175213	12.540506984	288.735	419.979	0.9863	131.244	-56.97	
10	Spectrogram 1	1	12.599217208	13.421160351	262.487	367.481	0.8219	104.994	-55.26	
11	Spectrogram 1	1	13.832131922	14.149167134	708.714	1010.573	0.3170	301.859	-58.78	
12	Spectrogram 1	1	13.444644440	13.691227383	748.087	1023.698	0.2466	275.611	-55.93	
13	Spectrogram 1	1	15.640406835	17.225582896	249.362	406.854	1.5852	157.492	-56.12	
14	Spectrogram 1	1	17.542618108	18.352819206	734.963	879.330	0.8102	144.367	-57.47	
15	Spectrogram 1	1	17.401713569	17.789201051	157.492	249.362	0.3875	91.870	-58.88	
16	Spectrogram 1	1	20.114125940	21.112199756	209.989	354.357	0.9981	144.368	-54.76	
17	Spectrogram 1	1	20.771683084	21.440979643	721.838	866.206	0.6693	144.368	-59.17	
18	Spectrogram 1	1	22.063308022	22.685636402	643.092	958.076	0.6223	314.984	-63.71	
19	Spectrogram 1	1	24.399974956	25.867730568	196.865	314.984	1.4678	118.119	-55.78	
20	Spectrogram 1	1	25.726826029	26.243476004	577.471	997.449	0.5166	419.978	-59.04	
21	Spectrogram 1	1	28.004782738	29.542990619	183.741	354.357	1.5382	170.616	-55.69	
22	Spectrogram 1	1	29.648669023	30.588032615	616.844	734.963	0.9394	118.119	-60.99	
23	Spectrogram 1	1	32.361086549	33.018641063	223.114	367.481	0.6576	144.367	-51.79	
24	Spectrogram 1	1	35.507954580	36.940484057	144.368	314.984	1.4325	170.616	-55.95	
25	Spectrogram 1	1	38.725274881	40.286966852	183.741	354.357	1.5617	170.616	-55.04	
26	Spectrogram 1	1	37.903331739	38.267335130	564.346	774.335	0.3640	209.989	-57.34	
27	Spectrogram 1	1	41.966084113	42.999384064	564.346	682.465	1.0333	118.119	-59.65	
28	Spectrogram 1	1	42.917189750	44.009199925	144.368	380.606	1.0920	236.238	-56.10	
29	Spectrogram 1	1	47.038647507	48.318530400	104.995	262.487	1.2799	157.492	-54.96	
30	Spectrogram 1	1	50.162031449	51.207073444	183.741	301.860	1.0450	118.119	-50.81	
31	Spectrogram 1	1	49.610155339	50.197257583	498.725	853.081	0.5871	354.356	-58.74	
32	Spectrogram 1	1	53.285421919	54.635757082	459.352	721.838	1.3503	262.486	-58.15	
33	Spectrogram 1	1	53.614199176	55.164149102	209.989	341.233	1.5499	131.244	-52.53	
34	Spectrogram 1	1	56.443057597	57.821335606	478.554	620.512	1.3783	141.958	-57.44	
35	Spectrogram 1	1	57.223528277	58.302902621	182.809	277.447	1.0794	94.638	-51.60	
36	Spectrogram 1	1	60.146141885	61.009641360	454.895	880.768	0.8635	425.873	-57.31	
37	Spectrogram 1	1	60.179353403	61.092670156	241.958	312.937	0.9133	70.979	-55.86	
38	Spectrogram 1	1	60.826978010	61.773506281	182.809	247.873	0.9465	65.064	-56.09	
39	Spectrogram 1	1	63.965466487	65.393561773	472.639	685.576	1.4281	212.937	-56.45	
40	Spectrogram 1	1	64.430427743	65.244109941	182.809	330.682	0.8137	147.873	-53.39	
41	Spectrogram 1	1	67.236801037	68.847559673	396.299	692.045	1.6108	295.746	-54.97	
42	Spectrogram 1	1	67.967454439	69.129857579	159.703	224.767	1.1624	65.064	-52.97	
43	Spectrogram 1	1	70.740616215	71.936230873	195.192	325.320	1.1956	130.128	-53.64	
44	Spectrogram 1	1	71.521086895	72.002653910	414.044	715.704	0.4816	301.660	-54.74	
45	Spectrogram 1	1	74.443691018	75.340402011	189.277	372.639	0.8967	183.362	-54.85	
46	Spectrogram 1	1	74.609748609	76.602439706	396.299	632.895	1.9927	236.596	-56.90	
47	Spectrogram 1	1	78.229804101	79.076697817	402.214	485.023	0.8469	82.809	-53.35	
48	Spectrogram 1	1	79.242755409	79.840562738	360.810	662.470	0.5978	301.660	-55.48	
49	Spectrogram 1	1	80.388552789	81.434715615	159.703	360.810	1.0462	201.107	-54.88	
50	Spectrogram 1	1	77.399516144	77.930900437	183.362	301.660	0.5314	118.298	-59.94	
51	Spectrogram 1	1	82.447666922	82.962445456	384.469	709.789	0.5148	325.320	-58.14	
52	Spectrogram 1	1	84.340723464	85.436703567	195.192	343.065	1.0960	147.873	-56.01	
53	Spectrogram 1	1	85.287251735	86.482866393	366.724	479.108	1.1956	112.384	-53.24	
54	Spectrogram 1	1	85.818636027	86.881404612	307.575	384.469	1.0628	76.894	-53.65	
55	Spectrogram 1	1	89.023547541	90.019893089	272.086	384.469	0.9963	112.383	-53.27	
56	Spectrogram 1	1	90.733940732	91.630651726	195.192	319.405	0.8967	124.213	-54.91	
57	Spectrogram 1	1	90.302190994	90.767152250	384.469	632.895	0.4650	248.426	-53.85	
58	Spectrogram 1	1	93.058747011	93.490496749	431.788	621.066	0.4317	189.278	-57.31	
59	Spectrogram 1	1	94.735928684	95.516399364	224.767	348.980	0.7805	124.213	-54.22	
60	Spectrogram 1	1	95.699053955	97.160360759	242.511	372.639	1.4613	130.128	-50.52	
61	Spectrogram 1	1	97.558898978	98.090283270	147.873	254.341	0.5314	106.468	-55.63	
62	Spectrogram 1	1	99.568195834	100.481512586	218.852	343.065	0.9133	124.213	-47.17	
63	Spectrogram 1	1	100.282243477	101.162348711	230.682	331.235	0.8801	100.553	-49.76	
64	Spectrogram 1	1	104.084962319	105.164336663	153.788	343.065	1.0794	189.277	-53.59	
65	Spectrogram 1	1	104.850075469	105.530911594	201.107	348.980	0.6808	147.873	-50.49	
66	Spectrogram 1	1	105.248613689	105.663757667	242.511	348.980	0.4151	106.469	-54.58	
67	Spectrogram 1	1	105.912844054	106.161930441	248.426	461.363	0.2491	212.937	-55.54	un
68	Spectrogram 1	1	106.676708974	107.390756617	159.703	230.682	0.7140	70.979	-55.92	
69	Spectrogram 1	1	108.901880699	110.047678079	195.192	331.235	1.1458	136.043	-45.42	
70	Spectrogram 1	1	109.001515254	109.582716823	485.023	626.981	0.5812	141.958	-60.62	
71	Spectrogram 1	1	112.123397972	113.302406870	195.192	319.405	1.1790	124.213	-42.73	
72	Spectrogram 1	1	112.734399674	113.286275784	230.036	313.686	0.5519	83.650	-43.27	
73	Spectrogram 1	1	109.517079374	110.068955484	255.131	342.963	0.5519	87.832	-48.14	
74	Spectrogram 1	1	112.252975834	112.734399674	506.079	614.824	0.4814	108.745	-60.22	
75	Spectrogram 1	1	113.427180323	113.979056433	246.766	351.328	0.5519	104.562	-54.18	
76	Spectrogram 1	1	116.010430200	116.961535836	104.562	225.854	0.9511	121.292	-56.50	
77	Spectrogram 1	1	116.280497232	117.020246060	196.576	347.145	0.7397	150.569	-48.61	
78	Spectrogram 1	1	116.703210848	117.114182419	246.766	355.510	0.4110	108.744	-50.00	
79	Spectrogram 1	1	118.534969852	119.098588006	267.678	338.780	0.5636	71.102	-51.19	
80	Spectrogram 1	1	120.037951598	121.646611748	167.299	313.686	1.6087	146.387	-44.64	
81	Spectrogram 1	1	122.421586711	123.149593495	213.306	363.875	0.7280	150.569	-56.18	
82	Spectrogram 1	1	123.478370752	125.368839979	171.481	309.503	1.8905	138.022	-45.44	
83	Spectrogram 1	1	125.239682501	126.073367689	96.197	171.481	0.8337	75.284	-59.41	
84	Spectrogram 1	1	127.388476717	128.046031231	196.576	342.963	0.6576	146.387	-54.11	
85	Spectrogram 1	1	128.010805096	128.550939161	184.029	309.503	0.5401	125.474	-48.53	
86	Spectrogram 1	1	131.415998115	133.036400310	163.116	288.591	1.6204	125.475	-43.57	
87	Spectrogram 1	1	134.609839912	135.701850087	188.211	322.050	1.0920	133.839	-48.63	
88	Spectrogram 1	1	137.298768192	137.709739764	263.496	326.233	0.4110	62.737	-48.40	
89	Spectrogram 1	1	138.320326098	139.036590837	184.029	317.868	0.7163	133.839	-48.23	
90	Spectrogram 1	1	140.962288504	141.408486210	259.313	342.963	0.4462	83.650	-53.63	
91	Spectrogram 1	1	141.291065761	142.430044116	154.752	230.036	1.1390	75.284	-50.29	
92	Spectrogram 1	1	144.461417882	145.623880327	167.299	301.138	1.1625	133.839	-44.95	
93	Spectrogram 1	1	145.870463270	146.210982571	259.313	330.415	0.3405	71.102	-48.60	
94	Spectrogram 1	1	148.653327909	149.193461974	196.576	309.503	0.5401	112.927	-48.54	
95	Spectrogram 1	1	151.624065267	153.021368609	146.387	309.503	1.3973	163.116	-50.84	
96	Spectrogram 1	1	143.463344066	144.285287209	142.204	238.401	0.8219	96.197	-54.49	
97	Spectrogram 1	1	142.664885014	143.486828156	522.809	585.546	0.8219	62.737	-56.87	
98	Spectrogram 1	1	149.627917635	150.379408508	230.036	334.598	0.7515	104.562	-54.60	
99	Spectrogram 1	1	155.076225304	156.062557075	171.481	305.321	0.9863	133.840	-44.60	
100	Spectrogram 1	1	161.898353387	163.248688550	142.204	284.408	1.3503	142.204	-47.32	
101	Spectrogram 1	1	154.489123060	155.134935529	217.489	330.415	0.6458	112.926	-51.91	
102	Spectrogram 1	1	158.563612638	159.115488748	225.854	330.415	0.5519	104.561	-54.46	
103	Spectrogram 1	1	159.362071690	159.913947800	213.306	342.963	0.5519	129.657	-51.21	
104	Spectrogram 1	1	164.223278276	164.833864611	217.489	322.050	0.6106	104.561	-53.13	
105	Spectrogram 1	1	164.927800970	166.113747504	167.299	334.598	1.1859	167.299	-50.52	
106	Spectrogram 1	1	168.074674250	168.614808315	209.124	330.415	0.5401	121.291	-54.36	
107	Spectrogram 1	1	169.096232156	169.824238939	125.474	326.233	0.7280	200.759	-51.44	
108	Spectrogram 1	1	170.340888915	171.127605923	121.292	230.036	0.7867	108.744	-56.64	
109	Spectrogram 1	1	171.479867269	173.018075150	129.657	259.313	1.5382	129.656	-47.05	
110	Spectrogram 1	1	174.239247819	175.448678443	167.299	313.686	1.2094	146.387	-47.24	
111	Spectrogram 1	1	176.235395451	176.599398843	263.496	330.415	0.3640	66.919	-49.62	
112	Spectrogram 1	1	178.548578295	179.088712360	184.029	322.050	0.5401	138.021	-52.17	
113	Spectrogram 1	1	178.548578295	179.476199841	104.562	171.481	0.9276	66.919	-60.18	
114	Spectrogram 1	1	180.767831052	181.413643522	209.124	342.963	0.6458	133.839	-52.43	
115	Spectrogram 1	1	181.578032150	183.022303672	125.474	250.948	1.4443	125.474	-45.13	
116	Spectrogram 1	1	184.173024071	184.971483124	171.481	309.503	0.7985	138.022	-47.63	
117	Spectrogram 1	1	187.965704572	188.670227265	167.299	313.686	0.7045	146.387	-50.89	
118	Spectrogram 1	1	190.842505571	192.063678240	125.474	255.131	1.2212	129.657	-46.99	
119	Spectrogram 1	1	189.409976094	189.867915845	259.313	326.233	0.4579	66.920	-55.20	
120	Spectrogram 1	1	187.402086417	188.341450008	104.562	234.219	0.9394	129.657	-58.77	
121	Spectrogram 1	1	193.320084165	194.470804565	154.752	309.503	1.1507	154.751	-48.90	
122	Spectrogram 1	1	195.222295438	195.926818131	92.014	171.481	0.7045	79.467	-59.01	
123	Spectrogram 1	1	197.112764666	197.453283968	230.036	305.321	0.3405	75.285	-48.13	
124	Spectrogram 1	1	200.318342921	201.891776937	121.292	259.313	1.5734	138.021	-48.46	
125	Spectrogram 1	1	202.713720080	203.582631402	150.569	309.503	0.8689	158.934	-47.60	
126	Spectrogram 1	1	208.537781748	209.758954417	100.379	250.948	1.2212	150.569	-47.47	
127	Spectrogram 1	1	204.111030823	204.475034215	117.109	246.766	0.3640	129.657	-51.94	
128	Spectrogram 1	1	206.024984141	206.576860251	280.226	363.875	0.5519	83.649	-54.61	
129	Spectrogram 1	1	206.377245488	206.752990924	138.022	334.598	0.3757	196.576	-56.69	
130	Spectrogram 1	1	210.803996412	211.179741849	158.934	401.517	0.3757	242.583	-53.09	
131	Spectrogram 1	1	211.966458857	212.236525889	175.664	242.583	0.2701	66.919	-48.68	
132	Spectrogram 1	1	214.350093970	214.714097362	129.657	317.868	0.3640	188.211	-50.28	
133	Spectrogram 1	1	216.322762679	217.508709213	92.014	250.948	1.1859	158.934	-47.18	
134	Spectrogram 1	1	218.718144166	219.035179378	154.752	317.868	0.3170	163.116	-46.53	
135	Spectrogram 1	1	219.645765713	220.115447509	150.569	213.306	0.4697	62.737	-45.25	
136	Spectrogram 1	1	220.538161125	220.984358831	154.752	204.941	0.4462	50.189	-42.73	
137	Spectrogram 1	1	220.326804317	221.066553145	246.766	359.693	0.7397	112.927	-61.00	
138	Spectrogram 1	1	222.111595140	222.546050801	121.292	347.145	0.4345	225.853	-48.34	
139	Spectrogram 1	1	223.544124617	224.542198433	54.372	167.299	0.9981	112.927	-51.14	
140	Spectrogram 1	1	225.516788159	225.962985865	129.657	388.970	0.4462	259.313	-48.53	
141	Spectrogram 1	1	227.430741477	228.569719832	209.124	355.510	1.1390	146.386	-60.90	
142	Spectrogram 1	1	229.603019782	229.943539084	125.474	418.247	0.3405	292.773	-51.53	
143	Spectrogram 1	1	226.514861975	226.855381277	175.664	246.766	0.3405	71.102	-48.96	
144	Spectrogram 1	1	230.812450406	231.434778786	255.131	334.598	0.6223	79.467	-58.27	
145	Spectrogram 1	1	231.305616292	232.338916242	46.007	163.116	1.0333	117.109	-50.31	
146	Spectrogram 1	1	233.219572961	233.771449071	112.927	430.795	0.5519	317.868	-49.96	
147	Spectrogram 1	1	234.208646222	234.690070063	142.204	225.854	0.4814	83.649	-51.21	
148	Spectrogram 1	1	235.112783679	235.523755250	167.299	242.583	0.4110	75.285	-48.71	
149	Spectrogram 1	1	236.932800637	237.414224478	108.744	501.897	0.4814	393.153	-50.03	
150	Spectrogram 1	1	238.177457396	239.234241436	234.219	351.328	1.0568	117.109	-58.42	
151	Spectrogram 1	1	238.471008518	239.304693705	33.460	209.124	0.8337	175.664	-50.67	
152	Spectrogram 1	1	241.136452709	241.617876549	133.839	342.963	0.4814	209.124	-44.73	
153	Spectrogram 1	1	241.676586774	242.181494704	234.219	317.868	0.5049	83.649	-59.17	
154	Spectrogram 1	1	242.204978794	242.827307173	100.379	242.583	0.6223	142.204	-49.22	
155	Spectrogram 1	1	245.516235454	245.962433160	108.744	409.882	0.4462	301.138	-54.11	
156	Spectrogram 1	1	247.465414906	248.627877351	200.759	334.598	1.1625	133.839	-57.45	
157	Spectrogram 1	1	249.743371615	250.154343187	133.839	418.247	0.4110	284.408	-49.14	
158	Spectrogram 1	1	250.823648253	251.375524363	125.474	234.219	0.5519	108.744	-49.45	
159	Spectrogram 1	1	252.772827705	253.219025411	142.204	434.977	0.4462	292.773	-49.52	
160	Spectrogram 1	1	254.898137831	255.273883267	242.583	309.503	0.3757	66.920	-55.85	
161	Spectrogram 1	1	254.704394090	255.438271896	54.372	100.379	0.7339	46.007	-48.79	
162	Spectrogram 1	1	255.626144614	256.518540026	225.854	317.868	0.8924	92.014	-62.20	
163	Spectrogram 1	1	257.058674091	257.457903617	133.839	434.977	0.3992	301.138	-49.30	
164	Spectrogram 1	1	257.998037682	259.054821723	175.664	326.233	1.0568	150.569	-60.54	
165	Spectrogram 1	1	260.639997783	260.968775040	142.204	418.247	0.3288	276.043	-52.17	
166	Spectrogram 1	1	261.074453444	261.638071599	276.043	376.423	0.5636	100.379	-59.08	
167	Spectrogram 1	1	263.094089914	263.857322832	58.555	108.744	0.7632	50.190	-47.08	
168	Spectrogram 1	1	265.524693207	265.947406823	142.204	359.693	0.4227	217.489	-50.30	
169	Spectrogram 1	1	266.640187472	267.086385178	150.569	242.583	0.4462	92.014	-48.72	
170	Spectrogram 1	1	268.636335103	269.082532809	92.014	342.963	0.4462	250.948	-49.03	
171	Spectrogram 1	1	269.258663483	269.787055503	267.678	334.598	0.5284	66.920	-59.21	
172	Spectrogram 1	1	270.409383882	271.278295204	25.095	150.569	0.8689	125.474	-49.61	
173	Spectrogram 1	1	272.640372412	273.039601938	133.839	451.707	0.3992	317.868	-48.88	
174	Spectrogram 1	1	273.027859894	273.521025779	267.678	393.153	0.4932	125.474	-58.93	
175	Spectrogram 1	1	273.708896022	274.096383503	150.569	250.948	0.3875	100.379	-49.09	
176	Spectrogram 1	1	275.552397070	275.951626596	125.474	476.802	0.3992	351.328	-49.58	
177	Spectrogram 1	1	278.076936722	278.675781012	250.948	317.868	0.5988	66.920	-54.47	
178	Spectrogram 1	1	277.572028792	278.288293530	41.825	83.649	0.7163	41.825	-44.43	
179	Spectrogram 1	1	280.108310489	280.601476374	142.204	518.627	0.4932	376.423	-51.06	
180	Spectrogram 1	1	282.257104704	282.597624006	259.313	334.598	0.3405	75.285	-56.46	
181	Spectrogram 1	1	284.276736426	284.511577323	142.204	543.722	0.2348	401.517	-56.78	
182	Spectrogram 1	1	286.190689743	287.106569245	25.095	150.569	0.9159	125.474	-50.20	
183	Spectrogram 1	1	288.762197575	289.161427101	125.474	434.977	0.3992	309.503	-49.01	
184	Spectrogram 1	1	289.842467941	290.182987243	175.664	267.678	0.3405	92.014	-49.92	
185	Spectrogram 1	1	291.744679214	292.073456471	158.934	485.167	0.3288	326.233	-49.71	
186	Spectrogram 1	1	295.736974477	296.159688094	108.744	443.342	0.4227	334.598	-49.89	
187	Spectrogram 1	1	298.496355027	298.919068643	125.474	468.437	0.4227	342.963	-47.42	
188	Spectrogram 1	1	302.312519618	302.746975279	150.569	577.181	0.4345	426.612	-52.32	
189	Spectrogram 1	1	300.069789043	300.926958320	33.460	150.569	0.8572	117.109	-50.89	
190	Spectrogram 1	1	293.271145050	294.198766596	41.825	167.299	0.9276	125.474	-50.93	
191	Spectrogram 1	1	296.793758518	297.005115326	217.489	301.138	0.2114	83.649	-52.89	
192	Spectrogram 1	1	303.310593433	303.909437723	150.569	250.948	0.5988	100.379	-50.78	
193	Spectrogram 1	1	306.962366652	307.314627999	117.109	451.707	0.3523	334.598	-53.83	
194	Spectrogram 1	1	311.530022115	311.929251642	142.204	485.167	0.3992	342.963	-48.97	
195	Spectrogram 1	1	314.406823114	314.770826506	150.569	526.992	0.3640	376.423	-50.61	
196	Spectrogram 1	1	312.586806156	312.997777727	158.934	234.219	0.4110	75.285	-47.51	
197	Spectrogram 1	1	316.508649150	317.248397978	33.460	108.744	0.7397	75.285	-48.21	
198	Spectrogram 1	1	318.669185410	319.091899026	125.474	418.247	0.4227	292.773	-48.82	
199	Spectrogram 1	1	309.228581316	310.167944908	33.460	100.379	0.9394	66.920	-48.32	
200	Spectrogram 1	1	304.238212237	304.637441763	259.313	359.693	0.3992	100.379	-64.00	
201	Spectrogram 1	1	313.526169747	314.042819722	267.678	334.598	0.5166	66.920	-63.34	
202	Spectrogram 1	1	319.585070406	320.007784022	158.934	259.313	0.4227	100.379	-50.44	
203	Spectrogram 1	1	320.536176042	321.017599883	133.839	217.489	0.4814	83.649	-49.79	
204	Spectrogram 1	1	322.238772552	322.638002078	142.204	451.707	0.3992	309.503	-52.06	
205	Spectrogram 1	1	323.964853151	324.962926967	58.555	167.299	0.9981	108.744	-48.49	
206	Spectrogram 1	1	325.080347416	326.172357591	225.854	342.963	1.0920	117.109	-63.06	
207	Spectrogram 1	1	326.395456444	326.653781432	100.379	510.262	0.2583	409.882	-48.20	
208	Spectrogram 1	1	327.440498440	327.910180235	167.299	250.948	0.4697	83.649	-50.46	
209	Spectrogram 1	1	328.426830211	328.884769961	443.342	510.262	0.4579	66.920	-61.83	
210	Spectrogram 1	1	329.119610859	330.105942630	225.854	342.963	0.9863	117.109	-63.94	
211	Spectrogram 1	1	330.058974451	330.904401683	702.656	819.765	0.8454	117.109	-60.80	
212	Spectrogram 1	1	330.916143728	331.186210760	133.839	493.532	0.2701	359.693	-52.89	
213	Spectrogram 1	1	333.041453854	333.804686772	41.825	117.109	0.7632	75.285	-48.21	
214	Spectrogram 1	1	335.519025326	335.824318493	92.014	485.167	0.3053	393.153	-48.81	
215	Spectrogram 1	1	335.542509416	336.481873007	702.656	836.495	0.9394	133.839	-62.30	
216	Spectrogram 1	1	339.018164340	339.323457507	108.744	593.911	0.3053	485.167	-49.23	
217	Spectrogram 1	1	338.853775711	339.699202944	685.926	828.130	0.8454	142.204	-60.25	
218	Spectrogram 1	1	342.634714167	344.302084542	158.934	250.948	1.6674	92.014	-53.61	
219	Spectrogram 1	1	343.714982297	343.949823195	117.109	526.992	0.2348	409.882	-49.89	
220	Spectrogram 1	1	344.513441350	344.795250427	150.569	209.124	0.2818	58.555	-49.06	
221	Spectrogram 1	1	346.309974218	347.096691226	685.926	803.035	0.7867	117.109	-60.22	
222	Spectrogram 1	1	349.445100205	350.572336515	644.101	794.670	1.1272	150.569	-61.15	
223	Spectrogram 1	1	345.124027684	345.511515166	158.934	242.583	0.3875	83.649	-54.51	
224	Spectrogram 1	1	346.051649231	347.859924144	142.204	276.043	1.8083	133.839	-58.74	
225	Spectrogram 1	1	348.693609332	349.034128634	426.612	535.357	0.3405	108.744	-60.29	
226	Spectrogram 1	1	353.390434411	354.599865035	133.839	276.043	1.2094	142.204	-58.98	
227	Spectrogram 1	1	357.558860348	358.498223939	635.736	844.860	0.9394	209.124	-59.58	
228	Spectrogram 1	1	360.964053367	362.009095363	635.736	819.765	1.0450	184.029	-59.18	
229	Spectrogram 1	1	356.502076308	357.582344438	167.299	284.408	1.0803	117.109	-58.94	
230	Spectrogram 1	1	366.212756930	367.504381869	175.664	267.678	1.2916	92.014	-53.64	
231	Spectrogram 1	1	369.641434039	371.531903267	627.371	736.115	1.8905	108.744	-55.95	
232	Spectrogram 1	1	373.128821372	374.197347458	685.926	761.210	1.0685	75.285	-56.35	
233	Spectrogram 1	1	376.275689404	377.262021175	184.029	259.313	0.9863	75.285	-60.67	
234	Spectrogram 1	1	377.297247309	378.107448407	602.276	744.480	0.8102	142.204	-60.27	
235	Spectrogram 1	1	382.769048748	383.673186205	560.451	752.845	0.9041	192.394	-60.91	
236	Spectrogram 1	1	383.062599870	384.272030494	619.006	819.765	1.2094	200.759	-60.87	
237	Spectrogram 1	1	386.103789498	387.125347403	593.911	736.115	1.0216	142.204	-58.45	
238	Spectrogram 1	1	392.397525560	393.043338030	577.181	727.750	0.6458	150.569	-60.58	
239	Spectrogram 1	1	393.970959576	395.027743616	552.086	819.765	1.0568	267.678	-59.74	
240	Spectrogram 1	1	397.223516345	398.667787867	610.641	853.225	1.4443	242.583	-61.77	
241	Spectrogram 1	1	402.131691111	402.460468368	543.722	627.371	0.3288	83.649	-55.94	
242	Spectrogram 1	1	406.394053407	408.037939692	560.451	644.101	1.6439	83.649	-60.37	
243	Spectrogram 1	1	409.000787373	409.904924830	443.342	677.561	0.9041	234.219	-52.54	
244	Spectrogram 1	1	418.699724834	419.380763438	476.802	568.816	0.6810	92.014	-53.97	
245	Spectrogram 1	1	420.872003139	422.010981494	476.802	552.086	1.1390	75.285	-54.03	
246	Spectrogram 1	1	423.995387081	424.582489325	518.627	602.276	0.5871	83.649	-59.99	
247	Spectrogram 1	1	424.652941595	425.979792667	426.612	526.992	1.3269	100.379	-56.29	
248	Spectrogram 1	1	415.623309072	416.186927227	485.167	577.181	0.5636	92.014	-57.25	
249	Spectrogram 1	1	410.515519543	410.832554755	342.963	543.722	0.3170	200.759	-62.58	
250	Spectrogram 1	1	411.008685429	411.677981988	560.451	635.736	0.6693	75.285	-62.21	
251	Spectrogram 1	1	411.889338796	412.629087624	476.802	568.816	0.7397	92.014	-56.25	
252	Spectrogram 1	1	412.946122836	414.143811415	468.437	635.736	1.1977	167.299	-58.91	
253	Spectrogram 1	1	429.161896609	431.298948779	409.882	719.385	2.1371	309.503	-54.75	
254	Spectrogram 1	1	433.271612321	435.009434966	434.977	769.575	1.7378	334.598	-53.94	
255	Spectrogram 1	1	439.248313172	440.152450629	401.517	769.575	0.9041	368.058	-52.34	
256	Spectrogram 1	1	437.310875765	438.332433670	368.058	476.802	1.0216	108.744	-53.21	
257	Spectrogram 1	1	441.385365343	441.902015318	384.788	460.072	0.5166	75.285	-53.99	
258	Spectrogram 1	1	434.915498606	435.502600851	393.153	535.357	0.5871	142.204	-54.75	
259	Spectrogram 1	1	440.798263098	441.643690330	66.920	133.839	0.8454	66.920	-54.76	
260	Spectrogram 1	1	442.606547507	442.806162271	142.204	552.086	0.1996	409.882	-53.42	
261	Spectrogram 1	1	443.099713393	443.287586111	200.759	585.546	0.1879	384.788	-52.15	
262	Spectrogram 1	1	444.226949703	444.367854241	242.583	585.546	0.1409	342.963	-55.28	
263	Spectrogram 1	1	445.013666711	445.119345115	326.233	568.816	0.1057	242.583	-50.46	
264	Spectrogram 1	1	445.377670102	447.244655240	351.328	468.437	1.8670	117.109	-55.49	
265	Spectrogram 1	1	446.493164367	446.622326861	301.138	585.546	0.1292	284.408	-48.20	
266	Spectrogram 1	1	449.076414244	449.957067611	334.598	451.707	0.8807	117.109	-52.54	
267	Spectrogram 1	1	449.616548309	450.990367561	393.153	685.926	1.3738	292.773	-48.59	
268	Spectrogram 1	1	453.491423123	455.064857139	376.423	752.845	1.5734	376.423	-51.88	
269	Spectrogram 1	1	456.145125269	457.601138836	384.788	460.072	1.4560	75.285	-54.51	
270	Spectrogram 1	1	459.068903944	459.820394817	401.517	711.020	0.7515	309.503	-50.81	
271	Spectrogram 1	1	469.472355719	470.834432927	443.342	669.196	1.3621	225.854	-46.34	
272	Spectrogram 1	1	473.229810085	474.709307741	451.707	669.196	1.4795	217.489	-47.27	
273	Spectrogram 1	1	471.879474922	473.206325995	267.678	409.882	1.3269	142.204	-57.48	
274	Spectrogram 1	1	468.122020556	469.472355719	267.678	443.342	1.3503	175.664	-57.50	
275	Spectrogram 1	1	460.184398208	460.466207286	334.598	384.788	0.2818	50.190	-54.32	
276	Spectrogram 1	1	462.767648085	462.979004893	92.014	476.802	0.2114	384.788	-52.24	
277	Spectrogram 1	1	461.628669730	461.816542449	125.474	460.072	0.1879	334.598	-52.06	
278	Spectrogram 1	1	462.039641302	462.309708334	234.219	510.262	0.2701	276.043	-51.18	
279	Spectrogram 1	1	463.378234419	463.589591227	167.299	468.437	0.2114	301.138	-48.75	
280	Spectrogram 1	1	460.841952723	461.029825441	125.474	401.517	0.1879	276.043	-53.91	
281	Spectrogram 1	1	464.669859358	464.986894570	359.693	485.167	0.3170	125.474	-56.61	
282	Spectrogram 1	1	464.587665043	464.869474121	175.664	334.598	0.2818	158.934	-51.29	
283	Spectrogram 1	1	465.550512725	465.738385443	217.489	493.532	0.1879	276.043	-50.79	
284	Spectrogram 1	1	478.572450566	479.476588022	468.437	736.115	0.9041	267.678	-45.57	
285	Spectrogram 1	1	476.200557497	476.681981338	276.043	359.693	0.4814	83.649	-55.55	
286	Spectrogram 1	1	479.676202786	481.143958397	217.489	368.058	1.4678	150.569	-54.32	
287	Spectrogram 1	1	479.547040292	480.404209569	58.555	142.204	0.8572	83.649	-55.61	
288	Spectrogram 1	1	481.707576552	481.871965181	384.788	627.371	0.1644	242.583	-55.80	
289	Spectrogram 1	1	483.034427625	483.175332164	267.678	602.276	0.1409	334.598	-54.58	
290	Spectrogram 1	1	483.363204882	484.502183237	200.759	376.423	1.1390	175.664	-54.87	
291	Spectrogram 1	1	484.373020743	484.549151416	376.423	610.641	0.1761	234.219	-53.32	
292	Spectrogram 1	1	487.496404684	488.142217154	250.948	368.058	0.6458	117.109	-54.22	
293	Spectrogram 1	1	488.365316007	489.574746631	451.707	685.926	1.2094	234.219	-50.34	
294	Spectrogram 1	1	490.067912516	490.572820446	209.124	284.408	0.5049	75.285	-56.95	
295	Spectrogram 1	1	491.159922691	491.606120397	259.313	309.503	0.4462	50.190	-53.54	
296	Spectrogram 1	1	491.711804946	492.862525345	184.029	259.313	1.1507	75.285	-54.20	
297	Spectrogram 1	1	491.758773125	493.473111680	485.167	677.561	1.7143	192.394	-53.78	
298	Spectrogram 1	1	495.011319561	495.985909287	192.394	342.963	0.9746	150.569	-55.76	
299	Spectrogram 1	1	497.758958066	498.451738714	485.167	660.831	0.6928	175.664	-52.29	
300	Spectrogram 1	1	498.357802355	498.909678465	242.583	359.693	0.5519	117.109	-55.78	
301	Spectrogram 1	1	500.729702546	502.103521798	158.934	292.773	1.3738	133.839	-53.28	
302	Spectrogram 1	1	504.663287585	505.567425041	184.029	317.868	0.9041	133.839	-53.27	
303	Spectrogram 1	1	509.242685093	510.205532774	543.722	811.400	0.9628	267.678	-55.77	
304	Spectrogram 1	1	512.941429234	513.822082601	552.086	1020.524	0.8807	468.437	-61.24	
305	Spectrogram 1	1	508.726035118	509.101780554	276.043	334.598	0.3757	58.555	-56.14	
306	Spectrogram 1	1	511.050960007	511.403221353	158.934	259.313	0.3523	100.379	-53.63	
307	Spectrogram 1	1	511.837677014	512.553941753	142.204	200.759	0.7163	58.555	-54.71	
308	Spectrogram 1	1	512.765298561	514.291764397	175.664	301.138	1.5265	125.474	-60.10	
309	Spectrogram 1	1	514.773197734	515.829981774	184.029	342.963	1.0568	158.934	-53.99	
310	Spectrogram 1	1	517.849613496	518.460199830	577.181	911.779	0.6106	334.598	-57.66	
311	Spectrogram 1	1	519.129496389	519.516983871	192.394	301.138	0.3875	108.744	-56.63	
312	Spectrogram 1	1	521.771456490	522.781272351	142.204	276.043	1.0098	133.839	-54.04	
313	Spectrogram 1	1	523.720635942	524.918324521	184.029	284.408	1.1977	100.379	-55.45	
314	Spectrogram 1	1	525.693299484	526.620921031	200.759	309.503	0.9276	108.744	-49.93	
315	Spectrogram 1	1	527.372411904	528.476164124	192.394	284.408	1.1038	92.014	-54.69	
316	Spectrogram 1	1	528.640552752	529.791273152	368.058	1622.800	1.1507	1254.742	-63.10	
317	Spectrogram 1	1	529.568174299	530.272696993	225.854	334.598	0.7045	108.744	-53.35	
318	Spectrogram 1	1	530.307922234	530.707151760	125.474	192.394	0.3992	66.920	-54.67	
319	Spectrogram 1	1	532.104455102	532.621105078	158.934	250.948	0.5166	92.014	-55.85	
320	Spectrogram 1	1	532.585878943	533.372595951	1304.932	1539.150	0.7867	234.219	-60.86	
321	Spectrogram 1	1	537.693668472	538.116382088	1212.917	1639.530	0.4227	426.612	-55.34	
322	Spectrogram 1	1	534.441122036	535.474421987	175.664	276.043	1.0333	100.379	-52.98	
323	Spectrogram 1	1	535.879522536	537.071340092	171.481	296.956	1.1918	125.474	-52.01	
324	Spectrogram 1	1	537.611474157	538.750452512	209.124	309.503	1.1390	100.379	-54.45	
325	Spectrogram 1	1	540.206466079	541.063635356	184.029	359.693	0.8572	175.664	-55.98	
326	Spectrogram 1	1	541.415896703	542.214355755	225.854	317.868	0.7985	92.014	-57.22	
327	Spectrogram 1	1	543.928695976	545.302515228	167.299	301.138	1.3738	133.839	-56.17	
328	Spectrogram 1	1	546.065748146	547.040337873	158.934	317.868	0.9746	158.934	-54.69	
329	Spectrogram 1	1	547.216468546	548.308478721	217.489	301.138	1.0920	83.649	-53.53	
330	Spectrogram 1	1	546.042264057	546.887691289	1221.282	1539.150	0.8454	317.868	-56.77	
331	Spectrogram 1	1	549.306552537	549.952365006	1279.837	1589.340	0.6458	309.503	-57.80	
332	Spectrogram 1	1	554.390857976	555.024928400	1238.012	1681.354	0.6341	443.342	-57.41	
333	Spectrogram 1	1	550.504241116	551.279216079	267.678	342.963	0.7750	75.285	-56.22	
334	Spectrogram 1	1	550.022817275	550.692113834	175.664	342.963	0.6693	167.299	-56.23	
335	Spectrogram 1	1	552.735229646	554.202985257	184.029	317.868	1.4678	133.839	-56.73	
336	Spectrogram 1	1	555.788161318	556.668814685	217.489	309.503	0.8807	92.014	-52.20	
337	Spectrogram 1	1	556.680556730	557.338111244	209.124	317.868	0.6576	108.744	-50.58	
338	Spectrogram 1	1	559.639553698	560.179687763	242.583	326.233	0.5401	83.649	-58.39	
339	Spectrogram 1	1	560.191429808	560.731563873	259.313	309.503	0.5401	50.190	-49.28	
340	Spectrogram 1	1	562.692485370	564.113272802	184.029	292.773	1.4208	108.744	-55.52	
341	Spectrogram 1	1	565.616254548	566.813943127	217.489	334.598	1.1977	117.109	-53.66	
342	Spectrogram 1	1	567.882469213	568.375635098	1296.567	1530.785	0.4932	234.219	-58.17	
343	Spectrogram 1	1	571.334630411	571.921732656	1254.742	1455.501	0.5871	200.759	-56.58	
344	Spectrogram 1	1	568.880543028	570.230878191	192.394	351.328	1.3503	158.934	-59.43	
345	Spectrogram 1	1	572.579287170	572.896322382	129.657	200.759	0.3170	71.102	-56.53	
346	Spectrogram 1	1	573.424714402	574.211431410	234.219	342.963	0.7867	108.744	-56.95	
347	Spectrogram 1	1	576.489389401	577.076491645	301.138	368.058	0.5871	66.920	-52.08	
348	Spectrogram 1	1	576.454163266	577.006039376	1263.107	1572.610	0.5519	309.503	-59.14	
349	Spectrogram 1	1	578.931734739	579.530579028	234.219	342.963	0.5988	108.744	-53.94	
350	Spectrogram 1	1	584.884951499	585.519021924	184.029	334.598	0.6341	150.569	-54.95	
351	Spectrogram 1	1	586.446643470	587.221618433	184.029	250.948	0.7750	66.920	-51.62	
352	Spectrogram 1	1	587.879172947	588.407564967	284.408	368.058	0.5284	83.649	-52.34	
353	Spectrogram 1	1	590.356745399	590.920363554	192.394	301.138	0.5636	108.744	-55.28	
354	Spectrogram 1	1	591.493393802	592.197916495	250.948	376.423	0.7045	125.474	-55.03	
355	Spectrogram 1	1	589.508988215	589.708602978	1831.923	2501.119	0.1996	669.196	-63.23	un
356	Spectrogram 1	1	593.031601683	593.653930062	1187.822	1505.690	0.6223	317.868	-54.09	
357	Spectrogram 1	1	594.311484576	595.004265225	317.868	409.882	0.6928	92.014	-53.42	
358	Spectrogram 1	1	593.313410760	594.158837992	175.664	334.598	0.8454	158.934	-60.79	
359	Spectrogram 1	1	596.284148118	597.411384428	150.569	317.868	1.1272	167.299	-54.50	
360	Spectrogram 1	1	596.495504926	597.246995799	1187.822	1430.406	0.7515	242.583	-62.15	
361	Spectrogram 1	1	598.021970762	598.515136648	309.503	384.788	0.4932	75.285	-54.09	
362	Spectrogram 1	1	601.380195602	601.662004679	1171.093	1530.785	0.2818	359.693	-56.40	
363	Spectrogram 1	1	600.607034547	601.170652702	158.934	267.678	0.5636	108.744	-51.94	
364	Spectrogram 1	1	600.841875445	601.605108363	359.693	393.153	0.7632	33.460	-54.19	
365	Spectrogram 1	1	604.798944574	605.221658190	309.503	401.517	0.4227	92.014	-54.61	
366	Spectrogram 1	1	606.008375198	607.405678540	167.299	309.503	1.3973	142.204	-54.81	
367	Spectrogram 1	1	608.145427368	608.697303478	309.503	393.153	0.5519	83.649	-51.05	
368	Spectrogram 1	1	606.701155846	606.877286520	2685.148	2969.556	0.1761	284.408	-63.13	un
369	Spectrogram 1	1	607.804908066	607.957554650	2660.053	2986.286	0.1526	326.233	-63.63	un
370	Spectrogram 1	1	610.341189740	610.787387446	234.219	292.773	0.4462	58.555	-55.03	
371	Spectrogram 1	1	612.196429078	612.748305188	301.138	393.153	0.5519	92.014	-56.97	
372	Spectrogram 1	1	613.311923343	613.816831273	125.474	200.759	0.5049	75.285	-58.01	
373	Spectrogram 1	1	615.002777807	615.754268681	351.328	434.977	0.7515	83.649	-55.47	
374	Spectrogram 1	1	616.317886835	617.292476562	150.569	317.868	0.9746	167.299	-52.56	
375	Spectrogram 1	1	616.482275464	617.139829978	1129.268	1472.231	0.6576	342.963	-63.32	
376	Spectrogram 1	1	613.065340400	613.264955163	1296.567	1865.383	0.1996	568.816	-61.42	un
377	Spectrogram 1	1	619.265140104	620.310182099	1656.259	1957.398	1.0450	301.138	-66.20	
378	Spectrogram 1	1	618.302292422	619.147719655	309.503	418.247	0.8454	108.744	-54.83	
379	Spectrogram 1	1	620.498054817	621.120383197	200.759	292.773	0.6223	92.014	-56.30	
380	Spectrogram 1	1	621.331740005	622.024520654	301.138	393.153	0.6928	92.014	-55.56	
381	Spectrogram 1	1	621.296513870	621.813163845	1279.837	2174.886	0.5166	895.049	-65.60	un
382	Spectrogram 1	1	624.713448934	625.077452326	1020.524	1882.113	0.3640	861.590	-59.76	un
383	Spectrogram 1	1	623.245693322	623.785827387	133.839	209.124	0.5401	75.285	-54.86	
384	Spectrogram 1	1	626.028557962	627.038373823	326.233	443.342	1.0098	117.109	-63.34	
385	Spectrogram 1	1	626.157720456	626.920953374	142.204	250.948	0.7632	108.744	-51.59	
386	Spectrogram 1	1	628.153874209	628.717492364	1154.363	1246.377	0.5636	92.014	-56.20	
387	Spectrogram 1	1	631.312484285	631.805650171	1480.596	1547.515	0.4932	66.920	-56.05	
388	Spectrogram 1	1	628.964075307	629.445499147	158.934	284.408	0.4814	125.474	-59.60	
389	Spectrogram 1	1	629.809502539	630.490541143	326.233	409.882	0.6810	83.649	-61.88	
390	Spectrogram 1	1	630.196990021	630.878028624	167.299	309.503	0.6810	142.204	-53.03	
391	Spectrogram 1	1	632.463204685	633.379084187	117.109	184.029	0.9159	66.920	-57.09	
392	Spectrogram 1	1	633.015080795	633.473020546	351.328	418.247	0.4579	66.920	-55.50	
393	Spectrogram 1	1	635.158003988	635.739235210	225.854	322.050	0.5812	96.197	-56.13	
394	Spectrogram 1	1	636.889955610	637.136538552	995.429	1430.406	0.2466	434.977	-58.43	un
395	Spectrogram 1	1	638.287258952	639.144428229	317.868	376.423	0.8572	58.555	-59.36	
396	Spectrogram 1	1	640.553479621	641.363680719	1087.443	1522.420	0.8102	434.977	-59.87	
397	Spectrogram 1	1	640.823546654	641.328454584	158.934	225.854	0.5049	66.920	-59.81	
398	Spectrogram 1	1	641.704200021	642.267818176	133.839	209.124	0.5636	75.285	-56.39	
399	Spectrogram 1	1	642.279560220	643.101503363	284.408	376.423	0.8219	92.014	-56.28	
400	Spectrogram 1	1	644.627969199	645.273781668	175.664	342.963	0.6458	167.299	-53.61	
401	Spectrogram 1	1	643.899962416	644.205255583	945.239	1932.303	0.3053	987.064	-60.02	un
402	Spectrogram 1	1	647.446059973	647.657416782	1196.187	2124.697	0.2114	928.509	-61.96	un
403	Spectrogram 1	1	648.608527026	649.195629271	175.664	309.503	0.5871	133.839	-61.54	
404	Spectrogram 1	1	649.360017899	650.076282638	301.138	401.517	0.7163	100.379	-55.63	
405	Spectrogram 1	1	650.029314458	650.933451915	1087.443	1288.202	0.9041	200.759	-61.58	
406	Spectrogram 1	1	651.121324633	651.778879147	133.839	200.759	0.6576	66.920	-55.63	
407	Spectrogram 1	1	653.223150669	655.125361942	158.934	376.423	1.9022	217.489	-56.25	
408	Spectrogram 1	1	656.017757354	656.287824386	1120.903	2266.901	0.2701	1145.998	-64.63	un
409	Spectrogram 1	1	652.953083637	654.127288126	1263.107	1405.311	1.1742	142.204	-65.84	
410	Spectrogram 1	1	657.966944626	658.671467320	192.394	309.503	0.7045	117.109	-52.41	
411	Spectrogram 1	1	659.599088866	659.880897944	1112.538	2233.441	0.2818	1120.903	-65.47	
412	Spectrogram 1	1	661.395621735	663.262606873	192.394	368.058	1.8670	175.664	-57.61	
413	Spectrogram 1	1	663.239122783	664.155002285	1154.363	1430.406	0.9159	276.043	-63.75	
414	Spectrogram 1	1	663.990613656	664.530747722	317.868	409.882	0.5401	92.014	-56.25	
415	Spectrogram 1	1	664.765588619	665.716694256	242.583	376.423	0.9511	133.839	-62.01	
416	Spectrogram 1	1	670.260872612	670.836232812	317.868	384.788	0.5754	66.920	-52.94	
417	Spectrogram 1	1	668.910537449	669.791190816	75.285	250.948	0.8807	175.664	-59.63	
418	Spectrogram 1	1	672.327472513	674.041811067	209.124	351.328	1.7143	142.204	-62.24	
419	Spectrogram 1	1	672.257020244	672.785412264	125.474	184.029	0.5284	58.555	-59.55	
420	Spectrogram 1	1	674.041811067	674.617171267	309.503	368.058	0.5754	58.555	-52.57	
421	Spectrogram 1	1	674.840270120	675.767891667	869.954	1346.756	0.9276	476.802	-65.08	
422	Spectrogram 1	1	676.061442789	677.036032515	276.043	376.423	0.9746	100.379	-62.31	
423	Spectrogram 1	1	678.163268825	678.738629025	752.845	828.130	0.5754	75.285	-61.56	
424	Spectrogram 1	1	680.899165285	681.333620946	276.043	376.423	0.4345	100.379	-56.68	
425	Spectrogram 1	1	681.920723191	682.355178852	309.503	393.153	0.4345	83.649	-57.24	
426	Spectrogram 1	1	683.200610832	683.623324448	644.101	987.064	0.4227	342.963	-58.75	
427	Spectrogram 1	1	683.893391481	684.527461905	284.408	359.693	0.6341	75.285	-61.96	
428	Spectrogram 1	1	686.969807243	688.296658316	652.466	844.860	1.3269	192.394	-57.09	
429	Spectrogram 1	1	686.511867492	687.192906096	33.460	158.934	0.6810	125.474	-59.56	
430	Spectrogram 1	1	690.586363633	691.138239743	543.722	644.101	0.5519	100.379	-58.53	
431	Spectrogram 1	1	696.257771317	697.960367826	535.357	961.969	1.7026	426.612	-61.02	
432	Spectrogram 1	1	695.107050917	696.339965631	200.759	301.138	1.2329	100.379	-61.00	
433	Spectrogram 1	1	698.159982589	698.970183687	276.043	384.788	0.8102	108.744	-62.06	
434	Spectrogram 1	1	699.815610919	700.907621094	543.722	644.101	1.0920	100.379	-55.03	
435	Spectrogram 1	1	702.293191050	702.575000127	175.664	460.072	0.2818	284.408	-58.13	
436	Spectrogram 1	1	702.633710352	703.068166013	209.124	359.693	0.4345	150.569	-62.39	
437	Spectrogram 1	1	703.303006911	703.890109155	301.138	401.517	0.5871	100.379	-56.10	
438	Spectrogram 1	1	708.328602125	709.608485018	535.357	610.641	1.2799	75.285	-48.75	
439	Spectrogram 1	1	711.722053099	712.778837139	485.167	752.845	1.0568	267.678	-54.36	
440	Spectrogram 1	1	704.582889804	705.029087510	510.262	610.641	0.4462	100.379	-60.57	
441	Spectrogram 1	1	705.252186363	706.402906762	217.489	309.503	1.1507	92.014	-59.31	
442	Spectrogram 1	1	708.363828259	709.995972500	175.664	351.328	1.6321	175.664	-63.09	
443	Spectrogram 1	1	713.636006416	715.303376791	334.598	552.086	1.6674	217.489	-58.04	un
444	Spectrogram 1	1	719.319164524	720.986534898	526.992	803.035	1.6674	276.043	-52.97	
445	Spectrogram 1	1	722.513000735	723.640237044	476.802	744.480	1.1272	267.678	-55.85	
446	Spectrogram 1	1	720.082397442	721.186149662	317.868	434.977	1.1038	117.109	-57.70	
447	Spectrogram 1	1	717.616568014	718.919934997	292.773	376.423	1.3034	83.649	-62.80	
448	Spectrogram 1	1	719.342650848	720.176336035	184.029	267.678	0.8337	83.649	-59.16	
449	Spectrogram 1	1	726.998464118	727.221562971	526.992	878.319	0.2231	351.328	-56.43	
450	Spectrogram 1	1	726.845817534	727.937827710	142.204	276.043	1.0920	133.839	-61.58	
451	Spectrogram 1	1	730.157074194	731.789218434	468.437	602.276	1.6321	133.839	-50.23	
452	Spectrogram 1	1	733.397878585	735.135701229	443.342	744.480	1.7378	301.138	-55.95	
453	Spectrogram 1	1	728.583640179	729.241194693	267.678	342.963	0.6576	75.285	-59.39	
454	Spectrogram 1	1	729.863529775	730.908571771	200.759	351.328	1.0450	150.569	-62.66	
455	Spectrogram 1	1	738.376512323	738.540900951	426.612	836.495	0.1644	409.882	-55.36	
456	Spectrogram 1	1	737.002693070	737.378438507	317.868	393.153	0.3757	75.285	-54.51	
457	Spectrogram 1	1	739.010582747	739.503748632	301.138	393.153	0.4932	92.014	-62.16	
458	Spectrogram 1	1	739.785557710	740.771889481	242.583	301.138	0.9863	58.555	-60.16	
459	Spectrogram 1	1	741.300281501	743.695658659	426.612	543.722	2.3954	117.109	-53.87	
460	Spectrogram 1	1	743.002878010	743.813079108	242.583	376.423	0.8102	133.839	-59.93	
461	Spectrogram 1	1	744.846379059	746.455039209	426.612	794.670	1.6087	368.058	-56.95	
462	Spectrogram 1	1	744.341471128	744.905089283	292.773	384.788	0.5636	92.014	-56.08	
463	Spectrogram 1	1	746.736858062	747.230023947	409.882	568.816	0.4932	158.934	-59.26	
464	Spectrogram 1	1	747.077377364	748.310292077	142.204	259.313	1.2329	117.109	-62.29	
465	Spectrogram 1	1	751.891615770	753.230208888	393.153	568.816	1.3386	175.664	-53.95	
466	Spectrogram 1	1	753.394597516	754.909321307	209.124	384.788	1.5147	175.664	-62.09	
467	Spectrogram 1	1	755.707780360	757.187278017	409.882	828.130	1.4795	418.247	-57.57	
468	Spectrogram 1	1	753.664664549	753.993441806	418.247	869.954	0.3288	451.707	-54.59	
469	Spectrogram 1	1	750.517796517	751.621548737	209.124	301.138	1.1038	92.014	-59.41	
470	Spectrogram 1	1	749.050040906	749.425786342	384.788	803.035	0.3757	418.247	-54.85	
471	Spectrogram 1	1	757.598249588	758.549355224	409.882	526.992	0.9511	117.109	-56.54	
472	Spectrogram 1	1	759.934916522	760.134531285	426.612	761.210	0.1996	334.598	-51.96	
473	Spectrogram 1	1	760.745117619	762.142420962	158.934	326.233	1.3973	167.299	-58.71	
474	Spectrogram 1	1	757.821354027	759.265625549	125.474	326.233	1.4443	200.759	-61.24	
475	Spectrogram 1	1	762.142426547	763.422309441	376.423	485.167	1.2799	108.744	-50.93	
476	Spectrogram 1	1	764.408641212	764.960517322	200.759	326.233	0.5519	125.474	-57.94	
477	Spectrogram 1	1	764.878323008	766.604403607	384.788	552.086	1.7261	167.299	-57.62	
478	Spectrogram 1	1	766.369562709	767.121053582	309.503	393.153	0.7515	83.649	-51.55	
479	Spectrogram 1	1	767.907773523	770.044825693	393.153	552.086	2.1371	158.934	-59.62	
480	Spectrogram 1	1	768.330487139	769.081978012	184.029	334.598	0.7515	150.569	-60.31	
481	Spectrogram 1	1	770.420571130	770.831542701	376.423	652.466	0.4110	276.043	-53.31	
482	Spectrogram 1	1	773.062531231	774.436350483	284.408	426.612	1.3738	142.204	-53.33	
483	Spectrogram 1	1	772.358008537	772.675043749	158.934	284.408	0.3170	125.474	-59.31	
484	Spectrogram 1	1	776.514701367	777.630195631	250.948	384.788	1.1155	133.839	-54.64	
485	Spectrogram 1	1	776.996125207	778.416912639	376.423	685.926	1.4208	309.503	-59.86	
486	Spectrogram 1	1	780.142993239	781.446360222	342.963	610.641	1.3034	267.678	-58.57	
487	Spectrogram 1	1	783.876963515	785.015941869	234.219	376.423	1.1390	142.204	-50.70	
488	Spectrogram 1	1	787.411319027	788.515071247	184.029	351.328	1.1038	167.299	-49.38	
489	Spectrogram 1	1	789.196109851	789.806696186	351.328	460.072	0.6106	108.744	-60.02	
490	Spectrogram 1	1	792.389954162	792.847893913	234.219	368.058	0.4579	133.839	-50.30	
491	Spectrogram 1	1	796.018246034	797.063288029	184.029	334.598	1.0450	150.569	-49.86	
492	Spectrogram 1	1	799.270792469	800.339318554	184.029	317.868	1.0685	133.839	-49.84	
493	Spectrogram 1	1	800.010541297	801.067325338	384.788	476.802	1.0568	92.014	-58.79	
494	Spectrogram 1	1	803.333540002	803.908900202	225.854	342.963	0.5754	117.109	-51.84	
495	Spectrogram 1	1	803.662317259	804.425550177	359.693	434.977	0.7632	75.285	-57.99	
496	Spectrogram 1	1	806.621322208	808.065593730	175.664	326.233	1.4443	150.569	-48.70	
497	Spectrogram 1	1	810.120451586	811.224203806	167.299	326.233	1.1038	158.934	-48.40	
498	Spectrogram 1	1	812.257503756	813.690033233	292.773	418.247	1.4325	125.474	-53.70	
499	Spectrogram 1	1	814.547202511	815.016884306	184.029	317.868	0.4697	133.839	-52.46	
500	Spectrogram 1	1	816.543350142	818.422077325	175.664	359.693	1.8787	184.029	-50.49	
501	Spectrogram 1	1	817.764522811	818.304656876	368.058	451.707	0.5401	83.649	-55.46	
502	Spectrogram 1	1	820.300804508	821.204941965	158.934	309.503	0.9041	150.569	-46.16	
503	Spectrogram 1	1	818.815435829	819.244020468	217.489	334.598	0.4286	117.109	-59.53	
505	Spectrogram 1	1	823.870394954	824.422271064	150.569	309.503	0.5519	158.934	-51.71	
506	Spectrogram 1	1	824.563175602	825.396860790	242.583	376.423	0.8337	133.839	-56.19	
507	Spectrogram 1	1	827.040747075	828.320629968	158.934	292.773	1.2799	133.839	-49.82	
508	Spectrogram 1	1	828.238435654	829.025152662	217.489	384.788	0.7867	167.299	-56.38	
509	Spectrogram 1	1	829.847095804	831.009558249	158.934	326.233	1.1625	167.299	-47.61	
510	Spectrogram 1	1	832.536024085	833.029189970	242.583	368.058	0.4932	125.474	-57.35	
511	Spectrogram 1	1	834.426498619	835.025342909	184.029	334.598	0.5988	150.569	-52.64	
512	Spectrogram 1	1	835.154505402	836.211289443	225.854	368.058	1.0568	142.204	-59.07	
513	Spectrogram 1	1	836.962780316	838.125242760	125.474	284.408	1.1625	158.934	-50.49	
514	Spectrogram 1	1	838.947185903	839.945259719	217.489	317.868	0.9981	100.379	-55.46	
515	Spectrogram 1	1	839.863065405	840.802428996	175.664	292.773	0.9394	117.109	-46.58	
516	Spectrogram 1	1	843.045159571	843.432647052	234.219	326.233	0.3875	92.014	-54.29	
517	Spectrogram 1	1	841.366047151	841.694824408	259.313	334.598	0.3288	75.285	-59.69	
518	Spectrogram 1	1	844.336784509	844.935628798	58.555	150.569	0.5988	92.014	-57.99	
519	Spectrogram 1	1	846.708687353	847.777213438	133.839	284.408	1.0685	150.569	-50.73	
520	Spectrogram 1	1	849.409357678	850.125622416	167.299	317.868	0.7163	150.569	-49.47	
521	Spectrogram 1	1	850.196074686	850.959307604	184.029	276.043	0.7632	92.014	-53.02	
522	Spectrogram 1	1	853.389910897	853.847850648	184.029	326.233	0.4579	142.204	-52.44	
523	Spectrogram 1	1	853.918302917	854.446694937	217.489	342.963	0.5284	125.474	-53.85	
524	Spectrogram 1	1	855.832256235	857.182591397	108.744	276.043	1.3503	167.299	-51.22	
525	Spectrogram 1	1	857.511368654	858.239375438	150.569	234.219	0.7280	83.649	-55.07	
526	Spectrogram 1	1	858.615120874	859.507516286	167.299	309.503	0.8924	142.204	-48.80	
527	Spectrogram 1	1	860.188560476	861.268828606	200.759	317.868	1.0803	117.109	-54.88	
528	Spectrogram 1	1	863.182781924	863.628979629	184.029	317.868	0.4462	133.839	-49.58	
529	Spectrogram 1	1	864.380470503	864.967572747	209.124	326.233	0.5871	117.109	-55.38	
530	Spectrogram 1	1	864.638795490	865.038025017	250.948	384.788	0.3992	133.839	-56.08	
531	Spectrogram 1	1	861.973351300	862.607421724	200.759	317.868	0.6341	117.109	-64.57	
532	Spectrogram 1	1	865.918678384	867.269013546	108.744	259.313	1.3503	150.569	-49.48	
533	Spectrogram 1	1	868.208377138	868.901157786	142.204	217.489	0.6928	75.285	-57.29	
534	Spectrogram 1	1	868.713285068	869.546970256	142.204	326.233	0.8337	184.029	-50.47	
535	Spectrogram 1	1	870.603754296	871.484407663	184.029	334.598	0.8807	150.569	-52.74	
536	Spectrogram 1	1	872.517718227	873.022626157	192.394	301.138	0.5049	108.744	-49.75	
537	Spectrogram 1	1	873.351403414	873.621470447	276.043	351.328	0.2701	75.285	-57.70	
538	Spectrogram 1	1	874.196830646	874.713480622	217.489	326.233	0.5166	108.744	-52.86	
539	Spectrogram 1	1	874.736964712	876.157752144	117.109	276.043	1.4208	158.934	-49.98	
540	Spectrogram 1	1	877.155825960	877.343698678	292.773	368.058	0.1879	75.285	-57.22	
541	Spectrogram 1	1	877.719444114	878.799712245	133.839	301.138	1.0803	167.299	-51.82	
542	Spectrogram 1	1	880.056111048	880.760633742	192.394	326.233	0.7045	133.839	-55.13	
543	Spectrogram 1	1	881.899612096	882.322325712	192.394	317.868	0.4227	125.474	-49.89	
544	Spectrogram 1	1	884.095374491	884.752929005	184.029	317.868	0.6576	133.839	-57.09	
545	Spectrogram 1	1	884.776413095	885.868423270	100.379	259.313	1.0920	158.934	-50.25	
546	Spectrogram 1	1	887.289210702	887.888054992	150.569	309.503	0.5988	158.934	-47.69	
547	Spectrogram 1	1	887.077853894	887.430115241	167.299	217.489	0.3523	50.190	-56.32	
548	Spectrogram 1	1	889.966406294	890.553508539	200.759	326.233	0.5871	125.474	-53.85	
549	Spectrogram 1	1	891.034932380	891.434161906	175.664	351.328	0.3992	175.664	-50.32	
550	Spectrogram 1	1	893.301147044	894.252252680	100.379	242.583	0.9511	142.204	-48.36	
551	Spectrogram 1	1	893.911733378	894.322704950	225.854	326.233	0.4110	100.379	-54.09	
552	Spectrogram 1	1	895.896138965	896.612403704	133.839	284.408	0.7163	150.569	-47.22	
553	Spectrogram 1	1	896.612403704	897.152537769	167.299	250.948	0.5401	83.649	-55.91	
554	Spectrogram 1	1	902.671298869	903.822019268	83.649	250.948	1.1507	167.299	-49.66	
555	Spectrogram 1	1	900.252437621	900.545988743	192.394	309.503	0.2936	117.109	-53.50	
556	Spectrogram 1	1	905.148879837	906.006049114	142.204	309.503	0.8572	167.299	-50.09	
557	Spectrogram 1	1	904.831844625	905.383720735	25.095	108.744	0.5519	83.649	-52.65	
558	Spectrogram 1	1	908.154843330	908.518846721	225.854	317.868	0.3640	92.014	-53.06	
559	Spectrogram 1	1	909.012012607	909.411242133	175.664	317.868	0.3992	142.204	-50.47	
560	Spectrogram 1	1	910.972934104	911.912297696	100.379	209.124	0.9394	108.744	-48.01	
561	Spectrogram 1	1	910.972934104	911.794877247	225.854	384.788	0.8219	158.934	-58.59	
562	Spectrogram 1	1	913.556183981	914.284190764	150.569	301.138	0.7280	150.569	-50.33	
563	Spectrogram 1	1	917.243186077	918.065129220	175.664	342.963	0.8219	167.299	-56.37	
564	Spectrogram 1	1	920.319610637	921.294200363	92.014	259.313	0.9746	167.299	-48.48	
565	Spectrogram 1	1	920.965423106	921.352910587	242.583	342.963	0.3875	100.379	-53.85	
566	Spectrogram 1	1	923.325574129	923.830482060	167.299	250.948	0.5049	83.649	-57.99	
567	Spectrogram 1	1	924.805071786	925.345205851	133.839	259.313	0.5401	125.474	-52.77	
568	Spectrogram 1	1	925.932308096	926.554636475	250.948	334.598	0.6223	83.649	-53.84	
569	Spectrogram 1	1	927.987165952	928.832593184	58.555	225.854	0.8454	167.299	-47.95	
570	Spectrogram 1	1	930.335574931	930.605641963	125.474	426.612	0.2701	301.138	-50.98	
571	Spectrogram 1	1	931.227970342	931.580231689	117.109	209.124	0.3523	92.014	-52.57	
572	Spectrogram 1	1	932.989277076	933.376764558	92.014	393.153	0.3875	301.138	-49.68	
573	Spectrogram 1	1	934.668395222	935.361175870	33.460	175.664	0.6928	142.204	-50.54	
574	Spectrogram 1	1	935.196787242	935.631242903	234.219	359.693	0.4345	125.474	-58.22	
575	Spectrogram 1	1	936.558864450	936.899383751	58.555	443.342	0.3405	384.788	-51.18	
576	Spectrogram 1	1	938.942499563	939.329987044	242.583	351.328	0.3875	108.744	-56.28	
577	Spectrogram 1	1	940.457223354	940.633354027	192.394	468.437	0.1761	276.043	-52.55	
578	Spectrogram 1	1	943.369250488	943.744995924	267.678	359.693	0.3757	92.014	-57.50	
579	Spectrogram 1	1	944.672617471	944.954426548	75.285	426.612	0.2818	351.328	-52.29	
580	Spectrogram 1	1	945.852702897	946.199093222	188.211	246.766	0.3464	58.555	-51.67	
581	Spectrogram 1	1	946.199093222	947.737301103	276.043	342.963	1.5382	66.920	-56.89	
582	Spectrogram 1	1	947.842979507	948.113046539	158.934	535.357	0.2701	376.423	-50.19	
583	Spectrogram 1	1	949.839127139	950.437971428	50.190	117.109	0.5988	66.920	-47.42	
584	Spectrogram 1	1	951.342108885	951.776564546	267.678	359.693	0.4345	92.014	-55.92	
585	Spectrogram 1	1	952.481087240	952.727670182	133.839	434.977	0.2466	301.138	-51.24	
586	Spectrogram 1	1	955.381372328	955.721891630	276.043	368.058	0.3405	92.014	-59.28	
587	Spectrogram 1	1	956.661255221	956.872612030	150.569	460.072	0.2114	309.503	-54.33	
588	Spectrogram 1	1	957.694555172	959.326699412	267.678	334.598	1.6321	66.920	-57.27	
589	Spectrogram 1	1	959.890317567	960.136900510	284.408	368.058	0.2466	83.649	-56.84	
590	Spectrogram 1	1	960.266063004	960.618324350	284.408	853.225	0.3523	568.816	-52.67	un
591	Spectrogram 1	1	961.440267493	961.722076570	125.474	501.897	0.2818	376.423	-51.04	
592	Spectrogram 1	1	963.072421648	963.307262546	192.394	602.276	0.2348	409.882	-49.19	
593	Spectrogram 1	1	967.405236214	970.035454270	276.043	384.788	2.6302	108.744	-54.15	
594	Spectrogram 1	1	969.225253172	969.460094070	142.204	526.992	0.2348	384.788	-52.19	
595	Spectrogram 1	1	964.951148831	965.185989729	133.839	493.532	0.2348	359.693	-49.35	
596	Spectrogram 1	1	972.008117812	972.313410979	142.204	526.992	0.3053	384.788	-49.82	
597	Spectrogram 1	1	976.070865345	976.340932377	125.474	518.627	0.2701	393.153	-48.68	
598	Spectrogram 1	1	966.876844193	967.522656663	25.095	133.839	0.6458	108.744	-48.77	
599	Spectrogram 1	1	973.886844995	974.438721105	33.460	142.204	0.5519	108.744	-48.15	
600	Spectrogram 1	1	979.282323421	981.900799432	301.138	409.882	2.6185	108.744	-50.35	
601	Spectrogram 1	1	982.388094295	983.127843123	25.095	100.379	0.7397	75.285	-49.98	
602	Spectrogram 1	1	984.748245319	984.983086216	117.109	501.897	0.2348	384.788	-47.03	
603	Spectrogram 1	1	987.730724721	987.977307664	125.474	518.627	0.2466	393.153	-52.45	
604	Spectrogram 1	1	992.016571107	992.263154050	125.474	460.072	0.2466	334.598	-46.92	
605	Spectrogram 1	1	993.061613103	993.249485821	150.569	242.583	0.1879	92.014	-49.47	
606	Spectrogram 1	1	985.898965718	986.063354347	175.664	250.948	0.1644	75.285	-48.42	
607	Spectrogram 1	1	994.846414400	995.151707567	108.744	510.262	0.3053	401.517	-46.39	
608	Spectrogram 1	1	999.085292607	999.320133504	125.474	535.357	0.2348	409.882	-50.11	
609	Spectrogram 1	1	1004.897604829	1005.719547971	25.095	133.839	0.8219	108.744	-51.71	
610	Spectrogram 1	1	1007.656985379	1007.903568321	92.014	577.181	0.2466	485.167	-52.80	
611	Spectrogram 1	1	1008.631575105	1008.925126227	133.839	234.219	0.2936	100.379	-51.02	
612	Spectrogram 1	1	1002.009061785	1002.983651511	200.759	301.138	0.9746	100.379	-63.22	
613	Spectrogram 1	1	997.053918840	997.629279040	25.095	108.744	0.5754	83.649	-50.54	
614	Spectrogram 1	1	1005.872194555	1006.294908171	225.854	301.138	0.4227	75.285	-61.26	
615	Spectrogram 1	1	1011.109146577	1011.379213610	133.839	568.816	0.2701	434.977	-49.91	
616	Spectrogram 1	1	1014.631769088	1015.348033826	209.124	267.678	0.7163	58.555	-58.92	
617	Spectrogram 1	1	1015.782489487	1015.993846295	108.744	510.262	0.2114	401.517	-49.05	
618	Spectrogram 1	1	1016.721853079	1016.956693977	184.029	292.773	0.2348	108.744	-54.56	
619	Spectrogram 1	1	1019.739558616	1019.986141559	142.204	493.532	0.2466	351.328	-51.35	
620	Spectrogram 1	1	1021.853126697	1022.581133480	33.460	108.744	0.7280	75.285	-51.72	
621	Spectrogram 1	1	1024.412892484	1024.682959516	142.204	460.072	0.2701	317.868	-50.78	
622	Spectrogram 1	1	1025.375740165	1025.563612883	150.569	242.583	0.1879	92.014	-50.47	
623	Spectrogram 1	1	1026.021552634	1026.326845801	158.934	250.948	0.3053	92.014	-52.14	
624	Spectrogram 1	1	1027.818085503	1028.064668445	108.744	501.897	0.2466	393.153	-49.96	
625	Spectrogram 1	1	1029.227130974	1029.908169578	234.219	301.138	0.6810	66.920	-60.01	
626	Spectrogram 1	1	1032.209610377	1032.409225140	92.014	476.802	0.1996	384.788	-50.04	
627	Spectrogram 1	1	1032.972843295	1033.289878507	158.934	259.313	0.3170	100.379	-57.32	
628	Spectrogram 1	1	1033.982659156	1034.229242098	142.204	234.219	0.2466	92.014	-52.49	
629	Spectrogram 1	1	1033.536461450	1034.628471625	8.365	92.014	1.0920	83.649	-58.81	
630	Spectrogram 1	1	1036.730297661	1036.976880603	133.839	501.897	0.2466	368.058	-50.69	
631	Spectrogram 1	1	1038.209795317	1038.832123696	242.583	317.868	0.6223	75.285	-61.92	
632	Spectrogram 1	1	1043.082743948	1043.446747339	125.474	217.489	0.3640	92.014	-51.16	
633	Spectrogram 1	1	1043.716814372	1044.491789335	192.394	292.773	0.7750	100.379	-58.61	
634	Spectrogram 1	1	1045.701221229	1045.983030307	133.839	200.759	0.2818	66.920	-57.00	
635	Spectrogram 1	1	1052.300250459	1053.404002679	451.707	669.196	1.1038	217.489	-59.61	
636	Spectrogram 1	1	1048.413632995	1049.118155688	443.342	635.736	0.7045	192.394	-55.86	
637	Spectrogram 1	1	1049.763968158	1050.351070402	200.759	301.138	0.5871	100.379	-57.73	
638	Spectrogram 1	1	1052.687737336	1053.380517985	184.029	301.138	0.6928	117.109	-60.06	
639	Spectrogram 1	1	1057.959915493	1058.664438187	418.247	652.466	0.7045	234.219	-58.54	
640	Spectrogram 1	1	1057.337587114	1057.689848460	234.219	326.233	0.3523	92.014	-63.89	
641	Spectrogram 1	1	1060.895427544	1061.423819565	225.854	326.233	0.5284	100.379	-61.40	
642	Spectrogram 1	1	1060.648844602	1061.083300263	158.934	284.408	0.4345	125.474	-60.72	
643	Spectrogram 1	1	1062.163568393	1063.091189939	150.569	292.773	0.9276	142.204	-62.46	
644	Spectrogram 1	1	1068.516014680	1069.044406700	200.759	309.503	0.5284	108.744	-62.77	
645	Spectrogram 1	1	1069.819381663	1070.488678222	234.219	309.503	0.6693	75.285	-58.57	
646	Spectrogram 1	1	1073.154122413	1073.741224658	493.532	652.466	0.5871	158.934	-62.55	
647	Spectrogram 1	1	1072.203016777	1072.543536078	200.759	301.138	0.3405	100.379	-62.26	
648	Spectrogram 1	1	1074.786268017	1075.349886172	192.394	301.138	0.5636	108.744	-64.47	
649	Spectrogram 1	1	1077.393001983	1078.144492856	451.707	711.020	0.7515	259.313	-61.72	
650	Spectrogram 1	1	1079.670958692	1079.823605276	100.379	259.313	0.1526	158.934	-48.92	un
651	Spectrogram 1	1	1080.492901835	1081.291360888	167.299	284.408	0.7985	117.109	-61.27	
652	Spectrogram 1	1	1083.369702834	1083.780674405	209.124	301.138	0.4110	92.014	-61.20	
653	Spectrogram 1	1	1087.350256052	1087.984326477	250.948	326.233	0.6341	75.285	-64.69	
654	Spectrogram 1	1	1089.076336652	1089.780859345	175.664	292.773	0.7045	117.109	-61.86	
655	Spectrogram 1	1	1094.465937064	1094.794714321	234.219	309.503	0.3288	75.285	-60.98	
656	Spectrogram 1	1	1100.383927690	1102.074782154	468.437	660.831	1.6909	192.394	-62.45	
657	Spectrogram 1	1	1103.389891182	1104.164866145	543.722	644.101	0.7750	100.379	-60.20	
658	Spectrogram 1	1	1104.681516120	1105.339070634	225.854	326.233	0.6576	100.379	-63.52	
659	Spectrogram 1	1	1105.703074026	1105.984883104	242.583	317.868	0.2818	75.285	-62.65	
660	Spectrogram 1	1	1114.826643562	1115.636844660	217.489	309.503	0.8102	92.014	-63.54	
661	Spectrogram 1	1	1121.942322767	1122.717297730	175.664	259.313	0.7750	83.649	-61.95	
662	Spectrogram 1	1	1122.869944314	1123.562724963	142.204	225.854	0.6928	83.649	-60.33	
663	Spectrogram 1	1	1107.945805255	1108.756006353	460.072	593.911	0.8102	133.839	-63.86	
664	Spectrogram 1	1	1117.938285459	1119.018553589	485.167	685.926	1.0803	200.759	-63.73	
665	Spectrogram 1	1	1116.916727553	1117.409893439	100.379	184.029	0.4932	83.649	-63.74	
666	Spectrogram 1	1	1123.821051594	1124.220281120	217.489	292.773	0.3992	75.285	-63.25	
667	Spectrogram 1	1	1124.067634536	1125.100934487	66.920	167.299	1.0333	100.379	-63.75	
668	Spectrogram 1	1	1133.649143169	1134.377149952	108.744	192.394	0.7280	83.649	-64.65	
669	Spectrogram 1	1	1132.592359129	1133.296881822	217.489	317.868	0.7045	100.379	-64.79	
670	Spectrogram 1	1	1138.604286114	1139.203130404	250.948	342.963	0.5988	92.014	-63.31	
671	Spectrogram 1	1	1126.134234438	1126.756562817	526.992	635.736	0.6223	108.744	-62.04	
672	Spectrogram 1	1	1131.535575088	1132.451454590	493.532	635.736	0.9159	142.204	-62.94	
673	Spectrogram 1	1	1125.335775385	1126.052040123	468.437	619.006	0.7163	150.569	-60.56	
674	Spectrogram 1	1	1135.821421474	1136.396781674	526.992	752.845	0.5754	225.854	-60.79	
675	Spectrogram 1	1	1139.602359930	1140.083783770	543.722	652.466	0.4814	108.744	-63.71	
676	Spectrogram 1	1	1142.555486434	1143.436139801	108.744	192.394	0.8807	83.649	-60.30	
677	Spectrogram 1	1	1145.379448231	1146.553652720	543.722	786.305	1.1742	242.583	-59.50	
678	Spectrogram 1	1	1152.882614917	1153.504943297	426.612	660.831	0.6223	234.219	-53.50	
679	Spectrogram 1	1	1155.959030679	1156.687037463	560.451	878.319	0.7280	317.868	-62.08	
680	Spectrogram 1	1	1152.729968334	1153.681073970	108.744	192.394	0.9511	83.649	-58.60	
681	Spectrogram 1	1	1147.751341299	1148.937287833	485.167	669.196	1.1859	184.029	-60.35	
682	Spectrogram 1	1	1141.246248428	1141.821608628	652.466	869.954	0.5754	217.489	-65.05	
683	Spectrogram 1	1	1151.767120652	1152.119381999	125.474	234.219	0.3523	108.744	-56.71	
684	Spectrogram 1	1	1153.681073970	1154.385596664	242.583	317.868	0.7045	75.285	-62.58	
685	Spectrogram 1	1	1156.428714093	1157.262399281	117.109	292.773	0.8337	175.664	-58.74	
686	Spectrogram 1	1	1162.538445720	1163.865296793	535.357	811.400	1.3269	276.043	-54.75	
687	Spectrogram 1	1	1168.010238640	1168.773471558	476.802	719.385	0.7632	242.583	-59.50	
688	Spectrogram 1	1	1164.252784274	1164.558077441	167.299	309.503	0.3053	142.204	-48.03	
689	Spectrogram 1	1	1165.027759237	1165.720539886	510.262	719.385	0.6928	209.124	-65.50	
690	Spectrogram 1	1	1165.861444425	1166.448546669	234.219	292.773	0.5871	58.555	-61.13	
691	Spectrogram 1	1	1171.204074851	1171.767693006	175.664	292.773	0.5636	117.109	-64.94	
692	Spectrogram 1	1	1162.949417129	1163.712650047	242.583	393.153	0.7632	150.569	-62.40	
693	Spectrogram 1	1	1179.446994580	1180.574230890	501.897	744.480	1.1272	242.583	-59.68	
694	Spectrogram 1	1	1181.431400167	1182.441216028	644.101	803.035	1.0098	158.934	-61.25	
695	Spectrogram 1	1	1177.415620814	1178.026207148	619.006	744.480	0.6106	125.474	-62.48	
696	Spectrogram 1	1	1176.711098120	1177.157295826	468.437	543.722	0.4462	75.285	-63.60	
697	Spectrogram 1	1	1181.830629693	1182.370763759	184.029	267.678	0.5401	83.649	-57.68	
698	Spectrogram 1	1	1183.239675081	1183.850261415	602.276	727.750	0.6106	125.474	-63.67	
699	Spectrogram 1	1	1184.472589794	1185.505889745	192.394	313.686	1.0333	121.292	-60.20	
700	Spectrogram 1	1	1188.558821417	1189.239860021	1204.552	1363.486	0.6810	158.934	-65.49	
701	Spectrogram 1	1	1191.447365964	1192.598086364	150.569	259.313	1.1507	108.744	-62.98	
702	Spectrogram 1	1	1194.101068110	1194.981721477	209.124	376.423	0.8807	167.299	-62.95	
703	Spectrogram 1	1	1194.711654445	1195.686244171	443.342	526.992	0.9746	83.649	-63.99	
704	Spectrogram 1	1	1193.102994294	1193.737064719	585.546	677.561	0.6341	92.014	-63.31	
705	Spectrogram 1	1	1198.880080382	1199.760733749	1187.822	1572.610	0.8807	384.788	-59.67	
706	Spectrogram 1	1	1202.203079086	1203.447735845	1229.647	1865.383	1.2447	635.736	-60.89	
707	Spectrogram 1	1	1198.445624721	1199.232341729	326.233	493.532	0.7867	167.299	-54.61	
708	Spectrogram 1	1	1197.388840680	1198.069879284	401.517	543.722	0.6810	142.204	-62.92	
709	Spectrogram 1	1	1204.046580135	1204.422325571	234.219	326.233	0.3757	92.014	-66.00	
710	Spectrogram 1	1	1204.516261930	1204.762844873	200.759	326.233	0.2466	125.474	-66.29	
