Selection	View	Channel	Begin Time (s)	End Time (s)	Low Freq (Hz)	High Freq (Hz)	Delta Time (s)	Delta Freq (Hz)	Avg Power Density (dB FS/Hz)	Annotation
1	Spectrogram 1	1	43.689221838	45.304792463	191.219	330.956	1.6156	139.737	-91.11	
2	Spectrogram 1	1	44.244574240	45.023510077	669.267	786.940	0.7789	117.673	-98.34	
3	Spectrogram 1	1	43.689221838	44.424883462	110.319	176.510	0.7357	66.191	-93.08	
4	Spectrogram 1	1	45.492314054	46.350585948	147.092	360.374	0.8583	213.282	-79.01	
5	Spectrogram 1	1	45.679835644	47.980581312	338.311	669.267	2.3007	330.956	-90.60	
6	Spectrogram 1	1	48.225801853	48.867702682	176.510	375.083	0.6419	198.573	-93.49	
7	Spectrogram 1	1	49.177673802	50.043158065	198.574	353.020	0.8655	154.446	-79.77	
8	Spectrogram 1	1	49.148824326	51.334172092	316.247	544.239	2.1853	227.992	-90.45	
9	Spectrogram 1	1	51.283685510	52.906468504	102.964	330.956	1.6228	227.992	-87.20	
10	Spectrogram 1	1	54.093202636	55.030810588	176.510	353.020	0.9376	176.510	-77.05	
11	Spectrogram 1	1	58.529304414	60.173724515	654.557	904.613	1.6444	250.056	-103.54	
12	Spectrogram 1	1	57.671032519	59.899654498	308.892	470.693	2.2286	161.801	-86.27	
13	Spectrogram 1	1	57.699881995	58.457180726	213.283	338.311	0.7573	125.028	-81.12	
14	Spectrogram 1	1	58.788949693	60.260272942	80.900	227.992	1.4713	147.092	-97.65	
15	Spectrogram 1	1	54.581208949	54.862491334	323.601	514.820	0.2813	191.219	-90.58	
16	Spectrogram 1	1	56.811508302	57.626505983	227.992	360.374	0.8150	132.382	-97.34	
17	Spectrogram 1	1	60.193276341	61.549201687	95.610	308.892	1.3559	213.282	-85.01	
18	Spectrogram 1	1	61.210220351	64.001407101	161.801	514.820	2.7912	353.019	-83.68	
19	Spectrogram 1	1	61.564450221	63.562276396	573.657	809.004	1.9978	235.347	-100.09	
20	Spectrogram 1	1	63.944531946	65.437492301	139.737	338.311	1.4930	198.574	-94.23	
21	Spectrogram 1	1	64.225814332	65.177847022	360.374	779.585	0.9520	419.211	-100.02	
22	Spectrogram 1	1	65.643104771	66.523013772	286.829	426.566	0.8799	139.737	-93.52	
23	Spectrogram 1	1	66.414828239	66.768234313	323.601	588.366	0.3534	264.765	-86.58	
24	Spectrogram 1	1	66.479739559	67.366860929	139.737	360.374	0.8871	220.637	-78.59	
25	Spectrogram 1	1	67.482258831	68.823759440	235.346	375.083	1.3415	139.737	-93.05	
26	Spectrogram 1	1	68.455928628	69.032918137	558.948	1162.023	0.5770	603.075	-101.74	
27	Spectrogram 1	1	68.525585916	70.458500772	80.900	308.892	1.9329	227.992	-84.98	
28	Spectrogram 1	1	69.419919656	70.458500772	220.637	404.502	1.0386	183.865	-83.81	
29	Spectrogram 1	1	70.992216068	73.660792547	573.657	926.677	2.6686	353.020	-95.02	
30	Spectrogram 1	1	71.706240585	72.535663005	213.283	382.438	0.8294	169.155	-78.02	
31	Spectrogram 1	1	72.602005155	73.344879148	198.574	338.311	0.7429	139.737	-90.18	
32	Spectrogram 1	1	72.804391902	75.126774676	272.119	455.984	2.3224	183.865	-92.71	
33	Spectrogram 1	1	75.148411783	76.114869210	205.928	367.729	0.9665	161.801	-78.20	
34	Spectrogram 1	1	75.299871529	75.833586825	110.319	220.637	0.5337	110.318	-94.33	
35	Spectrogram 1	1	74.809289591	75.076147239	919.322	1066.414	0.2669	147.092	-95.07	
36	Spectrogram 1	1	74.088052704	74.628980369	919.322	1184.087	0.5409	264.765	-100.20	
37	Spectrogram 1	1	74.614555631	75.544951215	669.267	1294.406	0.9304	625.139	-100.07	
38	Spectrogram 1	1	77.095610521	77.701449505	772.231	860.486	0.6058	88.255	-97.76	
39	Spectrogram 1	1	77.600476341	77.946670047	911.968	1206.151	0.3462	294.183	-94.93	
40	Spectrogram 1	1	76.417647847	77.254282636	220.637	338.311	0.8366	117.674	-93.16	
41	Spectrogram 1	1	77.160521840	77.852909251	272.119	404.502	0.6924	132.383	-90.15	
42	Spectrogram 1	1	77.650962923	80.483312678	88.255	279.474	2.8323	191.219	-87.77	
43	Spectrogram 1	1	78.285651383	79.475692246	205.928	360.374	1.1900	154.446	-82.38	
44	Spectrogram 1	1	80.348388878	80.809980485	595.721	728.103	0.4616	132.382	-90.76	
45	Spectrogram 1	1	80.947015494	82.663559283	176.510	389.793	1.7165	213.283	-80.85	
46	Spectrogram 1	1	82.843868505	83.312672481	639.848	764.876	0.4688	125.028	-96.20	
47	Spectrogram 1	1	83.485769334	83.817538302	1323.824	1463.561	0.3318	139.737	-90.36	
48	Spectrogram 1	1	81.506381306	81.975185282	411.856	698.685	0.4688	286.829	-101.30	
49	Spectrogram 1	1	83.890555126	84.460332267	345.665	441.275	0.5698	95.610	-100.86	
50	Spectrogram 1	1	84.561305431	86.364397647	330.956	536.884	1.8031	205.928	-91.35	
51	Spectrogram 1	1	84.626216750	86.342760540	941.386	1338.533	1.7165	397.147	-101.28	
52	Spectrogram 1	1	84.792101234	86.205725532	1412.079	1765.099	1.4136	353.020	-109.90	
53	Spectrogram 1	1	84.813738341	86.104752368	154.446	360.374	1.2910	205.928	-79.57	
54	Spectrogram 1	1	87.684261149	89.025761757	978.159	1706.262	1.3415	728.103	-102.38	
55	Spectrogram 1	1	86.410939798	86.605673757	1713.617	1934.254	0.1947	220.637	-102.36	
56	Spectrogram 1	1	87.124964315	89.461771827	95.610	294.183	2.3368	198.573	-86.39	
57	Spectrogram 1	1	88.040935161	89.613231573	227.992	433.920	1.5723	205.928	-85.97	
58	Spectrogram 1	1	89.287697575	89.850262347	1625.362	1831.290	0.5626	205.928	-110.08	
59	Spectrogram 1	1	90.982604258	91.934636948	147.092	382.438	0.9520	235.346	-78.33	
60	Spectrogram 1	1	92.071671957	93.643968369	213.283	345.665	1.5723	132.382	-84.40	
62	Spectrogram 1	1	77.172835369	77.583940395	1603.298	1676.844	0.4111	73.546	-102.04	
63	Spectrogram 1	1	85.457684130	87.022768174	272.119	816.358	1.5651	544.239	-96.06	
64	Spectrogram 1	1	91.710242529	92.229533088	1103.187	2912.413	0.5193	1809.226	-105.13	un
65	Spectrogram 1	1	89.752810008	90.675993222	367.729	911.968	0.9232	544.239	-104.00	
66	Spectrogram 1	1	93.785400724	95.876987695	411.856	779.585	2.0916	367.729	-94.61	
67	Spectrogram 1	1	94.658097357	95.566855834	154.446	353.020	0.9088	198.574	-76.89	
68	Spectrogram 1	1	96.172694818	97.117515139	301.538	382.438	0.9448	80.900	-89.75	
69	Spectrogram 1	1	95.797651637	96.901144073	227.992	353.020	1.1035	125.028	-83.19	
70	Spectrogram 1	1	98.307081345	99.533184052	411.856	735.458	1.2261	323.602	-93.26	
71	Spectrogram 1	1	97.758941311	99.302388248	257.410	426.566	1.5434	169.156	-83.04	
72	Spectrogram 1	1	97.297349704	99.086017182	73.546	308.892	1.7887	235.346	-83.76	
73	Spectrogram 1	1	99.367299568	100.312119889	213.283	375.083	0.9448	161.800	-84.01	
74	Spectrogram 1	1	99.547608789	100.045262241	1213.505	1323.824	0.4977	110.319	-103.50	
75	Spectrogram 1	1	100.622251750	101.754593662	169.155	397.147	1.1323	227.992	-76.57	
76	Spectrogram 1	1	102.606486458	103.205113074	529.530	934.031	0.5986	404.501	-94.14	
77	Spectrogram 1	1	102.729096729	103.637855206	235.346	323.601	0.9088	88.255	-82.03	
78	Spectrogram 1	1	104.654799216	105.419310315	169.155	375.083	0.7645	205.928	-81.82	
79	Spectrogram 1	1	106.147759571	106.998819096	227.992	345.665	0.8511	117.673	-82.21	
80	Spectrogram 1	1	106.378555374	107.763330196	382.438	478.048	1.3848	95.610	-72.41	
81	Spectrogram 1	1	105.707805070	106.768023293	595.721	750.167	1.0602	154.446	-99.00	
82	Spectrogram 1	1	106.522802751	107.013243834	1242.924	1382.661	0.4904	139.737	-104.26	
83	Spectrogram 1	1	106.068423513	106.905058301	831.067	1000.223	0.8366	169.156	-100.23	
84	Spectrogram 1	1	107.836713476	108.738259584	235.346	360.374	0.9015	125.028	-84.68	
85	Spectrogram 1	1	149.860017640	150.422582411	154.446	330.956	0.5626	176.510	-50.64	
86	Spectrogram 1	1	151.028421396	152.550231226	183.864	367.729	1.5218	183.865	-44.91	
87	Spectrogram 1	1	153.177707317	154.035979212	147.092	360.374	0.8583	213.282	-47.75	
88	Spectrogram 1	1	163.002226501	163.651339699	154.446	345.665	0.6491	191.219	-46.26	
89	Spectrogram 1	1	164.430275536	165.274122693	205.928	360.374	0.8438	154.446	-52.11	
90	Spectrogram 1	1	161.317176041	162.572128223	198.574	345.665	1.2550	147.091	-51.36	
91	Spectrogram 1	1	159.196739595	160.278594925	139.737	338.311	1.0819	198.574	-41.36	
92	Spectrogram 1	1	167.385500679	167.976914926	147.092	338.311	0.5914	191.219	-57.80	
93	Spectrogram 1	1	168.532267328	169.462662912	147.092	345.665	0.9304	198.573	-48.59	
94	Spectrogram 1	1	165.957451644	166.556078260	1353.242	1434.143	0.5986	80.901	-73.08	
95	Spectrogram 1	1	168.607601763	169.465873658	1375.306	1485.625	0.8583	110.319	-80.36	
96	Spectrogram 1	1	170.490030036	171.211266923	544.239	882.549	0.7212	338.310	-64.79	
97	Spectrogram 1	1	171.218479292	171.925291440	154.446	308.892	0.7068	154.446	-53.20	
98	Spectrogram 1	1	172.235423301	172.999934401	117.673	316.247	0.7645	198.574	-48.96	
99	Spectrogram 1	1	169.898700294	170.425203221	801.649	897.258	0.5265	95.609	-70.96	
100	Spectrogram 1	1	171.220756749	171.812170996	485.402	919.322	0.5914	433.920	-72.35	
101	Spectrogram 1	1	40.608273394	40.970184376	220.637	323.601	0.3619	102.964	-95.43	
103	Spectrogram 1	1	171.972252827	172.218352295	102.964	500.111	0.2461	397.147	-59.66	
104	Spectrogram 1	1	172.905983162	174.563535461	147.092	367.729	1.6576	220.637	-58.91	
105	Spectrogram 1	1	173.716663762	174.773443831	573.657	1294.406	1.0568	720.749	-68.66	
106	Spectrogram 1	1	173.571899369	173.817998837	750.167	860.486	0.2461	110.319	-66.83	
107	Spectrogram 1	1	174.672108756	176.090799807	51.482	220.637	1.4187	169.155	-55.32	
108	Spectrogram 1	1	176.112514466	176.329661055	235.346	514.820	0.2171	279.474	-58.97	
109	Spectrogram 1	1	176.184896662	176.380328593	603.075	882.549	0.1954	279.474	-68.34	
110	Spectrogram 1	1	175.316258052	176.097985774	404.502	661.912	0.7817	257.410	-73.23	
111	Spectrogram 1	1	176.357897571	177.530489154	161.801	411.856	1.1726	250.055	-57.70	
112	Spectrogram 1	1	177.530489154	178.428028390	169.155	338.311	0.8975	169.156	-48.48	
113	Spectrogram 1	1	176.763237871	177.400201200	411.856	536.884	0.6370	125.028	-66.39	
114	Spectrogram 1	1	176.813905409	178.022688090	801.649	1007.577	1.2088	205.928	-74.19	
115	Spectrogram 1	1	176.423788120	176.684364027	1551.816	1698.907	0.2606	147.091	-73.03	
116	Spectrogram 1	1	176.771222663	177.277898038	1338.533	1537.107	0.5067	198.574	-77.78	
117	Spectrogram 1	1	178.407022502	179.058462270	485.402	882.549	0.6514	397.147	-70.29	
119	Spectrogram 1	1	179.563427939	179.925338922	227.992	1095.832	0.3619	867.840	-65.66	
120	Spectrogram 1	1	178.842914881	179.183111204	1081.123	1743.035	0.3402	661.912	-72.40	
121	Spectrogram 1	1	180.691671333	181.212823147	360.374	463.338	0.5212	102.964	-67.32	
122	Spectrogram 1	1	181.082535194	181.936645112	154.446	338.311	0.8541	183.865	-50.00	
123	Spectrogram 1	1	184.108111007	184.361448694	250.056	566.302	0.2533	316.246	-59.62	
124	Spectrogram 1	1	184.420432242	185.954934808	191.219	367.729	1.5345	176.510	-56.75	
125	Spectrogram 1	1	183.892042208	185.752264658	88.255	220.637	1.8602	132.382	-55.55	
126	Spectrogram 1	1	186.541230599	187.590772448	161.801	345.665	1.0495	183.864	-48.59	
127	Spectrogram 1	1	188.045580573	188.870737613	161.801	330.956	0.8252	169.155	-58.93	
128	Spectrogram 1	1	188.943119810	189.464271625	183.864	338.311	0.5212	154.447	-62.15	
129	Spectrogram 1	1	187.676431371	189.674179994	353.020	492.757	1.9977	139.737	-66.00	
130	Spectrogram 1	1	190.405240179	191.411352710	117.673	330.956	1.0061	213.283	-50.34	
131	Spectrogram 1	1	189.623326673	190.115525609	404.502	823.713	0.4922	419.211	-72.41	
132	Spectrogram 1	1	191.015173654	191.623184105	588.366	941.386	0.6080	353.020	-66.99	
133	Spectrogram 1	1	191.550801908	191.934427550	1066.414	1367.951	0.3836	301.537	-62.85	
134	Spectrogram 1	1	192.969492959	194.098655224	95.610	213.283	1.1292	117.673	-54.31	
135	Spectrogram 1	1	194.525710184	195.177149952	639.848	889.904	0.6514	250.056	-65.16	
136	Spectrogram 1	1	194.844191848	195.625919570	1014.932	1287.051	0.7817	272.119	-65.83	
137	Spectrogram 1	1	194.865848340	195.126424247	213.283	544.239	0.2606	330.956	-61.13	
138	Spectrogram 1	1	195.343570836	195.792340455	191.219	316.247	0.4488	125.028	-53.23	
139	Spectrogram 1	1	195.857484431	196.595782836	161.801	323.601	0.7383	161.800	-47.33	
140	Spectrogram 1	1	196.443780223	197.413701656	169.155	323.601	0.9699	154.446	-55.47	
141	Spectrogram 1	1	197.968000962	198.756966904	345.665	455.984	0.7890	110.319	-64.21	
142	Spectrogram 1	1	199.364977354	199.893367388	1059.059	1515.043	0.5284	455.984	-65.19	
143	Spectrogram 1	1	199.126116106	199.516979967	573.657	875.195	0.3909	301.538	-71.75	
144	Spectrogram 1	1	199.444597770	200.197372614	147.092	323.601	0.7528	176.509	-47.16	
145	Spectrogram 1	1	199.799270533	200.544807157	183.864	338.311	0.7455	154.447	-49.15	
146	Spectrogram 1	1	199.878890949	200.088799319	786.940	853.131	0.2099	66.191	-60.20	
147	Spectrogram 1	1	202.140842583	203.718774466	235.346	433.920	1.5779	198.574	-58.79	
148	Spectrogram 1	1	201.692072964	203.378578143	88.255	205.928	1.6865	117.673	-55.27	
149	Spectrogram 1	1	203.805633102	204.377452454	220.637	338.311	0.5718	117.674	-58.01	
150	Spectrogram 1	1	204.514978627	205.094036199	198.574	330.956	0.5791	132.382	-52.01	
151	Spectrogram 1	1	205.130227297	205.781667066	154.446	375.083	0.6514	220.637	-49.73	
152	Spectrogram 1	1	200.062580228	200.366585454	1206.151	1316.469	0.3040	110.318	-72.16	
153	Spectrogram 1	1	203.340290613	203.535722543	220.637	404.502	0.1954	183.865	-54.46	
154	Spectrogram 1	1	206.520093961	208.373078191	191.219	404.502	1.8530	213.283	-60.08	
155	Spectrogram 1	1	206.939910700	207.750591301	73.546	198.574	0.8107	125.028	-63.95	
156	Spectrogram 1	1	207.345251001	207.475538954	286.829	463.338	0.1303	176.509	-56.87	
157	Spectrogram 1	1	207.851926376	208.061834746	198.574	551.593	0.2099	353.019	-58.47	
158	Spectrogram 1	1	208.510604364	209.227188109	183.864	323.601	0.7166	139.737	-50.62	
159	Spectrogram 1	1	209.972724733	210.711023137	1088.477	1397.370	0.7383	308.893	-62.75	
160	Spectrogram 1	1	210.192484866	211.784893189	191.219	411.856	1.5924	220.637	-55.52	
161	Spectrogram 1	1	211.082785883	212.400141859	80.900	220.637	1.3174	139.737	-53.81	
162	Spectrogram 1	1	210.626778045	210.945259709	750.167	823.713	0.3185	73.546	-64.77	
163	Spectrogram 1	1	213.114329981	214.142157171	1022.286	1404.724	1.0278	382.438	-62.20	
164	Spectrogram 1	1	214.004630998	214.902170234	205.928	345.665	0.8975	139.737	-51.55	
165	Spectrogram 1	1	213.317000131	214.120442512	154.446	338.311	0.8034	183.865	-48.91	
166	Spectrogram 1	1	213.642720015	214.424447737	492.757	735.458	0.7817	242.701	-70.56	
167	Spectrogram 1	1	215.697206114	215.911462739	235.346	500.111	0.2143	264.765	-61.08	
168	Spectrogram 1	1	215.028399942	215.585742855	220.637	360.374	0.5573	139.737	-61.51	
169	Spectrogram 1	1	215.136973236	215.831842323	73.546	191.219	0.6949	117.673	-59.09	
170	Spectrogram 1	1	216.953766368	217.677588333	176.510	345.665	0.7238	169.155	-51.74	
171	Spectrogram 1	1	217.778923408	218.415886737	581.012	1426.788	0.6370	845.776	-66.33	
172	Spectrogram 1	1	217.619682576	218.415886737	227.992	411.856	0.7962	183.864	-55.21	
173	Spectrogram 1	1	218.536971347	218.746879717	213.283	536.884	0.2099	323.601	-60.62	
174	Spectrogram 1	1	218.840976572	219.832612664	183.864	338.311	0.9916	154.447	-58.00	
175	Spectrogram 1	1	219.926709519	220.498528872	191.219	294.183	0.5718	102.964	-58.11	
176	Spectrogram 1	1	219.760230468	220.824248756	58.837	205.928	1.0640	147.091	-54.77	
177	Spectrogram 1	1	220.932822051	221.330924131	147.092	220.637	0.3981	73.545	-61.38	
178	Spectrogram 1	1	220.708437242	222.004078559	198.574	389.793	1.2956	191.219	-56.25	
179	Spectrogram 1	1	221.736264432	222.662756547	169.155	360.374	0.9265	191.219	-50.21	
180	Spectrogram 1	1	222.293607344	223.813633471	161.801	397.147	1.5200	235.346	-55.62	
181	Spectrogram 1	1	220.845741904	221.156985349	1926.745	2272.411	0.3112	345.666	-68.07	d
182	Spectrogram 1	1	222.897466771	223.317283511	2028.184	2444.222	0.4198	416.038	-70.84	d
183	Spectrogram 1	1	224.639189112	225.182055585	1466.533	2485.825	0.5429	1019.292	-75.87	d
184	Spectrogram 1	1	225.688730961	226.470458683	1976.179	2267.406	0.7817	291.227	-71.64	d
185	Spectrogram 1	1	227.850270041	228.472756931	1924.175	2371.415	0.6225	447.240	-70.34	d
186	Spectrogram 1	1	230.377649385	230.877086541	1854.551	2428.208	0.4994	573.657	-70.85	d
187	Spectrogram 1	1	232.793146496	233.755829710	1841.850	2900.909	0.9627	1059.059	-70.45	
188	Spectrogram 1	1	232.822099375	233.965738079	929.883	1797.723	1.1436	867.840	-67.02	
189	Spectrogram 1	1	235.312046934	235.811484090	959.301	1076.974	0.4994	117.673	-78.28	
190	Spectrogram 1	1	236.050345338	236.918931696	1091.683	1591.795	0.8686	500.112	-69.09	
192	Spectrogram 1	1	237.852972523	238.699844222	1150.520	1635.922	0.8469	485.402	-68.75	
194	Spectrogram 1	1	241.665446027	242.056309888	988.719	1341.739	0.3909	353.020	-63.45	
195	Spectrogram 1	1	241.962213032	242.208312500	1032.847	1312.321	0.2461	279.474	-69.59	
196	Spectrogram 1	1	241.882592616	242.382029772	1694.759	2459.635	0.4994	764.876	-73.40	
197	Spectrogram 1	1	241.643731368	241.976689472	1974.233	2489.053	0.3330	514.820	-70.44	
198	Spectrogram 1	1	246.493338532	246.739438000	1959.524	2636.145	0.2461	676.621	-72.48	
199	Spectrogram 1	1	248.554162820	249.075314635	1900.687	2812.655	0.5212	911.968	-75.22	
200	Spectrogram 1	1	248.836453386	249.415510958	1562.376	2121.324	0.5791	558.948	-74.04	
201	Spectrogram 1	1	248.604830358	249.234555467	915.174	1444.703	0.6297	529.529	-67.47	
202	Spectrogram 1	1	251.109254356	252.129843326	1209.357	1650.631	1.0206	441.274	-68.10	
203	Spectrogram 1	1	253.824827411	254.056450440	1194.647	1385.866	0.2316	191.219	-67.08	
204	Spectrogram 1	1	253.832065631	254.114356197	1694.759	2489.053	0.2823	794.294	-71.30	un
205	Spectrogram 1	1	259.306020715	260.174607073	900.464	1429.994	0.8686	529.530	-63.80	
206	Spectrogram 1	1	259.407355790	260.008128021	2003.651	2650.854	0.6008	647.203	-70.40	
207	Spectrogram 1	1	261.786661803	262.973729826	856.337	1488.831	1.1871	632.494	-74.14	
208	Spectrogram 1	1	262.778297895	262.952015167	297.389	650.409	0.1737	353.020	-60.45	
209	Spectrogram 1	1	263.885745501	264.291085802	2150.743	2489.053	0.4053	338.310	-68.21	
210	Spectrogram 1	1	264.254894703	264.689187882	1635.922	2474.344	0.4343	838.422	-71.91	
211	Spectrogram 1	1	263.849554403	264.464803073	1003.428	1429.994	0.6152	426.566	-67.41	
212	Spectrogram 1	1	270.030166418	270.326933424	1900.687	2606.726	0.2968	706.039	-71.42	d
213	Spectrogram 1	1	272.831357422	273.670990901	900.464	1547.667	0.8396	647.203	-68.28	
214	Spectrogram 1	1	273.461082532	273.786802416	1930.105	2371.380	0.3257	441.275	-76.03	
215	Spectrogram 1	1	276.187823088	277.164982740	679.827	1577.085	0.9772	897.258	-71.03	
216	Spectrogram 1	1	279.373880420	279.808173599	1900.687	2606.726	0.4343	706.039	-69.98	d
217	Spectrogram 1	1	224.395021574	225.459039862	197.618	426.439	1.0640	228.821	-57.89	
218	Spectrogram 1	1	225.451801642	226.103241411	156.014	353.632	0.6514	197.618	-52.57	
219	Spectrogram 1	1	226.407246636	227.131068601	218.420	374.434	0.7238	156.014	-60.32	
220	Spectrogram 1	1	226.270073592	226.465505522	603.255	852.877	0.1954	249.622	-70.61	
221	Spectrogram 1	1	226.646461014	226.812940066	426.439	769.670	0.1665	343.231	-69.44	
222	Spectrogram 1	1	228.710315290	229.506519451	218.420	384.835	0.7962	166.415	-57.21	
223	Spectrogram 1	1	228.109543059	229.130132030	52.005	228.821	1.0206	176.816	-53.87	
224	Spectrogram 1	1	229.434137255	230.165197439	156.014	343.231	0.7311	187.217	-58.25	
225	Spectrogram 1	1	229.484804793	230.027671266	665.660	925.684	0.5429	260.024	-73.34	
226	Spectrogram 1	1	230.046279584	230.386475908	1029.693	1133.703	0.3402	104.010	-77.12	
227	Spectrogram 1	1	230.610860717	230.994486358	1518.538	1653.750	0.3836	135.212	-77.68	
228	Spectrogram 1	1	231.718308323	232.051266427	1102.500	1175.307	0.3330	72.807	-76.33	
229	Spectrogram 1	1	230.379237688	230.799054428	156.014	280.825	0.4198	124.811	-55.98	
230	Spectrogram 1	1	230.560193179	231.399826659	156.014	353.632	0.8396	197.618	-50.01	
231	Spectrogram 1	1	231.522876393	232.673753317	93.608	322.429	1.1509	228.821	-62.13	
232	Spectrogram 1	1	232.767850172	233.976632853	145.613	374.434	1.2088	228.821	-58.29	
234	Spectrogram 1	1	233.716056946	233.889774218	135.212	707.264	0.1737	572.052	-61.06	
235	Spectrogram 1	1	233.969394634	234.613596182	208.019	332.830	0.6442	124.811	-48.81	
236	Spectrogram 1	1	235.017730526	235.350688630	374.434	790.472	0.3330	416.038	-64.38	
237	Spectrogram 1	1	234.663057764	236.183083890	114.410	364.033	1.5200	249.623	-60.93	
238	Spectrogram 1	1	236.407468699	237.724824675	72.807	280.825	1.3174	208.018	-57.00	
239	Spectrogram 1	1	238.743454436	239.293559130	197.618	343.231	0.5501	145.613	-53.07	
240	Spectrogram 1	1	239.257368031	239.908807800	135.212	343.231	0.6514	208.019	-49.42	
241	Spectrogram 1	1	239.995666436	241.095875822	145.613	353.632	1.1002	208.019	-59.11	
242	Spectrogram 1	1	239.133663178	239.256712912	332.830	592.854	0.1230	260.024	-61.13	
243	Spectrogram 1	1	241.467371741	241.822044503	114.410	228.821	0.3547	114.411	-60.77	
244	Spectrogram 1	1	243.414452826	244.840382097	176.816	624.057	1.4259	447.241	-58.09	
245	Spectrogram 1	1	242.951206768	243.544740780	145.613	374.434	0.5935	228.821	-48.93	
246	Spectrogram 1	1	242.444531393	243.153876919	145.613	249.623	0.7093	104.010	-56.47	
247	Spectrogram 1	1	245.377869985	246.355029637	176.816	332.830	0.9772	156.014	-54.81	
248	Spectrogram 1	1	246.210265244	247.006469406	83.208	187.217	0.7962	104.009	-53.48	
249	Spectrogram 1	1	247.086089822	247.324951070	218.420	530.448	0.2389	312.028	-58.46	
250	Spectrogram 1	1	247.107804481	247.368380388	572.052	904.882	0.2606	332.830	-67.33	
251	Spectrogram 1	1	247.809911786	248.113917012	239.222	395.236	0.3040	156.014	-62.52	
252	Spectrogram 1	1	249.156220641	249.829375068	176.816	457.642	0.6732	280.826	-54.68	
253	Spectrogram 1	1	248.526495532	249.351652572	166.415	364.033	0.8252	197.618	-50.02	
254	Spectrogram 1	1	250.669008547	250.849964039	187.217	551.250	0.1810	364.033	-57.79	
255	Spectrogram 1	1	250.881918096	251.945936385	187.217	374.434	1.0640	187.217	-60.57	
256	Spectrogram 1	1	251.866315969	252.575661494	93.608	353.632	0.7093	260.024	-52.50	
257	Spectrogram 1	1	252.619090812	253.451486072	72.807	260.024	0.8324	187.217	-60.75	
258	Spectrogram 1	1	255.395055106	255.539819499	312.028	551.250	0.1448	239.222	-58.68	
259	Spectrogram 1	1	254.577136286	256.111638851	156.014	343.231	1.5345	187.217	-54.41	
260	Spectrogram 1	1	254.244178182	255.510866621	62.406	260.024	1.2667	197.618	-54.34	
261	Spectrogram 1	1	257.052607406	257.870526226	93.608	353.632	0.8179	260.024	-50.51	
262	Spectrogram 1	1	256.544778655	256.827069221	1996.981	2693.844	0.2823	696.863	-69.82	d
263	Spectrogram 1	1	258.946667865	259.931065738	145.613	384.835	0.9844	239.222	-55.80	
264	Spectrogram 1	1	260.857557853	261.523474060	166.415	343.231	0.6659	176.816	-50.11	
265	Spectrogram 1	1	261.436615424	261.574141598	790.472	1092.099	0.1375	301.627	-67.64	
266	Spectrogram 1	1	261.888004173	262.539443941	228.821	405.637	0.6514	176.816	-61.43	
267	Spectrogram 1	1	262.539443941	263.588985790	124.811	249.623	1.0495	124.812	-58.21	
268	Spectrogram 1	1	264.001564310	264.710909836	218.420	405.637	0.7093	187.217	-59.78	
269	Spectrogram 1	1	263.907467455	264.877388888	62.406	228.821	0.9699	166.415	-57.31	
270	Spectrogram 1	1	264.718148055	264.920818206	395.236	738.467	0.2027	343.231	-65.55	
271	Spectrogram 1	1	265.166917674	265.948645396	145.613	332.830	0.7817	187.217	-56.82	
272	Spectrogram 1	1	265.789404563	266.021027592	218.420	863.278	0.2316	644.858	-60.15	
273	Spectrogram 1	1	265.492637558	266.028265812	1019.292	1300.118	0.5356	280.826	-75.63	
274	Spectrogram 1	1	266.509803948	267.421819624	114.410	364.033	0.9120	249.623	-51.84	
275	Spectrogram 1	1	267.190196595	267.660680872	759.269	1300.118	0.4705	540.849	-68.36	
276	Spectrogram 1	1	266.053796110	266.973050006	603.255	873.679	0.9193	270.424	-75.69	
277	Spectrogram 1	1	269.969672940	270.208534188	894.481	1268.915	0.2389	374.434	-66.74	
278	Spectrogram 1	1	268.391741057	268.587172987	104.009	478.443	0.1954	374.434	-59.63	
279	Spectrogram 1	1	268.094974051	268.702984501	572.052	696.863	0.6080	124.811	-72.26	
280	Spectrogram 1	1	269.626219327	270.682999396	156.014	374.434	1.0568	218.420	-52.47	
281	Spectrogram 1	1	269.162973270	269.821651258	145.613	343.231	0.6587	197.618	-58.20	
282	Spectrogram 1	1	270.517235686	271.501633558	343.231	499.245	0.9844	156.014	-70.16	
283	Spectrogram 1	1	271.385822044	271.943164957	93.608	228.821	0.5573	135.213	-59.56	
284	Spectrogram 1	1	272.572890066	273.260520933	717.665	842.476	0.6876	124.811	-68.82	
285	Spectrogram 1	1	271.823397200	272.373501893	353.632	447.241	0.5501	93.609	-65.11	
286	Spectrogram 1	1	272.876954255	274.143642693	228.821	613.656	1.2667	384.835	-59.18	
287	Spectrogram 1	1	272.247849489	272.819668841	93.608	364.033	0.5718	270.425	-56.44	
288	Spectrogram 1	1	272.859789221	273.836948874	72.807	197.618	0.9772	124.811	-55.07	
289	Spectrogram 1	1	274.828584965	275.443833635	176.816	332.830	0.6152	156.014	-55.23	
290	Spectrogram 1	1	275.508977612	276.319658213	135.212	364.033	0.8107	228.821	-49.91	
291	Spectrogram 1	1	275.286473420	275.626669743	1008.892	1154.505	0.3402	145.613	-77.99	
292	Spectrogram 1	1	278.336811736	279.198159874	187.217	395.236	0.8613	208.019	-55.28	
293	Spectrogram 1	1	279.538356198	280.421418995	135.212	509.646	0.8831	374.434	-55.75	
294	Spectrogram 1	1	276.954311783	277.280031668	1955.377	2423.420	0.3257	468.043	-76.53	
295	Spectrogram 1	1	281.462314124	282.280232944	83.208	228.821	0.8179	145.613	-59.05	
296	Spectrogram 1	1	281.964330558	282.132406947	661.912	831.067	0.1681	169.155	-65.53	
297	Spectrogram 1	1	281.949050886	282.239364649	882.549	1250.278	0.2903	367.729	-69.63	
298	Spectrogram 1	1	283.230828584	284.033011350	220.637	382.438	0.8022	161.801	-54.43	
299	Spectrogram 1	1	284.055930858	284.430282816	220.637	316.247	0.3744	95.610	-49.24	
300	Spectrogram 1	1	282.382806802	284.437922651	88.255	301.538	2.0551	213.283	-55.53	
301	Spectrogram 1	1	282.795357939	283.009273344	316.247	794.294	0.2139	478.047	-61.19	
302	Spectrogram 1	1	284.239286919	284.934511983	698.685	1257.633	0.6952	558.948	-66.97	
303	Spectrogram 1	1	282.647718809	283.197786992	1103.187	1191.442	0.5501	88.255	-76.87	
304	Spectrogram 1	1	282.219888001	283.549219442	441.275	897.258	1.3293	455.983	-68.26	
305	Spectrogram 1	1	284.313203029	285.268182513	345.665	448.629	0.9550	102.964	-65.69	
306	Spectrogram 1	1	286.124483677	287.117662340	176.510	360.374	0.9932	183.864	-50.01	
307	Spectrogram 1	1	285.589695166	286.636352680	176.510	360.374	1.0467	183.864	-54.27	
308	Spectrogram 1	1	287.025984310	287.705929702	676.621	1390.015	0.6799	713.394	-66.30	
309	Spectrogram 1	1	287.415615939	287.728849210	1768.160	2319.410	0.3132	551.250	-71.14	
310	Spectrogram 1	1	287.377416760	287.858726420	332.830	426.439	0.4813	93.609	-63.07	
311	Spectrogram 1	1	287.797607733	288.599790499	176.816	343.231	0.8022	166.415	-54.72	
312	Spectrogram 1	1	288.538671812	288.989422129	821.675	1362.524	0.4508	540.849	-71.44	
313	Spectrogram 1	1	288.897744098	289.486011460	500.111	595.721	0.5883	95.610	-70.75	
314	Spectrogram 1	1	290.128672819	291.534402619	110.319	338.311	1.4057	227.992	-53.46	
315	Spectrogram 1	1	290.823897883	291.205889676	661.912	1419.433	0.3820	757.521	-67.17	
316	Spectrogram 1	1	293.758835531	294.943010091	227.992	367.729	1.1842	139.737	-55.67	
317	Spectrogram 1	1	292.727457689	295.149285660	95.610	367.729	2.4218	272.119	-55.39	
318	Spectrogram 1	1	295.355561228	296.195943174	308.892	441.275	0.8404	132.383	-64.29	
319	Spectrogram 1	1	295.470158766	295.920909083	669.267	1287.051	0.4508	617.784	-66.01	
320	Spectrogram 1	1	296.677252834	296.982846269	801.649	853.131	0.3056	51.482	-58.27	
321	Spectrogram 1	1	296.600854475	297.953105424	161.801	389.793	1.3523	227.992	-50.69	
322	Spectrogram 1	1	297.137427618	297.725694980	1095.832	1191.442	0.5883	95.610	-74.84	un
323	Spectrogram 1	1	298.566076926	299.543975918	669.267	1345.888	0.9779	676.621	-67.97	
324	Spectrogram 1	1	299.307141006	300.139883116	102.964	235.346	0.8327	132.382	-57.12	
325	Spectrogram 1	1	300.819828508	301.324057676	257.410	639.848	0.5042	382.438	-58.22	
326	Spectrogram 1	1	300.483675730	301.308778004	161.801	316.247	0.8251	154.446	-49.53	
327	Spectrogram 1	1	301.425868707	302.182212458	198.574	455.984	0.7563	257.410	-55.65	
328	Spectrogram 1	1	297.977401297	298.221876045	213.283	544.239	0.2445	330.956	-57.89	
329	Spectrogram 1	1	298.030880148	298.260075224	573.657	897.258	0.2292	323.601	-68.20	
330	Spectrogram 1	1	302.325774255	302.631367690	529.530	1250.278	0.3056	720.748	-65.00	
331	Spectrogram 1	1	303.074478170	304.113495849	375.083	1294.406	1.0390	919.323	-65.77	
332	Spectrogram 1	1	304.217033165	305.256050843	242.701	330.956	1.0390	88.255	-54.07	
333	Spectrogram 1	1	305.340089038	306.195750655	220.637	338.311	0.8557	117.674	-52.98	
334	Spectrogram 1	1	305.676241816	306.065873446	595.721	1375.306	0.3896	779.585	-64.93	
335	Spectrogram 1	1	303.093977292	303.651685310	250.056	353.020	0.5577	102.964	-54.28	
336	Spectrogram 1	1	303.896160058	305.424127232	102.964	264.765	1.5280	161.801	-57.85	
337	Spectrogram 1	1	306.392234771	307.102739507	242.701	360.374	0.7105	117.673	-56.19	
338	Spectrogram 1	1	307.118019179	309.092682764	51.482	316.247	1.9747	264.765	-53.54	
340	Spectrogram 1	1	307.734313648	308.047546919	1279.697	1419.433	0.3132	139.736	-67.06	
341	Spectrogram 1	1	307.703754304	308.039907083	1794.517	2765.321	0.3362	970.804	-72.76	
342	Spectrogram 1	1	308.131585113	309.002526402	485.402	595.721	0.8709	110.319	-67.86	
343	Spectrogram 1	1	308.926128044	309.476196226	544.239	610.430	0.5501	66.191	-70.85	
344	Spectrogram 1	1	309.842908348	311.489292978	492.757	875.195	1.6464	382.438	-67.58	
345	Spectrogram 1	1	310.729129309	311.561871419	147.092	338.311	0.8327	191.219	-51.20	
346	Spectrogram 1	1	309.552594585	310.545773248	205.928	404.502	0.9932	198.574	-56.69	
348	Spectrogram 1	1	313.276894829	314.930919295	218.420	395.236	1.6540	176.816	-54.10	
349	Spectrogram 1	1	313.750564653	314.927099377	83.208	208.019	1.1765	124.811	-58.30	
350	Spectrogram 1	1	313.460250890	315.163934289	478.443	1393.726	1.7037	915.283	-69.71	
351	Spectrogram 1	1	315.030237162	315.877902206	104.009	260.024	0.8477	156.015	-58.39	
352	Spectrogram 1	1	317.369408217	318.194510491	717.665	842.476	0.8251	124.811	-62.50	
353	Spectrogram 1	1	316.422068569	317.713200831	135.212	353.632	1.2911	218.420	-52.95	
354	Spectrogram 1	1	319.011972929	319.806515859	561.651	1466.533	0.7945	904.882	-54.46	
355	Spectrogram 1	1	317.728480502	318.332027536	176.816	312.028	0.6035	135.212	-58.15	
356	Spectrogram 1	1	319.863236512	320.428584366	468.042	561.651	0.5653	93.609	-67.57	
357	Spectrogram 1	1	321.093250087	322.010030391	280.825	613.656	0.9168	332.831	-63.04	
359	Spectrogram 1	1	320.550821740	321.452322373	156.014	322.429	0.9015	166.415	-52.25	
360	Spectrogram 1	1	321.205751579	321.419666983	946.486	1279.316	0.2139	332.830	-67.01	
361	Spectrogram 1	1	321.228671087	321.465505999	1736.958	2298.608	0.2368	561.650	-67.79	
362	Spectrogram 1	1	321.633582388	321.878057136	1227.311	1341.722	0.2445	114.411	-74.35	
363	Spectrogram 1	1	322.084332704	322.282968437	187.217	852.877	0.1986	665.660	-61.60	
364	Spectrogram 1	1	323.401934376	324.479151233	540.849	852.877	1.0772	312.028	-52.13	
365	Spectrogram 1	1	323.401934376	324.349274024	239.222	447.241	0.9473	208.019	-62.09	
366	Spectrogram 1	1	324.563189428	325.250774656	218.420	301.627	0.6876	83.207	-52.20	
367	Spectrogram 1	1	323.501252242	325.434130717	72.807	239.222	1.9329	166.415	-58.18	
368	Spectrogram 1	1	325.846681854	326.259232991	176.816	426.439	0.4126	249.623	-58.83	
369	Spectrogram 1	1	327.177070339	327.643100328	468.042	572.052	0.4660	104.010	-50.94	
370	Spectrogram 1	1	327.421545087	327.948693762	540.849	852.877	0.5271	312.028	-51.09	
371	Spectrogram 1	1	327.757697866	328.055651465	509.646	717.665	0.2980	208.019	-53.07	
372	Spectrogram 1	1	326.924955756	328.315405884	145.613	343.231	1.3905	197.618	-50.94	
373	Spectrogram 1	1	328.491122109	328.857834231	197.618	520.047	0.3667	322.429	-60.68	
374	Spectrogram 1	1	326.947875263	327.841736060	52.005	176.816	0.8939	124.811	-58.42	
375	Spectrogram 1	1	328.880753739	329.789894207	270.425	416.038	0.9091	145.613	-63.44	
376	Spectrogram 1	1	329.835733222	330.485119271	249.623	405.637	0.6494	156.014	-59.81	
377	Spectrogram 1	1	330.095487642	331.249102859	416.038	572.052	1.1536	156.014	-66.38	
378	Spectrogram 1	1	330.255924195	330.408720913	405.637	1008.892	0.1528	603.255	-68.11	
379	Spectrogram 1	1	330.630276153	330.752513527	374.434	790.472	0.1222	416.038	-62.83	
380	Spectrogram 1	1	329.270385368	329.690576341	1529.752	2765.321	0.4202	1235.569	-73.38	
381	Spectrogram 1	1	329.339143891	329.637097490	867.840	1294.406	0.2980	426.566	-66.83	
382	Spectrogram 1	1	330.821203064	332.234572700	95.610	323.601	1.4134	227.991	-54.58	
383	Spectrogram 1	1	331.799102055	332.333890566	470.693	1581.234	0.5348	1110.541	-57.64	
384	Spectrogram 1	1	332.043576803	332.731162031	250.056	536.884	0.6876	286.828	-59.63	
385	Spectrogram 1	1	333.644162494	334.079633138	198.574	478.048	0.4355	279.474	-57.56	
386	Spectrogram 1	1	334.140751825	334.889455741	220.637	581.012	0.7487	360.375	-60.84	
387	Spectrogram 1	1	334.881815905	335.676358835	198.574	286.829	0.7945	88.255	-59.38	
388	Spectrogram 1	1	333.980315272	335.775676702	95.610	198.574	1.7954	102.964	-58.53	
389	Spectrogram 1	1	335.515922282	336.998050441	536.884	889.904	1.4821	353.020	-52.06	
390	Spectrogram 1	1	336.150028659	336.440342422	198.574	544.239	0.2903	345.665	-68.64	
391	Spectrogram 1	1	337.071656708	338.148873566	176.510	323.601	1.0772	147.091	-50.16	
392	Spectrogram 1	1	337.980797177	338.660742569	242.701	389.793	0.6799	147.092	-58.94	
393	Spectrogram 1	1	339.172611573	339.768518770	448.629	831.067	0.5959	382.438	-52.53	
394	Spectrogram 1	1	338.958696168	339.837277293	110.319	205.928	0.8786	95.609	-57.66	
395	Spectrogram 1	1	339.073293706	339.241370095	639.848	867.840	0.1681	227.992	-59.99	un
396	Spectrogram 1	1	340.476437358	341.118183571	463.338	558.948	0.6417	95.610	-61.99	
397	Spectrogram 1	1	340.988306361	341.691171262	169.155	316.247	0.7029	147.092	-49.33	
398	Spectrogram 1	1	341.683531426	342.096082563	154.446	566.302	0.4126	411.856	-58.09	
399	Spectrogram 1	1	342.462794685	342.860066150	286.829	426.566	0.3973	139.737	-53.62	
400	Spectrogram 1	1	342.768388119	343.318456302	448.629	897.258	0.5501	448.629	-54.89	
401	Spectrogram 1	1	342.653790581	343.096901062	102.964	161.801	0.4431	58.837	-58.66	
402	Spectrogram 1	1	344.211520524	344.524753795	433.920	529.530	0.3132	95.610	-68.86	
403	Spectrogram 1	1	344.242079868	345.441534099	242.701	382.438	1.1995	139.737	-56.36	
404	Spectrogram 1	1	344.417796093	345.502652786	88.255	198.574	1.0849	110.319	-56.19	
405	Spectrogram 1	1	346.343034732	347.328573559	448.629	889.904	0.9855	441.275	-53.62	
406	Spectrogram 1	1	347.770228862	348.641170152	250.056	389.793	0.8709	139.737	-58.21	
407	Spectrogram 1	1	347.275094708	348.367591238	161.801	330.956	1.0925	169.155	-50.24	
408	Spectrogram 1	1	348.465675976	349.298418086	514.820	742.812	0.8327	227.992	-64.20	
409	Spectrogram 1	1	349.435935132	350.070041509	433.920	860.486	0.6341	426.566	-55.30	
410	Spectrogram 1	1	350.001282986	350.360355272	441.275	911.968	0.3591	470.693	-58.57	
411	Spectrogram 1	1	350.824459036	351.512044264	169.155	330.956	0.6876	161.801	-50.67	
412	Spectrogram 1	1	351.481484921	351.741239341	161.801	250.056	0.2598	88.255	-52.62	
413	Spectrogram 1	1	351.443285742	351.748879176	522.175	867.840	0.3056	345.665	-55.35	
414	Spectrogram 1	1	350.839738708	352.000993760	382.438	625.139	1.1613	242.701	-65.41	
415	Spectrogram 1	1	352.123231134	353.040011439	455.984	661.912	0.9168	205.928	-59.16	
416	Spectrogram 1	1	353.064750072	353.232826461	205.928	433.920	0.1681	227.992	-54.93	
417	Spectrogram 1	1	353.583808912	353.897042183	389.793	816.358	0.3132	426.565	-51.47	
418	Spectrogram 1	1	353.782444645	354.829102159	227.992	338.311	1.0467	110.319	-56.27	
419	Spectrogram 1	1	354.011639721	354.347792499	316.247	433.920	0.3362	117.673	-60.22	
420	Spectrogram 1	1	353.897042183	355.027737892	95.610	220.637	1.1307	125.027	-55.93	
421	Spectrogram 1	1	355.669484105	356.731421291	426.566	860.486	1.0619	433.920	-53.59	
422	Spectrogram 1	1	357.250930130	358.205909614	448.629	654.557	0.9550	205.928	-60.00	
423	Spectrogram 1	1	356.295950646	357.640561759	154.446	360.374	1.3446	205.928	-51.63	
424	Spectrogram 1	1	358.702372791	359.344119004	404.502	845.776	0.6417	441.274	-57.35	
425	Spectrogram 1	1	359.441571434	360.343072067	257.410	419.211	0.9015	161.801	-61.58	
426	Spectrogram 1	1	360.411830590	361.107055654	154.446	330.956	0.6952	176.510	-50.26	
427	Spectrogram 1	1	361.107055654	361.374449910	139.737	272.119	0.2674	132.382	-55.02	
428	Spectrogram 1	1	362.451666767	362.726700859	367.729	867.840	0.2750	500.111	-53.55	
429	Spectrogram 1	1	362.680861844	362.894777248	433.920	860.486	0.2139	426.566	-56.98	
430	Spectrogram 1	1	362.887137412	363.612921820	382.438	507.466	0.7258	125.028	-67.16	
431	Spectrogram 1	1	363.070493473	364.705418349	102.964	198.574	1.6349	95.610	-57.24	
432	Spectrogram 1	1	364.115917859	365.032698164	242.701	956.095	0.9168	713.394	-66.86	
433	Spectrogram 1	1	365.437609465	366.927377460	433.920	823.713	1.4898	389.793	-51.47	
434	Spectrogram 1	1	366.323830426	367.332288761	161.801	330.956	1.0085	169.155	-50.47	
435	Spectrogram 1	1	367.324648925	368.226834456	235.346	338.311	0.9022	102.965	-61.94	
436	Spectrogram 1	1	368.341431994	369.838839824	389.793	831.067	1.4974	441.274	-61.37	
437	Spectrogram 1	1	369.602004912	370.549344560	154.446	338.311	0.9473	183.865	-52.23	
438	Spectrogram 1	1	370.472946202	371.397366342	389.793	728.103	0.9244	338.310	-61.63	
439	Spectrogram 1	1	371.411539347	371.747692125	154.446	308.892	0.3362	154.446	-64.08	
440	Spectrogram 1	1	372.710311445	373.359697494	441.275	911.968	0.6494	470.693	-57.63	
441	Spectrogram 1	1	372.259561129	373.481934868	213.283	353.020	1.2224	139.737	-68.65	
442	Spectrogram 1	1	372.183162770	373.573612899	80.900	227.992	1.3905	147.092	-57.26	
443	Spectrogram 1	1	373.963244528	375.139779252	478.048	764.876	1.1765	286.828	-60.16	
444	Spectrogram 1	1	374.658469592	375.728046614	147.092	338.311	1.0696	191.219	-51.68	
445	Spectrogram 1	1	375.974869009	377.166683405	404.502	573.657	1.1918	169.155	-55.85	
446	Spectrogram 1	1	377.204882584	377.533395527	404.502	750.167	0.3285	345.665	-55.01	
447	Spectrogram 1	1	377.243081764	378.251540099	191.219	345.665	1.0085	154.446	-62.69	
448	Spectrogram 1	1	378.335578293	379.076642373	176.510	338.311	0.7411	161.801	-50.38	
449	Spectrogram 1	1	379.359316300	380.130939723	404.502	720.749	0.7716	316.247	-61.08	
450	Spectrogram 1	1	380.138579559	380.688647741	338.311	1059.059	0.5501	720.748	-59.90	
451	Spectrogram 1	1	380.369537592	381.668309690	198.574	367.729	1.2988	169.155	-57.23	
452	Spectrogram 1	1	381.301597568	381.576631660	213.283	507.466	0.2750	294.183	-55.48	
453	Spectrogram 1	1	381.889864930	382.692047697	88.255	176.510	0.8022	88.255	-51.63	
454	Spectrogram 1	1	378.895049269	380.331338413	22.064	88.255	1.4363	66.191	-59.06	
455	Spectrogram 1	1	380.713330206	381.225199210	25.741	69.868	0.5119	44.127	-54.78	
456	Spectrogram 1	1	382.332975411	382.531611143	213.283	1066.414	0.1986	853.131	-64.98	
457	Spectrogram 1	1	382.890683429	383.517149971	360.374	1242.924	0.6265	882.550	-59.43	
458	Spectrogram 1	1	382.707327368	383.203916700	73.546	161.801	0.4966	88.255	-63.84	
459	Spectrogram 1	1	384.417253128	384.654088040	338.311	764.876	0.2368	426.565	-62.81	
460	Spectrogram 1	1	384.073460514	384.806884757	154.446	330.956	0.7334	176.510	-51.26	
461	Spectrogram 1	1	384.860363608	385.234715566	125.028	338.311	0.3744	213.283	-56.59	
462	Spectrogram 1	1	385.288194417	386.525847828	367.729	478.048	1.2377	110.319	-56.31	
463	Spectrogram 1	1	385.356952940	386.518207992	18.386	73.546	1.1613	55.160	-58.98	
464	Spectrogram 1	1	387.855179270	388.435806796	172.833	371.406	0.5806	198.573	-49.92	
465	Spectrogram 1	1	386.884920114	387.549585835	411.856	1081.123	0.6647	669.267	-61.24	
466	Spectrogram 1	1	386.640445366	387.610704522	242.701	448.629	0.9703	205.928	-62.75	
467	Spectrogram 1	1	388.281501352	389.496235255	518.498	845.776	1.2147	327.278	-66.70	
468	Spectrogram 1	1	389.542074270	390.008104258	316.247	915.645	0.4660	599.398	-55.25	
469	Spectrogram 1	1	389.918811988	390.606397216	264.395	441.211	0.6876	176.816	-65.44	
470	Spectrogram 1	1	391.171745070	392.004487180	215.820	319.000	0.8327	103.180	-59.17	
471	Spectrogram 1	1	392.317720451	392.997665844	182.017	332.830	0.6799	150.813	-49.03	
472	Spectrogram 1	1	390.025769690	391.034228025	93.608	213.219	1.0085	119.611	-53.46	
473	Spectrogram 1	1	392.012127016	393.341458458	18.202	106.610	1.3293	88.408	-58.69	
474	Spectrogram 1	1	391.164105235	392.233682256	349.342	728.103	1.0696	378.761	-60.24	
475	Spectrogram 1	1	392.569835035	393.433136488	386.115	897.258	0.8633	511.143	-58.52	
476	Spectrogram 1	1	393.754009595	394.158920896	102.964	489.079	0.4049	386.115	-59.99	
477	Spectrogram 1	1	393.020585351	393.272699935	165.478	239.024	0.2521	73.546	-55.70	
478	Spectrogram 1	1	394.814238987	396.135930593	319.924	717.071	1.3217	397.147	-57.84	
479	Spectrogram 1	1	395.837976994	397.098549912	375.083	448.629	1.2606	73.546	-50.53	
480	Spectrogram 1	1	397.167308435	397.511101049	327.279	809.004	0.3438	481.725	-53.67	
481	Spectrogram 1	1	396.135930593	396.724197955	187.542	334.633	0.5883	147.091	-51.07	
482	Spectrogram 1	1	395.769218471	397.197867779	14.709	80.900	1.4286	66.191	-57.30	
483	Spectrogram 1	1	398.053529396	399.100186910	231.669	375.083	1.0467	143.414	-55.85	
484	Spectrogram 1	1	399.115466582	399.719013616	95.610	169.155	0.6035	73.545	-49.50	
485	Spectrogram 1	1	399.344661658	399.917649349	312.570	492.757	0.5730	180.187	-56.43	
487	Spectrogram 1	1	400.017859684	401.018678183	411.856	911.968	1.0008	500.112	-58.18	
488	Spectrogram 1	1	399.826863788	400.621406718	7.355	99.287	0.7945	91.932	-53.92	
489	Spectrogram 1	1	400.988118840	401.400669977	305.215	426.566	0.4126	121.351	-60.51	
490	Spectrogram 1	1	401.263152931	402.011856847	169.155	323.601	0.7487	154.446	-49.42	
491	Spectrogram 1	1	401.186754573	401.629865053	29.418	77.223	0.4431	47.805	-55.04	
492	Spectrogram 1	1	402.386208804	402.676522567	143.414	353.020	0.2903	209.606	-58.30	
493	Spectrogram 1	1	402.745281090	403.157832227	224.315	330.956	0.4126	106.641	-60.41	
494	Spectrogram 1	1	403.180751735	403.623862215	25.741	77.223	0.4431	51.482	-53.31	
495	Spectrogram 1	1	403.188391571	403.623862215	358.833	1076.498	0.4355	717.665	-57.87	
496	Spectrogram 1	1	403.417586647	404.433684818	216.960	294.183	1.0161	77.223	-61.40	
497	Spectrogram 1	1	404.760221606	405.195692251	268.442	347.504	0.4355	79.062	-47.94	
499	Spectrogram 1	1	405.134573564	405.386688148	194.896	262.926	0.2521	68.030	-52.39	
500	Spectrogram 1	1	406.876456143	408.297465615	7.355	75.384	1.4210	68.029	-62.46	
501	Spectrogram 1	1	407.594600715	408.251626599	99.287	178.349	0.6570	79.062	-48.11	
502	Spectrogram 1	1	408.144668897	409.542758862	209.605	362.213	1.3981	152.608	-57.57	
503	Spectrogram 1	1	406.089553048	407.334846295	343.231	449.841	1.2453	106.610	-45.79	
504	Spectrogram 1	1	406.685460246	406.853536635	244.422	348.432	0.1681	104.010	-52.91	
505	Spectrogram 1	1	407.518202356	407.968952672	345.665	422.888	0.4508	77.223	-51.48	
506	Spectrogram 1	1	407.594600715	407.907833985	463.338	753.844	0.3132	290.506	-57.66	
507	Spectrogram 1	1	408.511381019	409.084368709	757.521	911.968	0.5730	154.447	-65.18	
508	Spectrogram 1	1	409.739560339	410.220869999	338.311	411.856	0.4813	73.545	-50.85	
509	Spectrogram 1	1	410.281988686	410.740378838	316.247	761.199	0.4584	444.952	-53.67	
510	Spectrogram 1	1	409.686081488	410.427145567	169.155	330.956	0.7411	161.801	-49.79	
511	Spectrogram 1	1	410.465344746	411.107090960	11.032	62.514	0.6417	51.482	-56.15	
512	Spectrogram 1	1	412.291265520	413.360842542	500.111	757.521	1.0696	257.410	-58.63	
513	Spectrogram 1	1	413.437240900	413.872711545	444.952	812.681	0.4355	367.729	-53.72	
514	Spectrogram 1	1	412.986490584	413.582397782	172.833	338.311	0.5959	165.478	-49.20	
515	Spectrogram 1	1	413.337923034	413.750474171	279.474	411.856	0.4126	132.382	-52.42	
516	Spectrogram 1	1	413.208045824	414.086626949	14.709	88.255	0.8786	73.546	-57.80	
517	Spectrogram 1	1	412.703816657	412.826054031	66.191	150.769	0.1222	84.578	-46.86	
518	Spectrogram 1	1	411.259887677	412.803134523	121.351	308.892	1.5432	187.541	-61.34	few calls in this annotation
519	Spectrogram 1	1	411.809955860	412.680897149	7.355	73.546	0.8709	66.191	-59.26	
520	Spectrogram 1	1	413.973503952	415.509110962	441.275	786.940	1.5356	345.665	-64.84	
521	Spectrogram 1	1	415.195877691	415.447992275	213.283	544.239	0.2521	330.956	-61.50	
522	Spectrogram 1	1	415.646628007	416.502289625	80.900	198.574	0.8557	117.674	-52.57	
523	Spectrogram 1	1	416.120297831	416.930120434	11.032	62.514	0.8098	51.482	-53.53	
524	Spectrogram 1	1	415.891102755	416.953039941	437.597	687.653	1.0619	250.056	-57.24	
525	Spectrogram 1	1	416.662726178	417.640625170	323.601	400.824	0.9779	77.223	-44.61	
526	Spectrogram 1	1	417.854540574	418.328210398	172.833	345.665	0.4737	172.832	-47.57	
527	Spectrogram 1	1	418.045536471	418.526846131	334.633	441.275	0.4813	106.642	-51.08	
529	Spectrogram 1	1	418.775541200	420.165991329	227.992	382.438	1.3905	154.446	-58.05	
530	Spectrogram 1	1	420.127792150	420.823017214	312.570	393.470	0.6952	80.900	-44.10	
531	Spectrogram 1	1	420.975813931	421.663399160	198.574	411.856	0.6876	213.282	-50.13	
532	Spectrogram 1	1	419.081134635	420.204190508	462.842	847.677	1.1231	384.835	-65.88	
533	Spectrogram 1	1	420.104872642	420.670220496	613.656	748.868	0.5653	135.212	-60.55	
534	Spectrogram 1	1	418.645663991	419.104054143	15.601	83.208	0.4584	67.607	-57.12	
535	Spectrogram 1	1	419.631202818	419.868037730	104.009	187.217	0.2368	83.208	-58.06	
536	Spectrogram 1	1	420.853576557	421.556441457	452.441	743.667	0.7029	291.226	-57.15	
537	Spectrogram 1	1	421.954352469	422.489140980	239.222	408.179	0.5348	168.957	-65.23	
538	Spectrogram 1	1	422.565539339	422.817653923	183.864	382.438	0.2521	198.574	-59.43	
539	Spectrogram 1	1	422.091869515	423.497599315	18.386	77.223	1.4057	58.837	-58.03	
540	Spectrogram 1	1	423.138527029	423.535798494	220.637	283.151	0.3973	62.514	-56.14	
541	Spectrogram 1	1	423.619836689	424.475498307	73.546	209.605	0.8557	136.059	-53.34	
542	Spectrogram 1	1	424.360900769	424.949168131	312.570	797.972	0.5883	485.402	-55.68	
543	Spectrogram 1	1	423.230205060	423.826112258	441.275	820.035	0.5959	378.760	-68.32	
544	Spectrogram 1	1	425.583274508	426.225020721	198.574	375.083	0.6417	176.509	-48.58	
545	Spectrogram 1	1	425.758990733	426.966084800	514.820	820.035	1.2071	305.215	-66.57	
546	Spectrogram 1	1	426.788679838	427.957574726	582.453	722.866	1.1689	140.413	-65.04	
547	Spectrogram 1	1	426.284450670	428.011053577	280.825	384.835	1.7266	104.010	-47.79	
548	Spectrogram 1	1	426.956756227	427.315828513	5.200	72.807	0.3591	67.607	-55.56	
549	Spectrogram 1	1	427.460985394	427.942295054	29.418	202.251	0.4813	172.833	-64.43	
550	Spectrogram 1	1	429.134109450	429.745296320	176.510	356.697	0.6112	180.187	-49.15	
551	Spectrogram 1	1	429.783495499	430.684996132	253.733	360.374	0.9015	106.641	-45.84	
552	Spectrogram 1	1	429.699457305	430.226605980	11.032	88.255	0.5271	77.223	-57.95	
553	Spectrogram 1	1	431.216950819	432.187209975	661.912	948.741	0.9703	286.829	-63.79	
554	Spectrogram 1	1	430.926637056	431.400306880	367.729	669.267	0.4737	301.538	-59.99	
555	Spectrogram 1	1	431.491984911	432.553922097	80.900	224.315	1.0619	143.415	-54.42	
556	Spectrogram 1	1	432.783117173	433.623499119	224.315	375.083	0.8404	150.768	-64.53	
557	Spectrogram 1	1	433.722816985	434.494440408	161.801	397.147	0.7716	235.346	-48.79	
558	Spectrogram 1	1	433.959651897	435.151466293	463.338	889.904	1.1918	426.566	-60.92	
559	Spectrogram 1	1	433.249147161	433.631138954	22.064	69.868	0.3820	47.804	-59.02	
560	Spectrogram 1	1	435.247513782	436.301811132	489.079	926.677	1.0543	437.598	-67.61	
561	Spectrogram 1	1	437.233871109	438.861156149	448.629	768.553	1.6273	319.924	-60.97	
562	Spectrogram 1	1	435.461429187	436.164294087	297.860	375.083	0.7029	77.223	-62.30	
563	Spectrogram 1	1	436.301811132	436.599764731	305.215	364.052	0.2980	58.837	-56.41	
564	Spectrogram 1	1	436.668523254	437.929096173	224.315	371.406	1.2606	147.091	-46.45	
565	Spectrogram 1	1	438.043693711	438.616681401	235.346	327.279	0.5730	91.933	-52.21	
566	Spectrogram 1	1	435.369751156	435.698264099	102.964	187.542	0.3285	84.578	-59.61	
567	Spectrogram 1	1	439.592037605	440.470618730	88.408	213.219	0.8786	124.811	-54.23	
568	Spectrogram 1	1	440.195584639	440.661614627	20.802	67.606	0.4660	46.804	-57.92	
569	Spectrogram 1	1	439.996948906	441.662433126	205.419	416.038	1.6655	210.619	-51.41	
570	Spectrogram 1	1	440.325461848	441.226962481	213.219	340.631	0.9015	127.412	-48.42	
571	Spectrogram 1	1	441.417958378	442.006225740	197.618	369.233	0.5883	171.615	-48.25	
572	Spectrogram 1	1	440.768572329	442.159022457	23.402	98.809	1.3905	75.407	-67.85	
573	Spectrogram 1	1	442.220141144	442.762569491	122.211	501.846	0.5424	379.635	-60.73	
574	Spectrogram 1	1	442.716730476	443.518913242	496.434	717.071	0.8022	220.637	-57.21	
575	Spectrogram 1	1	442.945925552	443.243879151	91.932	268.442	0.2980	176.510	-58.05	
576	Spectrogram 1	1	443.411955540	443.847426185	153.414	348.432	0.4355	195.018	-60.75	
577	Spectrogram 1	1	443.900905036	445.207316970	210.619	356.232	1.3064	145.613	-48.87	
578	Spectrogram 1	1	444.886443863	445.474711225	213.219	369.233	0.5883	156.014	-48.17	
579	Spectrogram 1	1	445.665707122	446.139376946	111.810	496.645	0.4737	384.835	-61.23	
580	Spectrogram 1	1	445.107999103	446.292173663	536.884	812.681	1.1842	275.797	-67.44	
581	Spectrogram 1	1	446.885089418	448.168581844	62.514	213.283	1.2835	150.769	-57.35	
582	Spectrogram 1	1	447.931746932	449.268718209	161.801	305.215	1.3370	143.414	-48.52	
583	Spectrogram 1	1	448.986044282	449.559031972	220.637	389.793	0.5730	169.156	-50.41	
584	Spectrogram 1	1	449.818786392	450.109100155	213.283	290.506	0.2903	77.223	-55.75	
585	Spectrogram 1	1	448.420696428	450.078540812	481.725	831.067	1.6578	349.342	-67.24	
586	Spectrogram 1	1	451.055459598	451.865282200	213.283	437.597	0.8098	224.314	-57.77	
587	Spectrogram 1	1	451.529129422	452.316032517	194.896	353.020	0.7869	158.124	-46.98	
588	Spectrogram 1	1	452.529947921	453.186973806	224.315	393.470	0.6570	169.155	-52.05	
589	Spectrogram 1	1	451.284654674	451.903481380	52.005	124.811	0.6188	72.806	-61.49	
590	Spectrogram 1	1	455.173331132	456.006073242	195.018	356.232	0.8327	161.214	-48.97	
591	Spectrogram 1	1	455.142771789	456.219988647	78.007	202.818	1.0772	124.811	-54.14	
592	Spectrogram 1	1	453.385609539	454.019715916	99.287	348.432	0.6341	249.145	-60.38	
593	Spectrogram 1	1	453.584245271	454.455186561	610.430	834.745	0.8709	224.315	-66.40	un
594	Spectrogram 1	1	454.306625602	455.078249025	1253.955	1364.274	0.7716	110.319	-73.89	
595	Spectrogram 1	1	456.995847828	457.668153385	220.637	364.052	0.6723	143.415	-48.27	
596	Spectrogram 1	1	458.004306163	459.264879082	154.446	308.892	1.2606	154.446	-49.63	
597	Spectrogram 1	1	456.273171521	457.006595765	1042.999	1491.628	0.7334	448.629	-75.90	
598	Spectrogram 1	1	458.353740147	459.168669316	1141.707	1302.922	0.8149	161.215	-67.95	
599	Spectrogram 1	1	459.385117989	460.126182069	1076.317	1282.245	0.7411	205.928	-72.35	
600	Spectrogram 1	1	459.560834214	460.202580427	191.219	334.633	0.6417	143.414	-58.38	
601	Spectrogram 1	1	460.424135668	461.081161552	194.896	375.083	0.6570	180.187	-50.72	
602	Spectrogram 1	1	461.570111048	462.395213322	194.896	334.633	0.8251	139.737	-44.94	
603	Spectrogram 1	1	462.303535292	463.197396089	69.868	191.219	0.8939	121.351	-54.34	
604	Spectrogram 1	1	462.147901131	463.874504038	195.018	408.237	1.7266	213.219	-56.23	
605	Spectrogram 1	1	464.027300756	464.707246148	234.021	361.433	0.6799	127.412	-49.22	
606	Spectrogram 1	1	465.410111048	465.906700380	223.620	299.027	0.4966	75.407	-43.35	
607	Spectrogram 1	1	465.937259723	467.125254201	124.811	296.427	1.1880	171.616	-58.26	
608	Spectrogram 1	1	465.280233838	465.501789079	262.624	512.246	0.2216	249.622	-53.16	
609	Spectrogram 1	1	464.042580427	464.516250251	529.530	860.486	0.4737	330.956	-72.96	
610	Spectrogram 1	1	464.203016981	465.303153346	985.513	1772.453	1.1001	786.940	-76.16	
611	Spectrogram 1	1	463.232757825	463.782826008	1036.995	1162.023	0.5501	125.028	-79.01	
612	Spectrogram 1	1	467.837032448	469.319160607	509.646	774.870	1.4821	265.224	-67.41	
613	Spectrogram 1	1	467.875231627	468.501698168	202.818	421.238	0.6265	218.420	-53.56	
614	Spectrogram 1	1	468.539897348	469.815749938	156.014	327.630	1.2759	171.616	-51.40	
615	Spectrogram 1	1	469.624754041	469.838669446	268.442	503.789	0.2139	235.347	-58.79	
616	Spectrogram 1	1	469.471957324	470.465135987	47.805	154.446	0.9932	106.641	-59.27	
617	Spectrogram 1	1	470.396377464	470.801288765	205.928	481.725	0.4049	275.797	-60.21	
618	Spectrogram 1	1	467.424481311	468.356541287	40.450	183.864	0.9321	143.414	-62.63	
619	Spectrogram 1	1	471.433105278	472.067211655	191.219	437.597	0.6341	246.378	-53.70	
621	Spectrogram 1	1	472.105410834	472.686038361	194.896	301.538	0.5806	106.642	-44.15	
622	Spectrogram 1	1	472.647839181	472.991631795	165.478	496.434	0.3438	330.956	-56.38	
623	Spectrogram 1	1	472.563800987	473.556979650	3.677	73.546	0.9932	69.869	-59.77	
624	Spectrogram 1	1	472.533241643	473.450021948	595.721	908.290	0.9168	312.569	-68.57	
625	Spectrogram 1	1	473.778534890	474.977989122	180.187	364.052	1.1995	183.865	-57.27	
626	Spectrogram 1	1	474.687675359	475.306502064	220.637	386.115	0.6188	165.478	-51.74	
627	Spectrogram 1	1	475.680854022	476.230922205	191.219	323.601	0.5501	132.382	-44.90	
628	Spectrogram 1	1	475.299021861	475.994246926	1367.951	2706.485	0.6952	1338.534	-80.20	
629	Spectrogram 1	1	476.475556585	476.781150020	31.203	78.007	0.3056	46.804	-58.34	
630	Spectrogram 1	1	477.170781650	478.729308167	130.012	369.233	1.5585	239.221	-58.92	
631	Spectrogram 1	1	478.905024392	479.462732411	260.024	379.634	0.5577	119.610	-50.54	
632	Spectrogram 1	1	479.065460946	479.615529128	135.212	270.425	0.5501	135.213	-50.79	
633	Spectrogram 1	1	478.775147182	479.592609621	20.802	78.007	0.8175	57.205	-57.75	
634	Spectrogram 1	1	476.895747558	477.781968519	44.127	150.769	0.8862	106.642	-57.27	
635	Spectrogram 1	1	476.551954944	476.796429692	169.155	514.820	0.2445	345.665	-59.89	
636	Spectrogram 1	1	477.566398870	478.941569327	1065.285	1447.723	1.3752	382.438	-73.63	
637	Spectrogram 1	1	478.078267874	479.506917181	1529.222	2220.552	1.4286	691.330	-74.75	un
638	Spectrogram 1	1	481.149481894	482.119741049	1121.795	1360.819	0.9703	239.024	-71.89	
639	Spectrogram 1	1	480.691091741	481.462715164	11.032	161.801	0.7716	150.769	-51.99	
640	Spectrogram 1	1	480.935566489	481.768308599	169.155	338.311	0.8327	169.156	-48.38	
641	Spectrogram 1	1	479.674993571	479.850709796	220.637	382.438	0.1757	161.801	-55.11	
642	Spectrogram 1	1	482.776766934	483.441432655	213.283	397.147	0.6647	183.864	-52.33	
643	Spectrogram 1	1	482.944843323	483.319195281	147.092	194.896	0.3744	47.804	-52.32	
644	Spectrogram 1	1	482.359796715	483.543971275	11.032	77.223	1.1842	66.191	-50.35	
645	Spectrogram 1	1	484.407272728	485.339332705	36.773	180.187	0.9321	143.414	-56.78	
646	Spectrogram 1	1	484.949701075	485.224735167	95.610	143.414	0.2750	47.804	-55.10	
647	Spectrogram 1	1	484.949701075	485.591447288	176.510	294.183	0.6417	117.673	-44.35	
648	Spectrogram 1	1	485.507409094	486.447108906	1206.749	1548.737	0.9397	341.988	-72.64	
649	Spectrogram 1	1	486.907395078	487.518581948	1263.859	1866.934	0.6112	603.075	-76.51	
650	Spectrogram 1	1	485.748263995	486.481688239	3.677	66.191	0.7334	62.514	-54.98	
651	Spectrogram 1	1	485.656585965	486.565726433	161.801	272.119	0.9091	110.318	-58.19	
652	Spectrogram 1	1	486.565726433	487.092875108	272.119	400.824	0.5271	128.705	-49.99	
653	Spectrogram 1	1	487.719341650	488.032574920	176.510	478.048	0.3132	301.538	-58.25	
654	Spectrogram 1	1	488.620842282	489.919614380	187.542	353.020	1.2988	165.478	-60.76	
655	Spectrogram 1	1	488.368727699	489.423025049	125.028	257.410	1.0543	132.382	-53.48	
656	Spectrogram 1	1	488.384007370	488.758359328	33.096	66.191	0.3744	33.095	-57.09	
657	Spectrogram 1	1	489.178550301	489.606381110	22.064	55.159	0.4278	33.095	-56.43	
658	Spectrogram 1	1	490.011292411	490.591919937	198.574	411.856	0.5806	213.282	-54.15	
659	Spectrogram 1	1	488.542770623	489.780424034	644.858	967.288	1.2377	322.430	-72.43	
660	Spectrogram 1	1	491.002797773	491.743861853	171.616	296.427	0.7411	124.811	-46.18	
661	Spectrogram 1	1	490.001979274	490.781242533	26.002	171.616	0.7793	145.614	-61.44	
662	Spectrogram 1	1	492.064734959	492.263370692	213.219	520.047	0.1986	306.828	-58.77	
663	Spectrogram 1	1	492.653002321	493.042633951	78.007	150.814	0.3896	72.807	-58.49	
664	Spectrogram 1	1	492.164052826	493.157231489	26.002	182.017	0.9932	156.015	-58.30	
665	Spectrogram 1	1	492.484925932	492.698841336	10.401	57.205	0.2139	46.804	-58.25	
666	Spectrogram 1	1	491.995976436	492.714121008	1142.929	1934.216	0.7181	791.287	-81.10	
667	Spectrogram 1	1	492.905116905	493.523943611	197.618	306.828	0.6188	109.210	-61.32	
668	Spectrogram 1	1	493.164871325	493.883015896	520.047	920.483	0.7181	400.436	-67.71	
669	Spectrogram 1	1	493.905935404	494.211528839	72.807	239.222	0.3056	166.415	-64.03	un
670	Spectrogram 1	1	494.346633178	494.743904643	194.896	426.566	0.3973	231.670	-53.68	
671	Spectrogram 1	1	494.667506284	495.240493974	176.510	290.506	0.5730	113.996	-46.22	
672	Spectrogram 1	1	494.713345299	495.744723142	14.709	66.191	1.0314	51.482	-57.75	
673	Spectrogram 1	1	495.469689051	496.111435264	147.092	261.088	0.6417	113.996	-57.68	
674	Spectrogram 1	1	495.523167902	495.813481665	194.896	533.207	0.2903	338.311	-57.64	
675	Spectrogram 1	1	495.202294795	495.614845932	669.267	742.812	0.4126	73.545	-66.41	
676	Spectrogram 1	1	497.433126869	497.784559319	113.996	253.733	0.3514	139.737	-60.17	
677	Spectrogram 1	1	498.189470621	499.098611089	121.351	235.346	0.9091	113.995	-50.30	
678	Spectrogram 1	1	498.036673903	498.540903071	239.024	404.502	0.5042	165.478	-53.48	
679	Spectrogram 1	1	496.437009331	497.178073411	125.028	257.410	0.7411	132.382	-61.67	
680	Spectrogram 1	1	500.354862868	501.393880546	1059.059	1463.561	1.0390	404.502	-75.04	
681	Spectrogram 1	1	499.674917475	500.247905165	143.414	518.498	0.5730	375.084	-61.00	
682	Spectrogram 1	1	499.743675998	500.538218929	29.418	183.864	0.7945	154.446	-55.49	
683	Spectrogram 1	1	500.706295318	501.370961038	187.542	305.215	0.6647	117.673	-44.76	
684	Spectrogram 1	1	501.432079725	501.760592668	95.610	592.043	0.3285	496.433	-61.14	
685	Spectrogram 1	1	500.805613184	501.707113817	7.355	95.610	0.9015	88.255	-62.53	
686	Spectrogram 1	1	502.578055106	503.448996395	121.351	411.856	0.8709	290.505	-58.29	
687	Spectrogram 1	1	502.234262492	502.929487556	728.066	977.689	0.6952	249.623	-73.75	
688	Spectrogram 1	1	503.479555739	504.021984086	165.478	294.183	0.5424	128.705	-63.13	
689	Spectrogram 1	1	504.113662116	504.602611612	77.223	191.219	0.4889	113.996	-62.44	
690	Spectrogram 1	1	504.028065010	505.258078585	1081.123	1373.332	1.2300	292.209	-71.13	
691	Spectrogram 1	1	505.174040391	505.831066276	676.469	952.094	0.6570	275.625	-69.84	
692	Spectrogram 1	1	504.585773029	505.166400555	191.219	316.247	0.5806	125.028	-44.68	
693	Spectrogram 1	1	505.044163181	505.640070379	44.127	99.287	0.5959	55.160	-61.27	
694	Spectrogram 1	1	505.617150871	506.350575115	323.601	419.211	0.7334	95.610	-68.23	
695	Spectrogram 1	1	506.327655607	507.481270824	22.064	194.896	1.1536	172.832	-58.66	
696	Spectrogram 1	1	506.847164446	507.336113942	84.578	275.797	0.4889	191.219	-58.39	
697	Spectrogram 1	1	507.389592793	507.618787869	227.992	338.311	0.2292	110.319	-57.34	
698	Spectrogram 1	1	506.770766088	507.114558702	535.649	733.267	0.3438	197.618	-65.46	
699	Spectrogram 1	1	507.289902673	507.740652990	735.458	809.004	0.4508	73.546	-69.50	
700	Spectrogram 1	1	507.664254631	508.565755264	106.641	246.378	0.9015	139.737	-51.84	
701	Spectrogram 1	1	507.939288722	508.382399203	235.346	312.570	0.4431	77.224	-60.87	
702	Spectrogram 1	1	508.567122473	509.674898675	202.251	308.892	1.1078	106.641	-59.46	
703	Spectrogram 1	1	509.094271148	509.552661301	77.223	599.398	0.4584	522.175	-59.93	
704	Spectrogram 1	1	509.743657197	510.469441605	213.283	312.570	0.7258	99.287	-45.32	
705	Spectrogram 1	1	509.827695392	510.408322918	654.557	812.681	0.5806	158.124	-72.25	un
706	Spectrogram 1	1	510.026331125	510.981310608	22.064	73.546	0.9550	51.482	-56.95	
707	Spectrogram 1	1	510.805594383	511.034789460	180.187	330.956	0.2292	150.769	-57.36	
708	Spectrogram 1	1	509.826472741	510.452939283	494.045	587.653	0.6265	93.608	-66.68	un
709	Spectrogram 1	1	510.804371733	511.912147934	514.847	603.255	1.1078	88.408	-69.54	
710	Spectrogram 1	1	511.407918767	511.973266621	114.410	182.017	0.5653	67.607	-52.97	
711	Spectrogram 1	1	511.797550396	512.538614475	934.096	1792.174	0.7411	858.078	-74.05	
712	Spectrogram 1	1	512.263580384	512.668491685	95.610	654.557	0.4049	558.947	-58.67	
713	Spectrogram 1	1	512.401097430	512.882407090	231.669	283.151	0.4813	51.482	-54.76	
714	Spectrogram 1	1	513.531793139	514.211738531	183.864	323.601	0.6799	139.737	-46.55	
715	Spectrogram 1	1	512.811247677	513.361315860	693.280	939.658	0.5501	246.378	-75.51	
716	Spectrogram 1	1	514.301015672	515.072639095	7.355	172.833	0.7716	165.478	-57.44	
717	Spectrogram 1	1	515.332393514	516.104016937	84.578	257.410	0.7716	172.832	-54.89	
718	Spectrogram 1	1	515.500469904	515.737304816	139.737	500.111	0.2368	360.374	-59.13	
719	Spectrogram 1	1	515.255995156	515.729664980	14.709	62.514	0.4737	47.805	-59.57	
720	Spectrogram 1	1	516.188055132	516.379051029	80.900	389.793	0.1910	308.893	-55.20	
721	Spectrogram 1	1	516.302652670	517.165954123	106.641	239.024	0.8633	132.383	-51.69	
722	Spectrogram 1	1	514.423253046	514.805244839	743.667	858.078	0.3820	114.411	-75.72	
723	Spectrogram 1	1	514.690647301	514.973321229	639.658	837.276	0.2827	197.618	-73.57	
724	Spectrogram 1	1	514.705926973	515.362952858	499.245	592.854	0.6570	93.609	-71.26	
725	Spectrogram 1	1	517.117317769	519.011997065	655.259	863.278	1.8947	208.019	-67.71	
726	Spectrogram 1	1	516.819364170	517.781983490	286.829	389.793	0.9626	102.964	-65.41	
727	Spectrogram 1	1	518.500128061	519.202992962	216.960	301.538	0.7029	84.578	-42.38	
728	Spectrogram 1	1	517.896581028	518.446649210	136.060	213.283	0.5501	77.223	-59.72	
729	Spectrogram 1	1	519.722501801	519.982256220	106.641	709.717	0.2598	603.076	-57.68	
730	Spectrogram 1	1	519.949363652	521.805843768	147.092	290.506	1.8565	143.414	-61.34	
731	Spectrogram 1	1	521.706525902	522.439950145	40.450	106.641	0.7334	66.191	-54.71	
732	Spectrogram 1	1	521.981559993	522.294793264	91.932	147.092	0.3132	55.160	-53.75	
733	Spectrogram 1	1	520.522351342	520.942542315	658.235	827.390	0.4202	169.155	-67.49	
734	Spectrogram 1	1	520.934902479	521.668326723	581.012	878.872	0.7334	297.860	-64.06	
735	Spectrogram 1	1	522.363551787	522.898340298	194.896	323.601	0.5348	128.705	-45.41	
736	Spectrogram 1	1	522.821941939	523.043497179	220.637	290.506	0.2216	69.869	-48.63	
737	Spectrogram 1	1	522.791382596	522.974738656	224.315	533.207	0.1834	308.892	-52.16	
738	Spectrogram 1	1	522.546907848	523.937357976	1093.130	1273.317	1.3905	180.187	-73.61	
739	Spectrogram 1	1	521.523169841	522.340632279	1066.038	1235.193	0.8175	169.155	-77.07	
740	Spectrogram 1	1	522.951819149	524.105434365	22.064	84.578	1.1536	62.514	-63.71	
741	Spectrogram 1	1	523.203933733	523.738722244	224.315	301.538	0.5348	77.223	-59.52	
742	Spectrogram 1	1	522.890700462	523.784561259	478.048	581.012	0.8939	102.964	-68.34	un
743	Spectrogram 1	1	523.792201095	524.174192888	113.996	683.976	0.3820	569.980	-59.20	
744	Spectrogram 1	1	524.775469113	525.340816968	80.900	250.056	0.5653	169.156	-55.46	
745	Spectrogram 1	1	525.432494998	526.685428081	106.641	286.829	1.2529	180.188	-53.07	
746	Spectrogram 1	1	527.449411668	527.762644939	88.255	695.008	0.3132	606.753	-57.71	
747	Spectrogram 1	1	527.762644939	528.564827705	176.510	308.892	0.8022	132.382	-46.39	
748	Spectrogram 1	1	528.205755419	528.595387049	253.733	297.860	0.3896	44.127	-44.35	
749	Spectrogram 1	1	528.702344751	530.291430612	106.641	264.765	1.5891	158.124	-57.69	
750	Spectrogram 1	1	529.122535724	529.871239639	40.450	150.769	0.7487	110.319	-56.33	
751	Spectrogram 1	1	526.410393990	526.838224798	780.071	866.113	0.4278	86.042	-67.46	
752	Spectrogram 1	1	526.685428081	527.457051504	902.886	1046.300	0.7716	143.414	-73.34	
753	Spectrogram 1	1	527.365373473	527.816123790	1261.532	1566.747	0.4508	305.215	-76.01	
755	Spectrogram 1	1	528.612393189	530.430674126	614.107	853.131	1.8183	239.024	-69.48	
756	Spectrogram 1	1	530.996021981	532.103798182	0.000	73.546	1.1078	73.546	-60.74	
757	Spectrogram 1	1	530.827945591	531.767645404	187.542	316.247	0.9397	128.705	-58.78	
758	Spectrogram 1	1	531.660687701	532.103798182	194.896	319.924	0.4431	125.028	-46.24	
759	Spectrogram 1	1	532.103798182	532.554548498	66.191	562.625	0.4508	496.434	-56.48	
760	Spectrogram 1	1	531.798204747	532.401751781	985.736	1526.297	0.6035	540.561	-70.82	
761	Spectrogram 1	1	533.283538223	534.605229829	77.223	250.056	1.3217	172.833	-51.42	
762	Spectrogram 1	1	534.101000661	535.063619981	187.542	536.884	0.9626	349.342	-61.72	
763	Spectrogram 1	1	535.789404389	536.469349781	191.219	330.956	0.6799	139.737	-45.53	
764	Spectrogram 1	1	535.682446686	536.010959629	106.641	625.139	0.3285	518.498	-52.72	
765	Spectrogram 1	1	536.622146498	536.767303380	147.092	264.765	0.1452	117.673	-53.83	
766	Spectrogram 1	1	537.111095994	537.325011399	235.346	349.342	0.2139	113.996	-58.98	
767	Spectrogram 1	1	537.864022624	538.582167196	551.593	801.649	0.7181	250.056	-67.89	
768	Spectrogram 1	1	538.139056715	538.834281779	40.450	132.382	0.6952	91.932	-55.88	
769	Spectrogram 1	1	538.375891627	538.635646047	191.219	404.502	0.2598	213.283	-57.27	
770	Spectrogram 1	1	538.872480959	539.751062084	194.896	261.088	0.8786	66.192	-58.41	
771	Spectrogram 1	1	539.682303561	540.706041568	106.641	286.829	1.0237	180.188	-51.19	
772	Spectrogram 1	1	540.369888789	540.614363537	62.514	599.398	0.2445	536.884	-56.84	
773	Spectrogram 1	1	540.533107876	540.853980983	768.553	816.358	0.3209	47.805	-68.46	
774	Spectrogram 1	1	540.720862641	541.645282782	2496.571	2720.886	0.9244	224.315	-77.14	
775	Spectrogram 1	1	544.899852863	545.404082030	2323.739	2573.794	0.5042	250.055	-76.50	
776	Spectrogram 1	1	529.553764493	530.409426110	1492.979	1669.489	0.8557	176.510	-77.54	
777	Spectrogram 1	1	529.507925478	530.027434317	603.075	853.131	0.5195	250.056	-69.80	
778	Spectrogram 1	1	530.585142335	530.997693472	1500.334	1647.425	0.4126	147.091	-78.84	
779	Spectrogram 1	1	533.656356356	534.588416332	926.677	1059.059	0.9321	132.382	-74.61	
780	Spectrogram 1	1	533.289644234	534.787052064	1375.306	1603.298	1.4974	227.992	-75.79	
781	Spectrogram 1	1	532.723678441	532.952873517	202.251	250.056	0.2292	47.805	-60.71	
782	Spectrogram 1	1	539.188944538	540.006406976	676.621	809.004	0.8175	132.383	-66.34	
783	Spectrogram 1	1	541.511454642	541.916365943	69.868	209.605	0.4049	139.737	-53.64	
784	Spectrogram 1	1	542.168480527	542.894264935	106.641	261.088	0.7258	154.447	-51.02	
785	Spectrogram 1	1	542.863705591	543.727007045	143.414	231.669	0.8633	88.255	-57.28	
786	Spectrogram 1	1	542.985942965	544.116638674	447.241	525.248	1.1307	78.007	-68.42	
787	Spectrogram 1	1	543.016502309	543.490172133	696.863	842.476	0.4737	145.613	-68.84	
788	Spectrogram 1	1	543.884026498	544.724408444	2000.240	2504.686	0.8404	504.446	-70.57	
789	Spectrogram 1	1	544.328243529	545.069307609	66.191	345.665	0.7411	279.474	-52.29	
790	Spectrogram 1	1	544.068489109	544.328243529	66.191	595.721	0.2598	529.530	-60.77	
791	Spectrogram 1	1	545.023468593	545.649935135	941.386	1036.995	0.6265	95.609	-73.32	
792	Spectrogram 1	1	545.749253001	546.581995111	29.418	143.414	0.8327	113.996	-57.58	
793	Spectrogram 1	1	548.148161464	548.935064559	95.610	301.538	0.7869	205.928	-46.85	
794	Spectrogram 1	1	547.078584443	548.064123270	1132.605	1463.561	0.9855	330.956	-67.01	
795	Spectrogram 1	1	547.101503950	547.972445239	2362.615	2855.372	0.8709	492.757	-68.27	
796	Spectrogram 1	1	546.711872321	547.651572133	22.064	66.191	0.9397	44.127	-59.56	
797	Spectrogram 1	1	548.745524147	549.287952494	15.601	72.807	0.5424	57.206	-55.70	
798	Spectrogram 1	1	550.304050664	551.159712282	135.212	254.823	0.8557	119.611	-60.78	
799	Spectrogram 1	1	551.075674087	551.625742270	78.007	249.623	0.5501	171.616	-54.57	
800	Spectrogram 1	1	551.656301613	552.504323395	72.807	780.071	0.8480	707.264	-56.41	
801	Spectrogram 1	1	549.998457230	550.884678191	722.866	1201.309	0.8862	478.443	-74.30	
802	Spectrogram 1	1	552.618920933	553.451663043	951.686	1081.698	0.8327	130.012	-77.20	
803	Spectrogram 1	1	552.214009632	552.886315189	11.032	69.868	0.6723	58.836	-59.66	
804	Spectrogram 1	1	553.359985013	553.879493852	14.709	73.546	0.5195	58.837	-51.21	
805	Spectrogram 1	1	553.963532046	554.261485645	22.064	66.191	0.2980	44.127	-54.98	
806	Spectrogram 1	1	553.864214180	554.612918095	191.219	312.570	0.7487	121.351	-45.26	
807	Spectrogram 1	1	553.352345177	554.269125481	415.534	514.820	0.9168	99.286	-63.75	
808	Spectrogram 1	1	554.528472096	555.391773550	31.203	182.017	0.8633	150.814	-58.58	
809	Spectrogram 1	1	557.309372353	557.607325952	52.005	707.264	0.2980	655.259	-58.33	
810	Spectrogram 1	1	557.691364147	558.111555120	182.017	306.828	0.4202	124.811	-44.15	
811	Spectrogram 1	1	558.096275448	558.294911180	228.821	317.229	0.1986	88.408	-47.85	
812	Spectrogram 1	1	556.400231885	557.653164967	382.438	492.757	1.2529	110.319	-64.33	
813	Spectrogram 1	1	558.478267241	559.799958847	389.793	467.016	1.3217	77.223	-67.12	
815	Spectrogram 1	1	556.140477465	556.774583842	1367.951	1456.206	0.6341	88.255	-76.04	
816	Spectrogram 1	1	554.986862248	555.972401076	404.502	507.466	0.9855	102.964	-68.24	
817	Spectrogram 1	1	559.549986515	560.627203372	84.578	239.024	1.0772	154.446	-52.15	
818	Spectrogram 1	1	561.635661707	562.330886772	198.574	330.956	0.6952	132.382	-47.87	
820	Spectrogram 1	1	555.987680747	556.400231885	93.608	410.837	0.4126	317.229	-54.87	
821	Spectrogram 1	1	555.506371088	555.689727149	1929.423	2038.633	0.1834	109.210	-71.72	un
822	Spectrogram 1	1	555.414693057	555.643888133	2163.444	2288.255	0.2292	124.811	-73.60	un
823	Spectrogram 1	1	562.791847317	564.258695804	1191.723	1524.553	1.4668	332.830	-66.43	
824	Spectrogram 1	1	563.265517141	563.578750412	7.355	55.159	0.3132	47.804	-58.04	
825	Spectrogram 1	1	563.173839111	563.563470740	80.900	180.187	0.3896	99.287	-54.14	
826	Spectrogram 1	1	563.074521244	563.395394351	172.833	323.601	0.3209	150.768	-57.55	
827	Spectrogram 1	1	565.947099532	566.604125416	202.251	330.956	0.6570	128.705	-49.12	
828	Spectrogram 1	1	564.075339743	566.054057234	360.374	514.820	1.9787	154.446	-65.32	
829	Spectrogram 1	1	566.397451714	567.787901842	1083.671	1495.528	1.3905	411.857	-68.53	
830	Spectrogram 1	1	567.222553988	567.459388900	106.641	169.155	0.2368	62.514	-54.85	
831	Spectrogram 1	1	567.520507587	568.116414785	84.578	165.478	0.5959	80.900	-47.97	
832	Spectrogram 1	1	567.780262007	570.003454245	349.342	492.757	2.2232	143.415	-62.73	
833	Spectrogram 1	1	569.560343764	569.858297363	187.542	319.924	0.2980	132.382	-45.32	
834	Spectrogram 1	1	569.904136379	570.110411947	246.378	316.247	0.2063	69.869	-47.48	
835	Spectrogram 1	1	570.507683412	570.874395534	158.123	272.119	0.3667	113.996	-53.95	
836	Spectrogram 1	1	570.278488336	571.233467820	345.665	783.263	0.9550	437.598	-65.72	
837	Spectrogram 1	1	571.086834256	571.789699156	1119.469	1468.812	0.7029	349.343	-72.57	
838	Spectrogram 1	1	573.153544352	573.489697130	161.801	330.956	0.3362	169.155	-48.93	
839	Spectrogram 1	1	573.520256474	573.902248267	205.928	334.633	0.3820	128.705	-56.46	
840	Spectrogram 1	1	575.071143155	575.972643788	73.546	183.864	0.9015	110.318	-48.13	
841	Spectrogram 1	1	571.954090120	572.825031409	1029.641	1250.278	0.8709	220.637	-78.89	
842	Spectrogram 1	1	575.325789017	577.350345522	345.665	467.016	2.0246	121.351	-64.21	
843	Spectrogram 1	1	577.915693377	578.206007140	176.510	345.665	0.2903	169.155	-46.79	
844	Spectrogram 1	1	578.244206319	578.458121724	253.733	338.311	0.2139	84.578	-52.07	
845	Spectrogram 1	1	576.303688008	576.716239145	113.996	775.908	0.4126	661.912	-64.33	
846	Spectrogram 1	1	579.011391604	580.906070900	341.988	422.888	1.8947	80.900	-66.25	
847	Spectrogram 1	1	579.255866352	579.706616668	169.155	272.119	0.4508	102.964	-69.87	
848	Spectrogram 1	1	579.614938638	580.997748930	0.000	95.610	1.3828	95.610	-65.78	
849	Spectrogram 1	1	581.460092989	582.052046280	180.187	360.374	0.5920	180.187	-49.86	
850	Spectrogram 1	1	580.818346776	582.292835099	481.725	775.908	1.4745	294.183	-70.64	
851	Spectrogram 1	1	582.033080679	583.079738194	319.924	411.856	1.0467	91.932	-67.34	
852	Spectrogram 1	1	583.698564899	584.645904547	91.932	338.311	0.9473	246.379	-53.30	
853	Spectrogram 1	1	583.209615403	583.675645391	353.020	470.693	0.4660	117.673	-61.33	
854	Spectrogram 1	1	580.787787432	581.414253974	1086.899	1154.505	0.6265	67.606	-72.77	
855	Spectrogram 1	1	582.338674114	583.026259342	1086.899	1196.108	0.6876	109.209	-72.12	
856	Spectrogram 1	1	583.736764078	584.798701264	973.303	1576.558	1.0619	603.255	-72.61	
857	Spectrogram 1	1	584.240993246	585.027896341	1608.983	1884.608	0.7869	275.625	-72.27	
858	Spectrogram 1	1	584.263912754	585.020256505	13.001	75.407	0.7563	62.406	-59.64	
859	Spectrogram 1	1	586.811188040	588.056481287	1056.918	1426.151	1.2453	369.233	-71.49	
860	Spectrogram 1	1	588.499591768	589.462211088	1056.918	1623.769	0.9626	566.851	-74.44	
861	Spectrogram 1	1	585.909687408	586.398636903	154.446	371.406	0.4889	216.960	-53.44	
862	Spectrogram 1	1	587.070942460	587.330696880	150.769	235.346	0.2598	84.577	-52.18	
863	Spectrogram 1	1	586.536153949	588.446112917	319.924	459.661	1.9100	139.737	-61.44	
864	Spectrogram 1	1	588.148159318	588.461392589	139.737	250.056	0.3132	110.319	-55.92	
865	Spectrogram 1	1	589.806003702	590.294953198	169.155	345.665	0.4889	176.510	-52.86	
866	Spectrogram 1	1	588.064121123	588.782265695	3.677	80.900	0.7181	77.223	-63.92	
867	Spectrogram 1	1	590.372105246	591.922991928	286.829	408.179	1.5509	121.350	-61.96	
868	Spectrogram 1	1	591.197207520	592.014669958	73.546	239.024	0.8175	165.478	-52.98	
869	Spectrogram 1	1	593.153005503	593.626675327	165.478	364.052	0.4737	198.574	-49.60	
870	Spectrogram 1	1	594.131173043	594.406207134	150.769	224.315	0.2750	73.546	-50.25	
871	Spectrogram 1	1	595.139631378	595.391745962	154.446	191.219	0.2521	36.773	-51.55	
872	Spectrogram 1	1	593.848499116	595.613301202	297.860	422.888	1.7648	125.028	-58.61	
873	Spectrogram 1	1	591.770463759	593.970736490	1019.292	1726.557	2.2003	707.264	-71.62	
874	Spectrogram 1	1	596.560640850	596.889153792	1055.604	1147.537	0.3285	91.933	-72.45	
875	Spectrogram 1	1	597.192166639	598.170065630	996.768	1577.779	0.9779	581.011	-68.53	
876	Spectrogram 1	1	596.099670109	596.771975666	3.677	62.514	0.6723	58.837	-61.51	
877	Spectrogram 1	1	596.313585514	596.810174845	139.737	375.083	0.4966	235.346	-53.31	
878	Spectrogram 1	1	597.429001551	597.833912852	11.032	66.191	0.4049	55.159	-53.32	
879	Spectrogram 1	1	597.726955150	598.659015126	55.159	194.896	0.9321	139.737	-52.07	
880	Spectrogram 1	1	597.772794165	599.598714938	279.474	452.307	1.8259	172.833	-56.21	
881	Spectrogram 1	1	599.904308373	600.385618033	172.833	341.988	0.4813	169.155	-50.61	
882	Spectrogram 1	1	598.070747764	599.484117400	610.430	764.876	1.4134	154.446	-71.09	
883	Spectrogram 1	1	599.377159698	599.606354774	44.127	257.410	0.2292	213.283	-57.22	
884	Spectrogram 1	1	601.204960447	602.794046308	242.701	419.211	1.5891	176.510	-55.60	
885	Spectrogram 1	1	602.847525159	603.328834819	158.123	378.761	0.4813	220.638	-52.14	
886	Spectrogram 1	1	603.901822510	604.329653318	18.386	69.868	0.4278	51.482	-53.02	
887	Spectrogram 1	1	601.174401104	601.472354703	0.000	55.159	0.2980	55.159	-58.94	
888	Spectrogram 1	1	600.800049146	601.808507481	500.111	647.203	1.0085	147.092	-69.98	
889	Spectrogram 1	1	601.357757165	602.564851232	525.852	794.294	1.2071	268.442	-72.17	
890	Spectrogram 1	1	603.489271373	603.940021689	121.351	801.649	0.4508	680.298	-63.72	
891	Spectrogram 1	1	604.879721501	605.743022954	44.127	231.669	0.8633	187.542	-56.36	
892	Spectrogram 1	1	605.208234443	606.140294420	275.797	426.566	0.9321	150.769	-57.27	
893	Spectrogram 1	1	604.528289051	604.803323142	143.414	812.681	0.2750	669.267	-67.76	un
894	Spectrogram 1	1	606.152984568	607.008646185	1198.796	1441.497	0.8557	242.701	-70.88	
895	Spectrogram 1	1	606.328700793	607.398277815	441.275	786.940	1.0696	345.665	-68.68	
896	Spectrogram 1	1	609.071401870	610.545890194	1000.223	1331.179	1.4745	330.956	-69.57	
897	Spectrogram 1	1	607.390637979	608.017104520	58.837	397.147	0.6265	338.310	-53.13	
898	Spectrogram 1	1	608.865126302	610.438932491	198.574	367.729	1.5738	169.155	-55.40	
899	Spectrogram 1	1	610.301415446	611.256394930	253.733	312.570	0.9550	58.837	-62.03	
900	Spectrogram 1	1	608.437295493	608.765808436	7.355	73.546	0.3285	66.191	-56.17	
901	Spectrogram 1	1	609.476313172	610.507691014	14.709	73.546	1.0314	58.837	-58.16	
902	Spectrogram 1	1	608.246299596	608.773448272	279.474	341.988	0.5271	62.514	-61.15	
903	Spectrogram 1	1	610.393093476	610.973721002	496.434	783.263	0.5806	286.829	-67.87	
904	Spectrogram 1	1	608.637332854	608.958205961	150.769	783.263	0.3209	632.494	-60.02	
905	Spectrogram 1	1	611.647428187	612.166937026	84.578	562.625	0.5195	478.047	-53.37	
906	Spectrogram 1	1	611.792585069	612.373212595	14.709	77.223	0.5806	62.514	-57.31	
907	Spectrogram 1	1	612.571848328	613.366391258	14.709	91.932	0.7945	77.223	-61.70	
908	Spectrogram 1	1	611.319573848	612.203285021	1114.441	1526.297	0.8837	411.856	-73.40	
909	Spectrogram 1	1	613.741401819	614.780419497	1151.214	1386.560	1.0390	235.346	-62.53	
910	Spectrogram 1	1	613.756681490	614.635262616	2137.925	2693.195	0.8786	555.270	-68.09	
911	Spectrogram 1	1	613.573325429	614.444266719	40.450	169.155	0.8709	128.705	-55.09	
914	Spectrogram 1	1	612.583966684	613.852179439	205.928	375.083	1.2682	169.155	-59.77	
915	Spectrogram 1	1	613.982056649	615.754498571	496.434	919.322	1.7724	422.888	-66.56	
916	Spectrogram 1	1	613.898018454	615.762138407	113.996	330.956	1.8641	216.960	-62.71	
917	Spectrogram 1	1	615.754498571	616.274007410	77.223	448.629	0.5195	371.406	-52.57	
918	Spectrogram 1	1	616.411524456	617.175508043	14.709	69.868	0.7640	55.159	-58.49	
919	Spectrogram 1	1	615.624621361	616.319846425	3.677	66.191	0.6952	62.514	-60.73	
920	Spectrogram 1	1	616.953952802	617.954771301	661.912	889.904	1.0008	227.992	-69.18	
921	Spectrogram 1	1	616.457363471	617.198427550	246.378	371.406	0.7411	125.028	-55.20	
922	Spectrogram 1	1	616.541401665	617.878372943	88.255	239.024	1.3370	150.769	-60.97	
923	Spectrogram 1	1	616.953952802	617.251906401	489.079	566.302	0.2980	77.223	-66.66	
924	Spectrogram 1	1	617.496381149	617.886012779	1664.151	2501.976	0.3896	837.825	-70.50	
925	Spectrogram 1	1	617.506808932	618.988937091	447.241	748.868	1.4821	301.627	-64.95	
926	Spectrogram 1	1	618.530546939	619.111174465	93.608	426.439	0.5806	332.830	-61.27	
927	Spectrogram 1	1	619.363289049	619.859878381	84.578	639.848	0.4966	555.271	-54.18	
928	Spectrogram 1	1	618.767381851	619.095894794	3.677	58.837	0.3285	55.159	-60.86	
929	Spectrogram 1	1	619.959196247	621.173930150	172.833	286.829	1.2147	113.996	-62.06	
930	Spectrogram 1	1	620.807218029	622.083070619	7.355	117.673	1.2759	110.319	-58.39	
931	Spectrogram 1	1	621.089891956	621.533002436	279.474	341.988	0.4431	62.514	-61.97	
932	Spectrogram 1	1	621.953193409	622.900533057	191.219	334.633	0.9473	143.414	-68.42	
933	Spectrogram 1	1	620.998213925	622.197668157	437.597	643.526	1.1995	205.928	-68.89	
934	Spectrogram 1	1	620.166189684	620.539823773	936.085	1585.134	0.3736	649.049	-70.79	
935	Spectrogram 1	1	623.042545030	623.363418136	180.187	242.701	0.3209	62.514	-66.23	
936	Spectrogram 1	1	623.638452228	624.058643200	80.900	823.713	0.4202	742.812	-55.13	
937	Spectrogram 1	1	624.066283036	625.315396201	268.442	478.048	1.2491	209.605	-67.00	
938	Spectrogram 1	1	624.883745474	625.701207913	687.653	761.199	0.8175	73.546	-62.30	
939	Spectrogram 1	1	625.635584123	626.590563606	180.187	338.311	0.9550	158.123	-65.96	
940	Spectrogram 1	1	626.582923771	627.728899151	426.566	790.617	1.1460	364.052	-65.03	
941	Spectrogram 1	1	627.217030148	628.110890945	216.960	378.761	0.8939	161.801	-54.39	
942	Spectrogram 1	1	627.599021941	627.950454391	69.868	430.243	0.3514	360.374	-51.68	
944	Spectrogram 1	1	625.657495864	625.986008807	1022.286	1485.625	0.3285	463.338	-71.60	
945	Spectrogram 1	1	628.392557106	629.996922639	1154.669	1551.816	1.6044	397.147	-69.42	
946	Spectrogram 1	1	629.957214733	630.889274709	33.096	125.028	0.9321	91.932	-55.03	
947	Spectrogram 1	1	629.078633608	629.399506714	246.378	305.215	0.3209	58.837	-61.68	
948	Spectrogram 1	1	629.529383924	630.186409809	250.056	341.988	0.6570	91.932	-63.70	
949	Spectrogram 1	1	630.606600782	631.294186010	925.684	1170.106	0.6876	244.422	-73.42	
951	Spectrogram 1	1	631.958851731	633.219424649	1121.313	1552.952	1.2606	431.639	-66.04	
952	Spectrogram 1	1	630.209329316	630.667719469	593.465	811.885	0.4584	218.420	-67.37	
953	Spectrogram 1	1	630.851075530	632.104008612	497.256	884.691	1.2529	387.435	-67.41	
954	Spectrogram 1	1	630.377405706	632.096368776	356.843	494.656	1.7190	137.812	-68.75	
955	Spectrogram 1	1	632.356123196	632.867992199	427.050	585.664	0.5119	158.614	-63.89	
956	Spectrogram 1	1	632.126928120	632.806873512	127.615	361.636	0.6799	234.021	-54.03	
957	Spectrogram 1	1	634.000438048	635.383248340	935.605	1281.270	1.3828	345.665	-72.21	
958	Spectrogram 1	1	636.154871763	637.041092724	1093.728	1523.971	0.8862	430.243	-65.73	
959	Spectrogram 1	1	638.301665643	638.660737929	1060.633	1472.489	0.3591	411.856	-71.86	
960	Spectrogram 1	1	638.118309582	638.744776123	33.096	121.351	0.6265	88.255	-53.92	
961	Spectrogram 1	1	635.115854085	636.185431107	577.334	764.876	1.0696	187.542	-71.62	
962	Spectrogram 1	1	636.246549794	636.766058633	73.546	367.729	0.5195	294.183	-54.02	
963	Spectrogram 1	1	636.834817156	637.369605667	209.605	279.474	0.5348	69.868	-63.38	
964	Spectrogram 1	1	635.001256547	635.986795374	198.574	389.793	0.9855	191.219	-69.98	
965	Spectrogram 1	1	633.488569044	635.077654905	55.159	345.665	1.5891	290.506	-60.84	
966	Spectrogram 1	1	637.216808949	638.630178585	426.566	809.004	1.4134	382.438	-66.07	
967	Spectrogram 1	1	637.942593357	638.370424166	227.992	353.020	0.4278	125.028	-53.41	
968	Spectrogram 1	1	636.338227824	636.697300110	485.402	845.776	0.3591	360.374	-66.03	
969	Spectrogram 1	1	640.051024153	640.333698080	1007.577	1331.179	0.2827	323.601	-70.99	
970	Spectrogram 1	1	640.448295618	640.906685770	1404.724	1618.007	0.4584	213.283	-63.99	
971	Spectrogram 1	1	640.616372007	641.013643473	1713.617	1823.935	0.3973	110.319	-66.80	
972	Spectrogram 1	1	641.258118220	641.960983121	1154.669	1485.625	0.7029	330.956	-64.87	
973	Spectrogram 1	1	642.908322769	643.389632428	1051.705	2324.047	0.4813	1272.342	-73.40	
974	Spectrogram 1	1	638.645294353	639.592634001	569.980	1055.382	0.9473	485.402	-74.85	
975	Spectrogram 1	1	638.393179769	639.195362535	147.092	353.020	0.8022	205.928	-60.49	
976	Spectrogram 1	1	639.844748584	640.150342019	268.442	327.279	0.3056	58.837	-65.87	
977	Spectrogram 1	1	640.089223332	640.341337916	80.900	665.589	0.2521	584.689	-54.24	
978	Spectrogram 1	1	640.524693977	641.540792148	334.633	448.629	1.0161	113.996	-64.02	
979	Spectrogram 1	1	641.418554774	641.785266895	533.207	595.721	0.3667	62.514	-71.01	
980	Spectrogram 1	1	641.701228701	643.412551936	422.888	827.390	1.7113	404.502	-69.58	
981	Spectrogram 1	1	641.960983121	642.388813929	69.868	147.092	0.4278	77.223	-59.64	
982	Spectrogram 1	1	641.311284885	641.532840125	254.823	826.875	0.2216	572.052	-65.20	
983	Spectrogram 1	1	643.290002376	644.298460711	213.219	358.833	1.0085	145.613	-53.57	
984	Spectrogram 1	1	643.756032364	644.168583501	78.007	910.083	0.4126	832.075	-54.89	
985	Spectrogram 1	1	642.237333515	642.428329411	275.797	327.279	0.1910	51.482	-60.31	
986	Spectrogram 1	1	644.823986917	645.259457562	987.323	1861.002	0.4355	873.679	-73.21	
987	Spectrogram 1	1	647.207615709	647.612527010	838.498	1805.786	0.4049	967.288	-71.43	
988	Spectrogram 1	1	645.473372966	645.947042790	44.127	84.578	0.4737	40.450	-51.64	
989	Spectrogram 1	1	649.298713478	650.987117205	1044.350	1390.015	1.6884	345.665	-63.28	
990	Spectrogram 1	1	647.220678121	648.313174651	455.984	816.358	1.0925	360.374	-64.63	
991	Spectrogram 1	1	647.342915495	647.694347945	275.797	353.020	0.3514	77.223	-49.30	
992	Spectrogram 1	1	647.526271556	647.763106468	73.546	349.342	0.2368	275.797	-48.80	
993	Spectrogram 1	1	648.802124146	651.193392774	18.386	257.410	2.3913	239.024	-62.53	
994	Spectrogram 1	1	651.086435072	651.300350476	95.610	353.020	0.2139	257.410	-49.53	
995	Spectrogram 1	1	650.116175916	651.132274087	290.506	452.307	1.0161	161.801	-64.65	
996	Spectrogram 1	1	650.834320488	651.132274087	522.175	761.199	0.2980	239.024	-68.45	
997	Spectrogram 1	1	652.330602596	653.392539782	1054.253	1524.946	1.0619	470.693	-69.07	
998	Spectrogram 1	1	654.263481071	654.981625643	1124.122	1521.269	0.7181	397.147	-76.65	
999	Spectrogram 1	1	652.781352912	654.599633849	180.187	349.342	1.8183	169.155	-57.36	
1000	Spectrogram 1	1	653.698133217	654.210002220	36.773	106.641	0.5119	69.868	-52.89	
1002	Spectrogram 1	1	654.851748433	655.722689722	187.542	242.701	0.8709	55.159	-66.02	
1003	Spectrogram 1	1	654.416277788	654.912867120	536.884	632.494	0.4966	95.610	-67.38	
1004	Spectrogram 1	1	656.272757905	656.532512325	84.578	371.406	0.2598	286.829	-50.31	
1005	Spectrogram 1	1	653.705773053	654.485036311	562.625	772.231	0.7793	209.605	-69.67	
1006	Spectrogram 1	1	657.145464770	658.092804418	1024.835	1925.771	0.9473	900.936	-72.02	
1007	Spectrogram 1	1	656.778752649	657.565655743	183.864	360.374	0.7869	176.510	-56.43	
1008	Spectrogram 1	1	659.720089459	660.018043058	77.223	345.665	0.2980	268.442	-51.25	
1009	Spectrogram 1	1	655.426626533	656.671919780	536.884	875.195	1.2453	338.311	-69.33	
1010	Spectrogram 1	1	658.619967571	659.834701475	379.634	811.274	1.2147	431.639	-62.13	
1011	Spectrogram 1	1	662.233609938	663.303186960	197.618	338.031	1.0696	140.413	-54.06	
1012	Spectrogram 1	1	660.675083421	661.408507664	1008.892	2433.821	0.7334	1424.929	-75.60	
1013	Spectrogram 1	1	661.561304382	662.126652236	977.689	1747.358	0.5653	769.670	-71.47	
1014	Spectrogram 1	1	663.424593266	664.708085693	1036.995	1529.752	1.2835	492.757	-68.10	
1016	Spectrogram 1	1	664.860882410	666.008446669	1029.641	1890.126	1.1476	860.486	-74.20	
1017	Spectrogram 1	1	664.257335376	664.616407662	522.175	786.940	0.3591	264.765	-71.77	
1018	Spectrogram 1	1	666.060336642	666.388849584	257.410	360.374	0.3285	102.964	-52.28	
1019	Spectrogram 1	1	667.741100533	668.726639361	411.856	786.940	0.9855	375.083	-61.43	
1020	Spectrogram 1	1	667.305629889	667.786939549	51.482	794.294	0.4813	742.812	-56.12	
1021	Spectrogram 1	1	667.488985950	668.512723956	842.698	938.307	1.0237	95.610	-71.79	
1022	Spectrogram 1	1	667.894165562	668.528271939	962.697	2010.724	0.6341	1048.027	-73.42	
1023	Spectrogram 1	1	668.810945867	669.788844858	88.255	187.542	0.9779	99.287	-56.62	
1024	Spectrogram 1	1	668.734547508	669.215857168	261.088	353.020	0.4813	91.932	-60.99	
1025	Spectrogram 1	1	669.307535198	669.995120427	25.741	91.932	0.6876	66.191	-55.36	
1026	Spectrogram 1	1	670.770957650	671.374504684	867.840	2485.847	0.6035	1618.007	-71.81	
1027	Spectrogram 1	1	672.688556454	672.963590545	1195.341	1408.624	0.2750	213.283	-69.30	
1028	Spectrogram 1	1	674.399879689	674.942308036	1048.250	2291.173	0.5424	1242.924	-71.25	
1029	Spectrogram 1	1	674.888829185	675.752130638	1254.178	2136.727	0.8633	882.549	-73.78	
1030	Spectrogram 1	1	612.195645185	612.837391398	1298.305	2114.663	0.6417	816.358	-74.27	
1031	Spectrogram 1	1	609.307518677	610.201379474	2063.181	2555.938	0.8939	492.757	-69.20	
1033	Spectrogram 1	1	619.631132625	619.913806552	1809.764	2392.217	0.2827	582.453	-69.56	
1034	Spectrogram 1	1	619.822397070	620.273147387	478.048	742.812	0.4508	264.765	-68.44	
1035	Spectrogram 1	1	664.900670467	665.152785051	135.212	837.276	0.2521	702.064	-61.27	
1036	Spectrogram 1	1	671.081519736	672.227495117	205.928	371.406	1.1460	165.478	-51.55	
1037	Spectrogram 1	1	671.455871694	671.860782995	84.578	801.649	0.4049	717.071	-55.09	
1038	Spectrogram 1	1	670.348095493	671.050960393	270.425	358.833	0.7029	88.408	-66.58	
1039	Spectrogram 1	1	674.836029984	675.332619315	218.420	348.432	0.4966	130.012	-50.85	
1040	Spectrogram 1	1	675.133983583	675.279140464	182.017	364.033	0.1452	182.017	-48.37	
1041	Spectrogram 1	1	677.441214016	678.037121214	46.804	117.011	0.5959	70.206	-54.37	
1042	Spectrogram 1	1	676.753628787	678.060040721	1471.781	1705.803	1.3064	234.021	-70.84	
1044	Spectrogram 1	1	674.110245576	674.858949491	272.119	334.633	0.7487	62.514	-61.77	
1045	Spectrogram 1	1	678.022860473	679.344552079	430.243	717.071	1.3217	286.829	-62.63	
1046	Spectrogram 1	1	679.665425185	680.559285982	205.928	353.020	0.8939	147.092	-52.95	
1047	Spectrogram 1	1	679.398030930	679.703624364	55.159	356.697	0.3056	301.538	-54.86	
1048	Spectrogram 1	1	680.811400566	681.101714329	136.060	800.873	0.2903	664.813	-61.35	
1049	Spectrogram 1	1	681.764618871	683.019313132	422.888	647.203	1.2547	224.315	-60.36	
1050	Spectrogram 1	1	680.055056815	680.895438760	769.670	936.085	0.8404	166.415	-72.14	un
1051	Spectrogram 1	1	680.612764833	681.040595642	1310.519	2756.250	0.4278	1445.731	-75.63	
1053	Spectrogram 1	1	683.223827522	683.613459152	231.669	349.342	0.3896	117.673	-50.49	
1054	Spectrogram 1	1	683.284946209	683.521781121	73.546	268.442	0.2368	194.896	-50.63	
1055	Spectrogram 1	1	684.730370306	685.479074221	25.741	99.287	0.7487	73.546	-54.61	
1056	Spectrogram 1	1	686.350015510	686.854244678	77.223	360.374	0.5042	283.151	-53.39	
1057	Spectrogram 1	1	687.297355158	688.473889882	426.566	772.231	1.1765	345.665	-60.76	
1058	Spectrogram 1	1	687.893262356	688.573207749	216.960	356.697	0.6799	139.737	-51.06	
1059	Spectrogram 1	1	686.892443857	687.740465639	658.235	779.585	0.8480	121.351	-62.33	
1060	Spectrogram 1	1	683.943467211	684.516454901	1492.979	1765.099	0.5730	272.119	-70.69	
1061	Spectrogram 1	1	684.592853260	685.035963740	1390.015	2162.246	0.4431	772.231	-75.11	
1062	Spectrogram 1	1	689.595364423	689.855118842	99.287	349.342	0.2598	250.056	-50.64	
1063	Spectrogram 1	1	690.588543086	691.222649463	88.255	191.219	0.6341	102.964	-61.77	
1064	Spectrogram 1	1	691.688679451	692.269306978	29.418	110.319	0.5806	80.900	-54.81	
1065	Spectrogram 1	1	691.428925032	692.399184187	187.542	371.406	0.9703	183.864	-57.97	
1066	Spectrogram 1	1	693.789634316	694.057028571	80.900	341.988	0.2674	261.088	-49.12	
1067	Spectrogram 1	1	688.980371778	689.423482259	573.657	636.171	0.4431	62.514	-66.35	
1068	Spectrogram 1	1	696.043896033	696.410608155	275.625	358.833	0.3667	83.208	-49.63	
1069	Spectrogram 1	1	697.357947803	697.548943699	91.008	301.627	0.1910	210.619	-51.24	
1070	Spectrogram 1	1	699.902013148	700.505560181	44.204	117.011	0.6035	72.807	-53.49	
1071	Spectrogram 1	1	699.917292819	700.192326911	270.425	403.037	0.2750	132.612	-56.60	
1072	Spectrogram 1	1	697.770498940	699.665178236	428.892	811.330	1.8947	382.438	-61.83	
1073	Spectrogram 1	1	702.295657823	702.631810601	78.007	884.080	0.3362	806.073	-57.03	
1074	Spectrogram 1	1	701.974784716	703.418713696	431.639	780.071	1.4439	348.432	-61.16	
1075	Spectrogram 1	1	702.990882887	704.579968748	1252.450	1745.207	1.5891	492.757	-76.72	
1076	Spectrogram 1	1	706.295837357	706.563231612	69.868	893.581	0.2674	823.713	-56.34	
1077	Spectrogram 1	1	707.151498974	708.541949103	415.534	812.681	1.3905	397.147	-61.25	
1078	Spectrogram 1	1	707.136219302	708.114118294	1494.177	2163.443	0.9779	669.267	-74.66	
1079	Spectrogram 1	1	709.173911133	709.678140300	58.837	801.649	0.5042	742.812	-58.51	
1080	Spectrogram 1	1	710.785916501	710.984552234	73.546	544.239	0.1986	470.693	-59.46	
1081	Spectrogram 1	1	712.550718588	712.886871366	88.255	360.374	0.3362	272.119	-54.14	
1082	Spectrogram 1	1	711.702696806	712.153447122	998.491	1820.165	0.4508	821.675	-75.29	
1083	Spectrogram 1	1	711.526980581	712.176366630	46.804	192.417	0.6494	145.613	-62.49	
1084	Spectrogram 1	1	713.998576853	714.541005200	41.604	104.009	0.5424	62.406	-55.73	
1085	Spectrogram 1	1	713.769381777	714.029136197	273.025	452.441	0.2598	179.416	-59.36	
1086	Spectrogram 1	1	716.000213852	716.504443019	75.407	535.649	0.5042	460.242	-54.61	
1087	Spectrogram 1	1	715.083433547	715.656421237	319.829	434.239	0.5730	114.410	-69.07	
1088	Spectrogram 1	1	715.198031085	715.931455329	59.805	244.422	0.7334	184.617	-69.74	
1089	Spectrogram 1	1	716.970473007	718.666516570	467.016	878.872	1.6960	411.856	-62.22	
1090	Spectrogram 1	1	719.032792446	719.728017510	31.203	163.815	0.6952	132.612	-59.73	
1091	Spectrogram 1	1	719.628699644	720.018331273	96.209	889.281	0.3896	793.072	-59.14	
1092	Spectrogram 1	1	720.262806021	721.179586325	169.015	267.824	0.9168	98.809	-66.41	
1093	Spectrogram 1	1	722.493638095	723.020786770	31.203	101.409	0.5271	70.206	-55.23	
1094	Spectrogram 1	1	721.019149772	722.409599901	459.661	790.617	1.3905	330.956	-62.42	
1095	Spectrogram 1	1	721.760213852	722.157485317	158.123	378.761	0.3973	220.637	-58.59	
1096	Spectrogram 1	1	722.508917767	723.120104637	934.031	1757.744	0.6112	823.713	-75.93	
1097	Spectrogram 1	1	727.086071923	728.843234173	1367.951	2044.573	1.7572	676.621	-78.39	
1098	Spectrogram 1	1	726.238050141	727.666699449	433.920	805.326	1.4286	371.406	-59.72	
1099	Spectrogram 1	1	723.747463648	724.901078864	216.960	301.538	1.1536	84.578	-62.88	
1100	Spectrogram 1	1	725.160833284	725.443507211	73.546	764.876	0.2827	691.330	-55.94	
1101	Spectrogram 1	1	723.388391362	724.954557715	562.625	735.458	1.5662	172.833	-69.79	
1102	Spectrogram 1	1	726.207490798	726.436685874	150.769	194.896	0.2292	44.127	-52.78	
1103	Spectrogram 1	1	724.022497739	724.022497739	900.936	900.936	0.0000	0.000	-86.17	
1104	Spectrogram 1	1	726.734639473	727.475703552	29.418	224.315	0.7411	194.896	-60.36	
1105	Spectrogram 1	1	731.698594748	732.386179976	1260.668	1847.530	0.6876	586.862	-71.42	
1106	Spectrogram 1	1	728.955893670	729.284406613	61.584	833.200	0.3285	771.615	-56.77	
1107	Spectrogram 1	1	729.971991841	730.422742157	747.979	804.333	0.4508	56.355	-72.98	
1108	Spectrogram 1	1	734.046574694	734.627202220	79.409	207.487	0.5806	128.079	-60.45	
1109	Spectrogram 1	1	734.161172232	734.229930755	271.526	333.004	0.0688	61.478	-47.43	
1110	Spectrogram 1	1	735.985859877	737.437428692	438.336	739.012	1.4516	300.676	-57.68	
1111	Spectrogram 1	1	736.566487403	736.864441002	101.433	423.845	0.2980	322.412	-52.66	
1112	Spectrogram 1	1	730.721159234	731.202468894	416.600	927.388	0.4813	510.788	-68.73	
1113	Spectrogram 1	1	741.030262745	741.694928466	1502.294	2221.064	0.6647	718.770	-77.62	
1115	Spectrogram 1	1	732.860313278	733.440940804	68.830	416.600	0.5806	347.770	-59.68	
1116	Spectrogram 1	1	731.148990043	732.134528870	32.603	101.433	0.9855	68.830	-56.83	
1117	Spectrogram 1	1	739.732312584	740.977605831	431.090	804.219	1.2453	373.129	-61.36	
1118	Spectrogram 1	1	741.817719111	742.283749099	79.697	854.935	0.4660	775.238	-57.42	
1119	Spectrogram 1	1	744.902894888	745.934272731	449.203	800.596	1.0314	351.393	-61.09	
1120	Spectrogram 1	1	745.521721594	745.972471910	137.659	394.864	0.4508	257.205	-54.65	
1121	Spectrogram 1	1	743.672881313	743.932635733	1485.434	1557.887	0.2598	72.452	-68.48	
1122	Spectrogram 1	1	743.840957702	744.192390152	1912.902	2485.274	0.3514	572.372	-70.69	
1123	Spectrogram 1	1	747.802346652	749.032360227	943.537	1678.927	1.2300	735.389	-74.22	
1124	Spectrogram 1	1	747.221719126	748.581609911	518.033	767.993	1.3599	249.960	-72.32	
1125	Spectrogram 1	1	749.936324457	750.157879698	76.075	253.583	0.2216	177.508	-52.78	
1126	Spectrogram 1	1	751.662019765	751.975253035	159.395	239.092	0.3132	79.697	-56.22	
1127	Spectrogram 1	1	753.625457583	755.099945906	463.694	731.767	1.4745	268.073	-59.95	
1128	Spectrogram 1	1	754.595716739	754.801992307	163.017	427.468	0.2063	264.450	-56.24	
1129	Spectrogram 1	1	755.711132776	756.223001779	50.717	126.791	0.5119	76.075	-54.15	
1130	Spectrogram 1	1	753.067749565	753.251105626	90.565	333.280	0.1834	242.715	-56.18	
1131	Spectrogram 1	1	750.745239460	752.181528604	1373.002	1813.592	1.4363	440.590	-71.34	
1132	Spectrogram 1	1	752.036371722	752.930232519	1311.524	1670.144	0.8939	358.620	-73.40	
1133	Spectrogram 1	1	757.868278087	758.135672342	61.478	906.796	0.2674	845.318	-57.97	
1134	Spectrogram 1	1	758.280829224	759.258728215	425.221	742.855	0.9779	317.635	-60.45	
1135	Spectrogram 1	1	758.769778719	758.960774616	76.847	317.635	0.1910	240.788	-56.32	
1136	Spectrogram 1	1	759.664332612	759.840048837	148.571	414.974	0.1757	266.403	-57.60	
1137	Spectrogram 1	1	761.826479076	762.132072510	87.093	886.303	0.3056	799.210	-58.04	
1138	Spectrogram 1	1	763.453764116	764.217747703	496.945	722.363	0.7640	225.418	-57.92	
1139	Spectrogram 1	1	766.159797724	766.457751323	137.659	876.671	0.2980	739.012	-55.97	
1140	Spectrogram 1	1	769.857478285	770.308228602	130.414	394.864	0.4508	264.450	-54.19	
1141	Spectrogram 1	1	768.764981756	770.170711556	1104.148	2205.421	1.4057	1101.273	-72.28	
1142	Spectrogram 1	1	772.536590800	773.331133731	1094.028	1912.737	0.7945	818.709	-66.97	
1143	Spectrogram 1	1	774.362511573	775.439728431	463.694	695.541	1.0772	231.847	-53.20	
1144	Spectrogram 1	1	774.790342382	775.134134996	934.633	1159.235	0.3438	224.602	-60.41	
