Selection	View	Channel	Begin Time (s)	End Time (s)	Low Freq (Hz)	High Freq (Hz)	Delta Time (s)	Delta Freq (Hz)	Avg Power Density (dB FS/Hz)	Annotation
1	Spectrogram 1	1	0.241881138	0.813858836	198.574	382.438	0.5720	183.864	-57.14	
2	Spectrogram 1	1	2.595142211	4.228379734	176.510	301.538	1.6332	125.028	-50.67	
3	Spectrogram 1	1	3.477228299	4.359314387	102.964	205.928	0.8821	102.964	-52.70	
4	Spectrogram 1	1	3.366967538	4.338640495	389.793	853.131	0.9717	463.338	-59.94	
5	Spectrogram 1	1	5.699522901	7.126021497	169.155	330.956	1.4265	161.801	-51.80	
6	Spectrogram 1	1	6.795239214	8.035672775	514.820	904.613	1.2404	389.793	-64.96	
7	Spectrogram 1	1	8.028781477	8.800606804	441.275	558.948	0.7718	117.673	-60.57	
8	Spectrogram 1	1	9.296288041	9.847591846	227.992	367.729	0.5513	139.737	-60.31	
9	Spectrogram 1	1	10.109461154	11.597981427	191.219	316.247	1.4885	125.028	-51.23	
10	Spectrogram 1	1	9.999200393	11.129373193	573.657	875.195	1.1302	301.538	-61.13	
11	Spectrogram 1	1	10.557395495	10.998438539	419.211	514.820	0.4410	95.609	-55.87	
12	Spectrogram 1	1	13.111675646	15.489173304	161.801	360.374	2.3775	198.573	-55.24	
13	Spectrogram 1	1	15.020565070	15.516738495	227.992	316.247	0.4962	88.255	-59.87	
14	Spectrogram 1	1	15.158391022	15.833738183	617.785	882.549	0.6753	264.764	-59.51	
15	Spectrogram 1	1	14.427913480	14.758695763	419.211	588.366	0.3308	169.155	-59.60	
16	Spectrogram 1	1	15.930216348	16.564215724	382.438	779.585	0.6340	397.147	-65.00	
17	Spectrogram 1	1	16.880027432	18.148026183	169.155	338.311	1.2680	169.156	-54.47	
18	Spectrogram 1	1	17.569157188	18.092895803	375.083	478.048	0.5237	102.965	-59.92	
19	Spectrogram 1	1	18.175591373	18.761351666	205.928	360.374	0.5858	154.446	-57.67	
20	Spectrogram 1	1	18.416786788	18.844047237	433.920	514.820	0.4273	80.900	-57.13	
21	Spectrogram 1	1	18.644199608	19.050786164	95.610	213.283	0.4066	117.673	-57.36	
22	Spectrogram 1	1	18.864721130	20.553089032	323.601	595.721	1.6884	272.120	-60.06	
23	Spectrogram 1	1	21.318023062	21.703935725	382.438	463.338	0.3859	80.900	-55.88	
24	Spectrogram 1	1	20.794284447	21.800413891	102.964	205.928	1.0061	102.964	-53.85	
25	Spectrogram 1	1	18.899177617	19.595198671	617.785	934.031	0.6960	316.246	-59.27	
26	Spectrogram 1	1	21.646531811	22.769813313	147.092	308.892	1.1233	161.800	-52.77	
27	Spectrogram 1	1	22.060009664	22.480378816	404.502	551.593	0.4204	147.091	-58.27	
28	Spectrogram 1	1	23.197073762	24.154964123	205.928	353.020	0.9579	147.092	-57.10	
29	Spectrogram 1	1	24.086051148	24.961245938	176.510	330.956	0.8752	154.446	-59.16	
30	Spectrogram 1	1	25.298919519	26.050070953	389.793	683.976	0.7512	294.183	-60.73	
31	Spectrogram 1	1	25.487562871	27.403343593	125.028	294.183	1.9158	169.155	-58.12	
32	Spectrogram 1	1	26.721105135	27.169039476	294.183	360.374	0.4479	66.191	-58.41	
33	Spectrogram 1	1	27.396452296	28.809168296	595.721	860.486	1.4127	264.765	-61.08	
34	Spectrogram 1	1	27.947756101	28.499059906	191.219	330.956	0.5513	139.737	-56.48	
35	Spectrogram 1	1	28.829842189	30.490644901	345.665	514.820	1.6608	169.155	-60.90	
36	Spectrogram 1	1	29.188189662	29.470732862	213.283	308.892	0.2825	95.609	-58.48	
37	Spectrogram 1	1	28.754037916	29.574102326	80.900	198.574	0.8201	117.674	-54.07	
38	Spectrogram 1	1	29.684363087	30.531992687	154.446	227.992	0.8476	73.546	-51.55	
39	Spectrogram 1	1	30.437202166	30.954049483	581.012	698.685	0.5168	117.673	-66.06	
40	Spectrogram 1	1	30.719745366	30.947158185	264.765	330.956	0.2274	66.191	-58.70	
41	Spectrogram 1	1	31.202136195	32.545939220	683.976	772.231	1.3438	88.255	-58.69	
42	Spectrogram 1	1	32.160026556	32.986982264	353.020	463.338	0.8270	110.318	-58.18	
43	Spectrogram 1	1	31.243483981	32.139352664	213.283	382.438	0.8959	169.155	-59.12	
44	Spectrogram 1	1	33.262634166	33.986220410	338.311	507.466	0.7236	169.155	-61.33	
45	Spectrogram 1	1	33.614090342	34.186068040	213.283	316.247	0.5720	102.964	-57.58	
46	Spectrogram 1	1	34.503067728	35.522979767	227.992	573.657	1.0199	345.665	-63.66	
47	Spectrogram 1	1	34.399698264	35.247327864	125.028	220.637	0.8476	95.609	-56.07	
48	Spectrogram 1	1	33.593416449	33.786372781	617.785	683.976	0.1930	66.191	-63.73	
49	Spectrogram 1	1	33.924198732	34.275654908	595.721	683.976	0.3515	88.255	-67.51	
50	Spectrogram 1	1	36.003301939	37.629648164	478.048	845.776	1.6263	367.728	-59.34	
51	Spectrogram 1	1	36.506366661	36.961192300	367.729	455.984	0.4548	88.255	-53.52	
52	Spectrogram 1	1	36.072214915	36.919844515	205.928	308.892	0.8476	102.964	-55.79	
53	Spectrogram 1	1	38.325669218	39.125059735	88.255	250.056	0.7994	161.801	-57.65	
54	Spectrogram 1	1	39.393820340	40.937470994	500.111	838.422	1.5437	338.311	-58.36	
55	Spectrogram 1	1	40.020928418	40.882340613	353.020	426.566	0.8614	73.546	-56.91	
56	Spectrogram 1	1	41.502557394	41.888470057	426.566	514.820	0.3859	88.254	-61.45	
57	Spectrogram 1	1	41.047731755	41.571470369	345.665	433.920	0.5237	88.255	-56.33	
58	Spectrogram 1	1	40.117406584	41.206231599	161.801	330.956	1.0888	169.155	-58.34	
59	Spectrogram 1	1	39.593667969	39.931341550	88.255	235.346	0.3377	147.091	-58.15	
60	Spectrogram 1	1	38.580647227	39.173298818	426.566	882.549	0.5927	455.983	-67.60	
61	Spectrogram 1	1	42.968527911	43.202832028	169.155	227.992	0.2343	58.837	-57.66	
62	Spectrogram 1	1	42.913397531	43.630092477	80.900	169.155	0.7167	88.255	-59.72	
63	Spectrogram 1	1	43.450918741	44.043570331	323.601	478.048	0.5927	154.447	-59.66	
64	Spectrogram 1	1	44.174504985	45.180634429	301.538	404.502	1.0061	102.964	-55.85	
65	Spectrogram 1	1	44.746482682	45.297786487	205.928	301.538	0.5513	95.610	-52.51	
66	Spectrogram 1	1	43.492266526	44.484613375	529.530	845.776	0.9923	316.246	-69.68	
67	Spectrogram 1	1	45.208199619	45.725046936	492.757	654.557	0.5168	161.800	-54.75	
68	Spectrogram 1	1	45.435612438	46.744958975	36.773	330.956	1.3093	294.183	-57.04	
69	Spectrogram 1	1	47.368433751	48.595084717	492.757	845.776	1.2267	353.019	-64.11	
70	Spectrogram 1	1	48.057563507	48.595084717	316.247	389.793	0.5375	73.546	-54.59	
71	Spectrogram 1	1	48.140259078	48.698454180	242.701	286.829	0.5582	44.128	-52.24	
72	Spectrogram 1	1	48.808714941	48.939649595	235.346	301.538	0.1309	66.192	-56.55	
73	Spectrogram 1	1	49.442714317	49.904431253	176.510	286.829	0.4617	110.319	-57.82	
74	Spectrogram 1	1	51.422555746	53.262532195	610.430	845.776	1.8400	235.346	-61.75	
75	Spectrogram 1	1	51.615512078	53.476162420	198.574	404.502	1.8607	205.928	-56.60	
76	Spectrogram 1	1	55.047917137	56.867219694	242.701	382.438	1.8193	139.737	-55.34	
77	Spectrogram 1	1	55.833525059	56.908567479	404.502	757.521	1.0750	353.019	-60.62	
78	Spectrogram 1	1	57.039502133	57.962936006	102.964	227.992	0.9234	125.028	-62.00	
79	Spectrogram 1	1	56.963697859	57.969827304	478.048	772.231	1.0061	294.183	-65.53	
80	Spectrogram 1	1	58.155892338	58.479783323	154.446	242.701	0.3239	88.255	-61.86	
81	Spectrogram 1	1	59.515392300	59.942652749	286.829	367.729	0.4273	80.900	-48.76	
82	Spectrogram 1	1	58.998544983	60.521521744	448.629	698.685	1.5230	250.056	-60.17	
83	Spectrogram 1	1	61.038369061	61.376042642	492.757	683.976	0.3377	191.219	-67.88	
84	Spectrogram 1	1	62.974823676	63.477888398	279.474	382.438	0.5031	102.964	-52.99	
85	Spectrogram 1	1	63.573178584	65.454502818	242.701	353.020	1.8813	110.319	-59.92	
86	Spectrogram 1	1	64.207177959	64.820503442	110.319	213.283	0.6133	102.964	-57.23	
87	Spectrogram 1	1	64.675786194	65.378698545	411.856	706.039	0.7029	294.183	-58.51	
88	Spectrogram 1	1	65.861089374	67.342718350	478.048	875.195	1.4816	397.147	-65.78	
89	Spectrogram 1	1	66.791414545	68.348847794	257.410	330.956	1.5574	73.546	-56.35	
90	Spectrogram 1	1	67.246240184	67.769978799	95.610	242.701	0.5237	147.091	-58.62	
91	Spectrogram 1	1	71.247221264	72.618589479	514.820	647.203	1.3714	132.383	-61.52	
92	Spectrogram 1	1	70.751047840	71.660699118	227.992	338.311	0.9097	110.319	-52.86	
93	Spectrogram 1	1	71.812307664	72.591024289	117.673	213.283	0.7787	95.610	-58.45	
94	Spectrogram 1	1	73.949547684	74.914329342	397.147	794.294	0.9648	397.147	-62.53	
95	Spectrogram 1	1	74.935003235	75.961806572	455.984	683.976	1.0268	227.992	-57.41	
96	Spectrogram 1	1	74.438829811	74.941894533	235.346	323.601	0.5031	88.255	-53.52	
97	Spectrogram 1	1	75.114176972	76.368393128	191.219	286.829	1.2542	95.610	-53.47	
98	Spectrogram 1	1	76.395958318	76.768088387	117.673	191.219	0.3721	73.546	-58.37	
99	Spectrogram 1	1	78.228027694	79.709656670	191.219	330.956	1.4816	139.737	-52.76	
100	Spectrogram 1	1	79.900190355	80.162059662	308.892	625.139	0.2619	316.247	-63.86	
101	Spectrogram 1	1	80.961450179	81.430058414	125.028	191.219	0.4686	66.191	-57.52	
102	Spectrogram 1	1	82.215666336	84.179686141	176.510	397.147	1.9640	220.637	-57.13	
103	Spectrogram 1	1	82.381057477	83.345839136	58.837	242.701	0.9648	183.864	-58.08	
104	Spectrogram 1	1	83.173556697	83.862686453	455.984	809.004	0.6891	353.020	-60.44	
105	Spectrogram 1	1	85.560038759	86.235385921	198.574	330.956	0.6753	132.382	-56.52	
106	Spectrogram 1	1	86.635081179	88.006449394	169.155	389.793	1.3714	220.638	-56.70	
107	Spectrogram 1	1	86.943408223	87.832385608	441.275	720.749	0.8890	279.474	-63.06	
108	Spectrogram 1	1	88.804058565	89.134840848	257.410	338.311	0.3308	80.901	-59.43	
109	Spectrogram 1	1	89.396710155	90.699165394	169.155	294.183	1.3025	125.028	-54.05	
110	Spectrogram 1	1	90.094332960	90.900614774	411.856	720.749	0.8063	308.893	-66.92	
111	Spectrogram 1	1	91.520831555	92.437374131	58.837	213.283	0.9165	154.446	-54.78	
112	Spectrogram 1	1	93.491742658	94.236002795	176.510	323.601	0.7443	147.091	-53.16	
113	Spectrogram 1	1	92.747482521	93.154069077	478.048	551.593	0.4066	73.545	-58.78	
114	Spectrogram 1	1	94.926351100	95.718850320	470.693	764.876	0.7925	294.183	-57.89	
115	Spectrogram 1	1	96.904153501	98.006761111	169.155	301.538	1.1026	132.383	-55.22	
116	Spectrogram 1	1	97.255609676	98.227282633	66.191	183.864	0.9717	117.673	-56.27	
117	Spectrogram 1	1	98.045944348	98.686835021	161.801	257.410	0.6409	95.609	-58.62	
118	Spectrogram 1	1	98.493878690	99.810116524	426.566	794.294	1.3162	367.728	-58.06	
119	Spectrogram 1	1	100.333855139	101.215941227	169.155	330.956	0.8821	161.801	-53.49	
120	Spectrogram 1	1	99.258812719	100.216703080	58.837	213.283	0.9579	154.446	-59.28	
121	Spectrogram 1	1	101.098789168	102.125592505	448.629	720.749	1.0268	272.120	-62.37	
122	Spectrogram 1	1	103.171897454	103.640505689	213.283	294.183	0.4686	80.900	-60.89	
123	Spectrogram 1	1	103.936831484	104.398548421	463.338	735.458	0.4617	272.120	-55.26	
124	Spectrogram 1	1	103.723201259	104.474352694	176.510	316.247	0.7512	139.737	-51.67	
125	Spectrogram 1	1	106.597746899	107.445376500	117.673	227.992	0.8476	110.319	-54.73	
126	Spectrogram 1	1	107.920876031	108.355027778	110.319	250.056	0.4342	139.737	-55.29	
127	Spectrogram 1	1	109.089286903	109.261569342	227.992	463.338	0.1723	235.346	-58.69	
128	Spectrogram 1	1	109.330482317	110.274590083	169.155	323.601	0.9441	154.446	-54.85	
129	Spectrogram 1	1	109.716394981	110.439981225	397.147	735.458	0.7236	338.311	-62.79	
130	Spectrogram 1	1	112.205950032	112.371341173	147.092	367.729	0.1654	220.637	-56.48	
131	Spectrogram 1	1	112.516058422	112.667666969	205.928	382.438	0.1516	176.510	-58.95	
132	Spectrogram 1	1	113.019123144	113.777165876	183.864	345.665	0.7580	161.801	-54.21	
133	Spectrogram 1	1	115.568903242	115.741185681	139.737	360.374	0.1723	220.637	-55.84	
134	Spectrogram 1	1	115.052055925	116.106424452	500.111	742.812	1.0544	242.701	-57.23	
135	Spectrogram 1	1	115.837663847	117.009184433	242.701	433.920	1.1715	191.219	-60.61	
136	Spectrogram 1	1	116.092641857	116.788662911	117.673	213.283	0.6960	95.610	-53.28	
137	Spectrogram 1	1	118.865822483	120.533516493	80.900	316.247	1.6677	235.347	-51.14	
138	Spectrogram 1	1	119.279300337	120.058016962	441.275	823.713	0.7787	382.438	-57.65	
139	Spectrogram 1	1	121.333235303	122.187756201	88.255	213.283	0.8545	125.028	-54.91	
140	Spectrogram 1	1	121.415930874	122.449625508	522.175	831.067	1.0337	308.892	-60.59	
141	Spectrogram 1	1	122.911342445	123.669385177	161.801	308.892	0.7580	147.091	-50.20	
142	Spectrogram 1	1	124.634166835	125.585165899	485.402	786.940	0.9510	301.538	-54.42	
143	Spectrogram 1	1	126.864673711	127.002499663	242.701	448.629	0.1378	205.928	-56.20	
144	Spectrogram 1	1	125.961913731	126.919804092	102.964	227.992	0.9579	125.028	-55.20	
145	Spectrogram 1	1	128.870041302	129.938192424	147.092	272.119	1.0682	125.027	-52.50	
146	Spectrogram 1	1	129.655649224	130.241409517	514.820	860.486	0.5858	345.666	-54.93	
147	Spectrogram 1	1	130.744684404	130.854945165	250.056	397.147	0.1103	147.091	-56.04	
148	Spectrogram 1	1	132.343465438	133.142855955	80.900	191.219	0.7994	110.319	-54.05	
149	Spectrogram 1	1	132.791399780	133.556333809	198.574	308.892	0.7649	110.318	-53.05	
150	Spectrogram 1	1	134.176550590	134.824332561	279.474	360.374	0.6478	80.900	-61.08	
151	Spectrogram 1	1	135.331054179	135.599814784	536.884	617.785	0.2688	80.901	-57.68	
152	Spectrogram 1	1	135.138097848	135.537793106	73.546	382.438	0.3997	308.892	-58.39	
153	Spectrogram 1	1	135.799662413	136.495683467	110.319	205.928	0.6960	95.609	-50.50	
154	Spectrogram 1	1	136.881596131	137.033204677	433.920	522.175	0.1516	88.255	-60.43	
155	Spectrogram 1	1	137.315747877	137.777464814	286.829	404.502	0.4617	117.673	-60.92	
156	Spectrogram 1	1	138.314986024	139.197072112	183.864	308.892	0.8821	125.028	-52.36	
157	Spectrogram 1	1	138.590637926	138.714681282	272.119	433.920	0.1240	161.801	-55.48	
158	Spectrogram 1	1	139.672392048	140.843912633	581.012	867.840	1.1715	286.828	-57.20	
159	Spectrogram 1	1	139.954935248	140.595825921	66.191	198.574	0.6409	132.383	-58.22	
160	Spectrogram 1	1	142.001650624	142.373780692	242.701	316.247	0.3721	73.546	-48.15	
161	Spectrogram 1	1	141.126455833	141.333194760	191.219	441.275	0.2067	250.056	-60.42	
162	Spectrogram 1	1	143.484552642	145.372768174	551.593	941.386	1.8882	389.793	-58.78	
163	Spectrogram 1	1	144.814573072	145.827593813	110.319	198.574	1.0130	88.255	-52.62	
164	Spectrogram 1	1	146.220397774	146.399571511	176.510	367.729	0.1792	191.219	-56.23	
165	Spectrogram 1	1	147.033570887	148.012135141	169.155	330.956	0.9786	161.801	-51.50	
166	Spectrogram 1	1	145.007529403	145.910289384	235.346	316.247	0.9028	80.901	-59.88	
167	Spectrogram 1	1	149.547175953	150.312109982	558.948	882.549	0.7649	323.601	-57.62	
168	Spectrogram 1	1	150.815174704	150.939218060	139.737	463.338	0.1240	323.601	-56.24	
169	Spectrogram 1	1	151.090826607	151.903999719	161.801	323.601	0.8132	161.800	-53.47	
170	Spectrogram 1	1	153.482106861	153.688845788	176.510	411.856	0.2067	235.346	-57.25	
171	Spectrogram 1	1	151.753805018	152.036348218	330.956	522.175	0.2825	191.219	-59.99	
172	Spectrogram 1	1	153.986319939	155.102710144	102.964	242.701	1.1164	139.737	-53.47	
173	Spectrogram 1	1	156.501643549	157.556012076	161.801	308.892	1.0544	147.091	-51.42	
174	Spectrogram 1	1	158.320946105	158.617271900	117.673	433.920	0.2963	316.247	-58.06	
175	Spectrogram 1	1	156.253556837	157.480207803	478.048	742.812	1.2267	264.764	-60.55	
176	Spectrogram 1	1	154.172384973	154.889079919	264.765	404.502	0.7167	139.737	-57.68	
177	Spectrogram 1	1	158.739408807	159.208017041	279.474	375.083	0.4686	95.609	-59.99	
178	Spectrogram 1	1	160.324407247	161.213384632	191.219	323.601	0.8890	132.382	-53.06	
179	Spectrogram 1	1	161.716449354	161.902514388	183.864	419.211	0.1861	235.347	-53.81	
180	Spectrogram 1	1	159.187343149	160.351972437	1144.104	2090.590	1.1646	946.486	-67.82	
181	Spectrogram 1	1	159.449212456	160.351972437	353.632	717.665	0.9028	364.033	-62.35	
182	Spectrogram 1	1	162.601707543	164.069553923	1196.108	1861.769	1.4678	665.661	-70.22	
183	Spectrogram 1	1	163.049641884	164.172923387	93.608	218.420	1.1233	124.812	-52.78	
184	Spectrogram 1	1	165.123922450	165.978443348	187.217	332.830	0.8545	145.613	-51.81	
185	Spectrogram 1	1	166.123160597	166.302334334	197.618	426.439	0.1792	228.821	-53.68	
186	Spectrogram 1	1	167.852000896	168.616934926	1196.108	1788.962	0.7649	592.854	-69.73	
187	Spectrogram 1	1	167.976044252	168.499782867	95.610	213.283	0.5237	117.673	-60.74	
188	Spectrogram 1	1	168.878804233	169.561042692	198.574	330.956	0.6822	132.382	-52.56	
189	Spectrogram 1	1	170.580954731	170.794584955	1976.179	2381.816	0.2136	405.637	-72.68	
190	Spectrogram 1	1	170.739454575	171.146041131	110.319	198.574	0.4066	88.255	-58.61	
191	Spectrogram 1	1	171.297649677	173.096278341	95.610	235.346	1.7986	139.736	-53.40	
192	Spectrogram 1	1	173.431612587	174.437742031	176.510	338.311	1.0061	161.801	-51.73	
193	Spectrogram 1	1	174.210329211	175.051067514	433.920	676.621	0.8407	242.701	-65.51	
194	Spectrogram 1	1	177.159804568	178.034999358	176.510	323.601	0.8752	147.091	-52.65	
195	Spectrogram 1	1	177.724890968	178.317542558	389.793	845.776	0.5927	455.983	-64.68	
196	Spectrogram 1	1	179.082615268	179.275571599	764.876	867.840	0.1930	102.964	-64.53	
197	Spectrogram 1	1	179.640810370	180.481548673	1331.179	2051.927	0.8407	720.748	-73.77	
198	Spectrogram 1	1	179.468527931	180.550461648	80.900	250.056	1.0819	169.156	-53.90	
199	Spectrogram 1	1	182.025199327	183.052002663	139.737	330.956	1.0268	191.219	-53.73	
200	Spectrogram 1	1	183.303870959	184.185957047	1206.151	1390.015	0.8821	183.864	-68.11	
201	Spectrogram 1	1	183.717348813	184.192848345	242.701	353.020	0.4755	110.319	-59.30	
202	Spectrogram 1	1	184.482282842	185.529760072	375.083	676.621	1.0475	301.538	-60.51	
203	Spectrogram 1	1	186.246455018	187.824562160	95.610	330.956	1.5781	235.346	-55.35	
204	Spectrogram 1	1	184.496065437	185.984585711	88.255	213.283	1.4885	125.028	-59.00	
205	Spectrogram 1	1	187.885935147	188.326978191	1279.697	1360.597	0.4410	80.900	-67.80	
206	Spectrogram 1	1	187.851478659	189.277977254	419.211	720.749	1.4265	301.538	-59.68	
207	Spectrogram 1	1	188.237391322	188.650869176	73.546	220.637	0.4135	147.091	-59.23	
208	Spectrogram 1	1	189.188390386	190.077367771	95.610	220.637	0.8890	125.027	-51.23	
209	Spectrogram 1	1	189.353781527	189.918867927	242.701	316.247	0.5651	73.546	-58.12	
210	Spectrogram 1	1	191.117953703	191.931126816	161.801	323.601	0.8132	161.800	-51.46	
211	Spectrogram 1	1	192.716734738	193.123321294	117.673	198.574	0.4066	80.901	-51.91	
212	Spectrogram 1	1	192.570337737	192.921793913	323.601	397.147	0.3515	73.546	-60.42	
213	Spectrogram 1	1	193.349054362	194.072640606	463.338	720.749	0.7236	257.411	-59.29	
214	Spectrogram 1	1	194.796226850	195.712769426	183.864	345.665	0.9165	161.801	-53.42	
215	Spectrogram 1	1	194.665292196	195.120117835	1587.836	2036.465	0.4548	448.629	-72.65	
216	Spectrogram 1	1	197.107405552	198.044622020	102.964	227.992	0.9372	125.028	-49.46	
217	Spectrogram 1	1	199.381533748	200.098228694	198.574	330.956	0.7167	132.382	-56.26	
218	Spectrogram 1	1	201.056119055	201.697009728	117.673	183.864	0.6409	66.191	-53.53	
219	Spectrogram 1	1	201.538509885	202.743104097	573.657	1320.920	1.2046	747.263	-72.09	
220	Spectrogram 1	1	198.285817435	198.781990860	1162.023	1301.760	0.4962	139.737	-71.24	
221	Spectrogram 1	1	198.713077884	198.850903835	1622.547	1799.363	0.1378	176.816	-71.32	
222	Spectrogram 1	1	203.514929424	204.700232605	433.920	779.585	1.1853	345.665	-55.57	
223	Spectrogram 1	1	203.328864390	204.114472312	213.283	330.956	0.7856	117.673	-52.53	
224	Spectrogram 1	1	205.173216205	205.421302917	294.183	353.020	0.2481	58.837	-58.44	
225	Spectrogram 1	1	205.779650390	206.013954507	213.283	279.474	0.2343	66.191	-57.42	
226	Spectrogram 1	1	205.386846429	206.193128244	88.255	227.992	0.8063	139.737	-52.27	
227	Spectrogram 1	1	207.247496771	209.053016732	433.920	764.876	1.8055	330.956	-60.54	
228	Spectrogram 1	1	207.592061649	208.184713239	198.574	330.956	0.5927	132.382	-51.24	
229	Spectrogram 1	1	209.039234137	209.542298859	95.610	191.219	0.5031	95.609	-52.63	
230	Spectrogram 1	1	208.205387132	208.591299795	88.255	286.829	0.3859	198.574	-56.78	
231	Spectrogram 1	1	211.676413464	211.979630556	191.219	411.856	0.3032	220.637	-56.68	
232	Spectrogram 1	1	212.055434829	213.350998771	411.856	742.812	1.2956	330.956	-59.77	
233	Spectrogram 1	1	213.640433269	214.301997835	95.610	213.283	0.6616	117.673	-50.52	
234	Spectrogram 1	1	212.896173132	213.123585952	2142.594	2506.627	0.2274	364.033	-74.05	
235	Spectrogram 1	1	214.460497679	214.667236606	676.061	743.667	0.2067	67.606	-61.17	
236	Spectrogram 1	1	216.868307651	218.108741212	551.250	858.078	1.2404	306.828	-63.42	
237	Spectrogram 1	1	219.837575311	220.574944150	681.262	1050.495	0.7374	369.233	-63.54	
238	Spectrogram 1	1	219.810010120	220.120118511	124.811	374.434	0.3101	249.623	-54.63	
239	Spectrogram 1	1	220.754117886	220.940182921	572.052	769.670	0.1861	197.618	-63.63	
240	Spectrogram 1	1	221.658932597	221.920801904	1185.708	1305.318	0.2619	119.610	-70.74	
241	Spectrogram 1	1	221.596910919	222.313605865	109.210	197.618	0.7167	88.408	-49.76	
242	Spectrogram 1	1	222.844235778	224.208712695	374.434	728.066	1.3645	353.632	-57.50	
243	Spectrogram 1	1	224.250060480	224.525712383	561.651	629.257	0.2757	67.606	-56.92	
244	Spectrogram 1	1	223.374865690	223.740104461	764.469	1102.500	0.3652	338.031	-64.92	
245	Spectrogram 1	1	224.153582314	224.456799407	93.608	384.835	0.3032	291.227	-54.17	
246	Spectrogram 1	1	225.352668090	225.552515719	150.814	192.417	0.1998	41.603	-52.30	
247	Spectrogram 1	1	226.131384715	226.296775856	1175.307	1232.512	0.1654	57.205	-61.24	
248	Spectrogram 1	1	226.269570359	227.778764526	374.434	733.267	1.5092	358.833	-57.19	
249	Spectrogram 1	1	227.882133989	229.267284799	488.844	873.679	1.3852	384.835	-64.36	
250	Spectrogram 1	1	228.171568487	228.385198711	119.611	410.837	0.2136	291.226	-53.89	
251	Spectrogram 1	1	229.759199737	232.157371289	592.854	982.889	2.3982	390.035	-63.07	
252	Spectrogram 1	1	230.696416206	231.082328869	62.406	556.450	0.3859	494.044	-55.76	
253	Spectrogram 1	1	232.336545026	232.495044869	192.417	468.042	0.1585	275.625	-54.47	
254	Spectrogram 1	1	231.723219542	231.895501982	551.250	587.653	0.1723	36.403	-48.55	
255	Spectrogram 1	1	233.576978587	233.687239348	577.252	639.658	0.1103	62.406	-60.13	
256	Spectrogram 1	1	233.652782860	233.769934918	774.870	826.875	0.1172	52.005	-60.36	
257	Spectrogram 1	1	230.076199425	231.957523660	405.637	608.455	1.8813	202.818	-58.29	
258	Spectrogram 1	1	233.570032380	234.438335873	104.009	166.415	0.8683	62.406	-59.74	
259	Spectrogram 1	1	234.665748692	235.320421961	592.854	795.672	0.6547	202.818	-54.67	
260	Spectrogram 1	1	235.848574734	236.069096255	317.229	369.233	0.2205	52.004	-57.86	
261	Spectrogram 1	1	236.220704802	236.461900217	135.212	405.637	0.2412	270.425	-54.98	
262	Spectrogram 1	1	237.082116997	237.488703553	520.047	577.252	0.4066	57.205	-55.89	
263	Spectrogram 1	1	237.812594539	238.467267807	499.245	847.677	0.6547	348.432	-64.94	
264	Spectrogram 1	1	238.742919710	240.086722734	582.453	728.066	1.3438	145.613	-52.27	
265	Spectrogram 1	1	241.019329332	241.667111303	613.656	842.476	0.6478	228.820	-60.36	
266	Spectrogram 1	1	240.681655752	241.570633137	509.646	582.453	0.8890	72.807	-57.03	
267	Spectrogram 1	1	241.288089937	242.349349762	104.009	202.818	1.0613	98.809	-60.74	
268	Spectrogram 1	1	242.804175401	243.996369879	556.450	894.481	1.1922	338.031	-55.00	
269	Spectrogram 1	1	242.455578734	242.758795827	176.816	254.823	0.3032	78.007	-61.07	
270	Spectrogram 1	1	245.094945701	245.322358520	525.248	624.057	0.2274	98.809	-57.18	
271	Spectrogram 1	1	246.328487964	246.803987496	535.649	832.075	0.4755	296.426	-49.89	
272	Spectrogram 1	1	244.488511515	244.688359144	98.809	332.830	0.1998	234.021	-56.64	
273	Spectrogram 1	1	246.874814814	247.357205643	457.642	608.455	0.4824	150.813	-63.04	
274	Spectrogram 1	1	248.330394456	249.233154437	494.045	598.054	0.9028	104.009	-62.42	
275	Spectrogram 1	1	248.730089715	249.012632915	119.611	379.634	0.2825	260.023	-54.67	
276	Spectrogram 1	1	249.364089091	250.845718067	582.453	665.660	1.4816	83.207	-45.28	
277	Spectrogram 1	1	251.431478359	252.058586438	520.047	899.682	0.6271	379.635	-57.16	
278	Spectrogram 1	1	250.997326613	251.679565072	468.042	717.665	0.6822	249.623	-61.41	
279	Spectrogram 1	1	252.247526681	252.840178272	499.245	624.057	0.5927	124.812	-56.00	
280	Spectrogram 1	1	252.716134915	252.853960867	774.870	821.675	0.1378	46.805	-58.47	
281	Spectrogram 1	1	253.632677491	254.838654565	525.248	764.469	1.2060	239.221	-52.81	
282	Spectrogram 1	1	252.984895520	253.398373374	629.257	748.868	0.4135	119.611	-65.59	
283	Spectrogram 1	1	255.458871345	255.672501570	759.269	821.675	0.2136	62.406	-60.32	
284	Spectrogram 1	1	256.092870721	256.237587970	577.252	660.460	0.1447	83.208	-60.52	
285	Spectrogram 1	1	255.369284477	255.520893023	577.252	624.057	0.1516	46.805	-59.97	
286	Spectrogram 1	1	257.732210462	258.311079457	525.248	764.469	0.5789	239.221	-53.68	
287	Spectrogram 1	1	258.559166170	259.716904160	483.644	696.863	1.1577	213.219	-63.13	
288	Spectrogram 1	1	258.366209838	258.614296550	140.413	431.639	0.2481	291.226	-56.24	
289	Spectrogram 1	1	260.424660973	260.686530280	135.212	202.818	0.2619	67.606	-55.94	
290	Spectrogram 1	1	261.168921109	262.843506417	572.052	795.672	1.6746	223.620	-53.60	
291	Spectrogram 1	1	263.050245344	263.580875256	535.649	826.875	0.5306	291.226	-56.87	
292	Spectrogram 1	1	261.423899119	261.802920485	1190.908	1258.514	0.3790	67.606	-67.97	
293	Spectrogram 1	1	262.161845624	262.458171419	114.410	364.033	0.2963	249.623	-56.48	
294	Spectrogram 1	1	263.588344219	264.449756414	598.054	748.868	0.8614	150.814	-62.69	
295	Spectrogram 1	1	264.263691380	265.235364336	452.441	774.870	0.9717	322.429	-59.64	
296	Spectrogram 1	1	265.250694189	266.511801643	483.644	769.670	1.2611	286.026	-56.76	
297	Spectrogram 1	1	267.703996122	268.758364649	535.649	858.078	1.0544	322.429	-59.10	
298	Spectrogram 1	1	268.592973507	269.171842502	462.842	858.078	0.5789	395.236	-56.80	
299	Spectrogram 1	1	265.781324102	265.967389136	140.413	364.033	0.1861	223.620	-54.67	
300	Spectrogram 1	1	266.587605917	267.676430931	306.828	634.458	1.0888	327.630	-63.48	
301	Spectrogram 1	1	269.281837773	270.632532096	483.644	644.858	1.3507	161.214	-59.46	
302	Spectrogram 1	1	270.584293013	270.928857891	98.809	395.236	0.3446	296.427	-56.83	
303	Spectrogram 1	1	270.983988271	271.245857579	244.422	301.627	0.2619	57.205	-56.89	
304	Spectrogram 1	1	271.735139706	271.962552525	759.269	1008.892	0.2274	249.623	-70.11	
305	Spectrogram 1	1	271.549074671	272.017682906	520.047	598.054	0.4686	78.007	-62.47	
306	Spectrogram 1	1	272.089539137	273.240385830	452.441	592.854	1.1508	140.413	-58.51	
307	Spectrogram 1	1	272.978516523	273.653863684	405.637	712.465	0.6753	306.828	-58.35	
308	Spectrogram 1	1	274.868333806	274.992377162	265.224	395.236	0.1240	130.012	-56.42	
309	Spectrogram 1	1	275.040616245	275.640159133	369.233	608.455	0.5995	239.222	-63.40	
310	Spectrogram 1	1	276.026071796	276.970696618	410.837	889.281	0.9446	478.444	-60.37	
311	Spectrogram 1	1	276.722609906	277.549565613	395.236	889.281	0.8270	494.045	-59.80	
312	Spectrogram 1	1	276.123067018	276.701936013	592.854	681.262	0.5789	88.408	-62.51	
313	Spectrogram 1	1	280.386728597	280.993162783	967.288	1118.101	0.6064	150.813	-70.43	
314	Spectrogram 1	1	280.372946002	280.924249807	483.644	530.448	0.5513	46.804	-49.90	
315	Spectrogram 1	1	280.290250431	281.013836675	442.040	764.469	0.7236	322.429	-56.73	
316	Spectrogram 1	1	281.392858041	281.654727349	431.639	618.856	0.2619	187.217	-57.76	
317	Spectrogram 1	1	283.812625144	285.252906334	364.033	488.844	1.4403	124.811	-59.23	
318	Spectrogram 1	1	284.377711544	285.824884032	436.840	894.481	1.4472	457.641	-61.31	
319	Spectrogram 1	1	286.224579291	286.679404930	525.248	608.455	0.4548	83.207	-58.57	
320	Spectrogram 1	1	287.044643701	287.692425671	421.238	535.649	0.6478	114.411	-58.60	
321	Spectrogram 1	1	287.997557107	289.513642570	312.028	426.439	1.5161	114.411	-56.08	
322	Spectrogram 1	1	287.797709477	289.189751585	436.840	676.061	1.3920	239.221	-59.34	
323	Spectrogram 1	1	290.161424541	290.574902395	483.644	941.285	0.4135	457.641	-66.72	
324	Spectrogram 1	1	289.816859663	290.175207136	72.807	171.616	0.3583	98.809	-52.75	
325	Spectrogram 1	1	291.209612848	292.071025044	431.639	572.052	0.8614	140.413	-57.86	
326	Spectrogram 1	1	292.015894663	292.636111444	322.429	421.238	0.6202	98.809	-55.54	
327	Spectrogram 1	1	295.140824559	296.064258433	442.040	629.257	0.9234	187.217	-59.34	
328	Spectrogram 1	1	295.340672189	295.609432794	156.014	390.035	0.2688	234.021	-55.77	
329	Spectrogram 1	1	295.747258745	297.125518257	223.620	431.639	1.3783	208.019	-61.23	
330	Spectrogram 1	1	298.168839011	299.140511968	483.644	738.467	0.9717	254.823	-66.35	
331	Spectrogram 1	1	300.498097587	301.221683831	556.450	790.472	0.7236	234.022	-61.43	
332	Spectrogram 1	1	299.857206914	301.249249022	228.821	384.835	1.3920	156.014	-56.25	
333	Spectrogram 1	1	302.883580407	304.964752271	442.040	556.450	2.0812	114.410	-62.58	
334	Spectrogram 1	1	304.420339763	304.709774261	561.651	842.476	0.2894	280.825	-60.87	
335	Spectrogram 1	1	304.261839919	305.419577910	228.821	379.634	1.1577	150.813	-52.57	
336	Spectrogram 1	1	307.232106464	307.735171186	369.233	462.842	0.5031	93.609	-55.71	
337	Spectrogram 1	1	307.824758054	309.561365040	228.821	379.634	1.7366	150.813	-55.36	
338	Spectrogram 1	1	308.052170874	308.431192240	421.238	837.276	0.3790	416.038	-60.73	
339	Spectrogram 1	1	311.728841853	312.011385053	447.241	728.066	0.2825	280.825	-63.77	
340	Spectrogram 1	1	312.052732839	312.335276039	390.035	473.243	0.2825	83.208	-54.70	
341	Spectrogram 1	1	311.804646126	313.003731902	208.019	358.833	1.1991	150.814	-53.47	
342	Spectrogram 1	1	315.233434415	315.481521128	525.248	790.472	0.2481	265.224	-64.47	
343	Spectrogram 1	1	316.046607528	316.928693616	374.434	494.045	0.8821	119.611	-61.22	
344	Spectrogram 1	1	315.957020660	316.721954689	239.222	384.835	0.7649	145.613	-52.84	
345	Spectrogram 1	1	317.590258182	317.810779704	447.241	592.854	0.2205	145.613	-60.43	
346	Spectrogram 1	1	315.715825245	316.005259742	525.248	577.252	0.2894	52.004	-61.85	
347	Spectrogram 1	1	318.141561987	318.313844426	634.458	806.073	0.1723	171.615	-65.89	
348	Spectrogram 1	1	318.648462785	320.343721985	421.238	504.446	1.6953	83.208	-57.52	
349	Spectrogram 1	1	319.372049029	321.370525322	156.014	332.830	1.9985	176.816	-54.25	
350	Spectrogram 1	1	322.234640522	322.434488152	457.642	499.245	0.1998	41.603	-57.84	
351	Spectrogram 1	1	322.579205401	323.213204776	395.236	462.842	0.6340	67.606	-58.23	
352	Spectrogram 1	1	323.261443859	324.205551625	317.229	374.434	0.9441	57.205	-54.38	
353	Spectrogram 1	1	322.737705244	323.619791332	239.222	348.432	0.8821	109.210	-50.04	
354	Spectrogram 1	1	323.812747664	324.219334220	416.038	624.057	0.4066	208.019	-62.53	
355	Spectrogram 1	1	325.378064479	325.950042177	400.436	676.061	0.5720	275.625	-62.81	
356	Spectrogram 1	1	326.459998196	326.694302313	462.842	795.672	0.2343	332.830	-62.28	
357	Spectrogram 1	1	326.253259269	327.045758489	384.835	499.245	0.7925	114.410	-63.75	
358	Spectrogram 1	1	326.969954216	327.679757865	254.823	348.432	0.7098	93.609	-50.64	
359	Spectrogram 1	1	330.030893182	331.595217729	130.012	317.229	1.5643	187.217	-54.20	
360	Spectrogram 1	1	330.616653475	331.767500168	332.830	577.252	1.1508	244.422	-59.71	
361	Spectrogram 1	1	333.707564162	335.016910699	343.231	462.842	1.3093	119.611	-55.86	
362	Spectrogram 1	1	333.686890269	334.617215440	166.415	301.627	0.9303	135.212	-49.87	
363	Spectrogram 1	1	335.209867030	336.181539987	431.639	629.257	0.9717	197.618	-61.32	
364	Spectrogram 1	1	336.608800435	336.760408982	369.233	561.651	0.1516	192.418	-59.58	
365	Spectrogram 1	1	337.882620215	338.489054401	145.613	312.028	0.6064	166.415	-55.90	
366	Spectrogram 1	1	338.923206147	339.088597289	426.439	462.842	0.1654	36.403	-50.95	
367	Spectrogram 1	1	339.453836060	340.501313289	265.224	390.035	1.0475	124.811	-64.19	
368	Spectrogram 1	1	340.969921523	342.479115689	145.613	239.222	1.5092	93.609	-56.29	
369	Spectrogram 1	1	339.274662323	340.797639084	395.236	613.656	1.5230	218.420	-64.90	
370	Spectrogram 1	1	342.357893050	344.032478357	327.630	431.639	1.6746	104.009	-57.77	
371	Spectrogram 1	1	344.177195606	345.004151314	166.415	306.828	0.8270	140.413	-50.05	
372	Spectrogram 1	1	345.836076169	347.531335369	270.425	426.439	1.6953	156.014	-54.52	
373	Spectrogram 1	1	348.075747877	349.357529223	83.208	379.634	1.2818	296.426	-55.55	
374	Spectrogram 1	1	351.295007507	351.487963839	551.250	603.255	0.1930	52.005	-58.07	
375	Spectrogram 1	1	351.529311624	351.749833146	369.233	556.450	0.2205	187.217	-58.19	
376	Spectrogram 1	1	351.012464307	352.246006571	254.823	322.429	1.2335	67.606	-58.35	
377	Spectrogram 1	1	351.191638044	352.328702142	124.811	213.219	1.1371	88.408	-53.29	
378	Spectrogram 1	1	353.889534189	354.812968062	182.017	322.429	0.9234	140.412	-52.06	
379	Spectrogram 1	1	354.812968062	355.763967126	265.224	374.434	0.9510	109.210	-57.48	
380	Spectrogram 1	1	355.908684374	356.701183594	249.623	332.830	0.7925	83.207	-57.09	
381	Spectrogram 1	1	357.790008609	358.506703555	161.215	306.828	0.7167	145.613	-57.84	
382	Spectrogram 1	1	355.688162852	356.260140550	1060.896	1175.307	0.5720	114.411	-71.91	
383	Spectrogram 1	1	358.278274960	360.628207429	223.620	400.436	2.3499	176.816	-57.85	
384	Spectrogram 1	1	360.669555214	361.903097478	98.809	239.222	1.2335	140.413	-58.36	
385	Spectrogram 1	1	361.096815663	361.448271839	405.637	462.842	0.3515	57.205	-60.26	
386	Spectrogram 1	1	363.447771801	363.785445381	275.625	353.632	0.3377	78.007	-45.43	
387	Spectrogram 1	1	362.999837459	364.254053616	156.014	306.828	1.2542	150.814	-51.85	
388	Spectrogram 1	1	364.881161694	365.329096035	150.814	478.443	0.4479	327.629	-59.53	
389	Spectrogram 1	1	364.922509479	365.246400465	795.672	868.479	0.3239	72.807	-62.65	
390	Spectrogram 1	1	366.680329231	367.417698070	213.219	306.828	0.7374	93.609	-57.51	
391	Spectrogram 1	1	367.438371962	367.975893172	176.816	353.632	0.5375	176.816	-53.60	
392	Spectrogram 1	1	368.010349660	368.423827514	249.623	317.229	0.4135	67.606	-54.73	
393	Spectrogram 1	1	368.616783846	369.326587494	218.420	322.429	0.7098	104.009	-57.49	
394	Spectrogram 1	1	367.838067221	368.065480041	707.264	884.080	0.2274	176.816	-64.90	
395	Spectrogram 1	1	368.148175611	368.747718499	390.035	462.842	0.5995	72.807	-65.16	
396	Spectrogram 1	1	370.298260451	370.994281505	114.410	208.019	0.6960	93.609	-51.78	
397	Spectrogram 1	1	370.070847631	370.911585934	8088.661	9815.217	0.8407	1726.556	-85.47	d
398	Spectrogram 1	1	365.747820884	366.623015674	8421.491	9815.217	0.8752	1393.726	-85.37	d
399	Spectrogram 1	1	381.417264261	382.120176613	8691.915	9732.010	0.7029	1040.095	-86.13	d
400	Spectrogram 1	1	370.835695570	372.455150497	205.928	345.665	1.6195	139.737	-54.82	
401	Spectrogram 1	1	372.496498282	373.399258263	169.155	301.538	0.9028	132.383	-54.42	
402	Spectrogram 1	1	373.564649405	375.039387083	683.976	911.968	1.4747	227.992	-64.25	
403	Spectrogram 1	1	374.205540078	374.901561132	176.510	294.183	0.6960	117.673	-59.06	
404	Spectrogram 1	1	375.887016683	376.300494537	257.410	345.665	0.4135	88.255	-54.49	
405	Spectrogram 1	1	375.721625541	376.713972390	375.083	683.976	0.9923	308.893	-59.96	
406	Spectrogram 1	1	374.977365405	375.411517151	183.864	242.701	0.4342	58.837	-60.41	
407	Spectrogram 1	1	376.975841698	377.644297561	235.346	485.402	0.6685	250.056	-55.78	
408	Spectrogram 1	1	377.506782594	378.126999375	632.494	926.677	0.6202	294.183	-66.42	
409	Spectrogram 1	1	377.885803960	378.450890360	213.219	322.429	0.5651	109.210	-59.90	
410	Spectrogram 1	1	379.436345912	379.746454302	228.821	291.226	0.3101	62.405	-57.46	
411	Spectrogram 1	1	379.877388956	380.380453678	213.219	374.434	0.5031	161.215	-57.28	
412	Spectrogram 1	1	380.414910166	381.097148624	192.417	338.031	0.6822	145.614	-60.04	
413	Spectrogram 1	1	379.808475980	380.635431687	88.408	182.017	0.8270	93.609	-56.58	
414	Spectrogram 1	1	380.192520987	381.529432714	419.211	838.422	1.3369	419.211	-62.25	
415	Spectrogram 1	1	382.308149338	382.714735894	308.892	375.083	0.4066	66.191	-62.13	
416	Spectrogram 1	1	381.894671485	382.673388109	117.673	345.665	0.7787	227.992	-55.02	
417	Spectrogram 1	1	382.900800929	383.810452207	213.283	360.374	0.9097	147.091	-54.26	
418	Spectrogram 1	1	383.727756636	384.189473573	51.482	404.502	0.4617	353.020	-57.40	
419	Spectrogram 1	1	384.745762226	385.999978382	595.721	720.749	1.2542	125.028	-60.22	
420	Spectrogram 1	1	385.531370148	386.075782656	169.155	323.601	0.5444	154.446	-50.22	
421	Spectrogram 1	1	386.337651963	386.833825387	182.017	234.021	0.4962	52.004	-52.85	
422	Spectrogram 1	1	387.901976509	388.529084588	270.425	353.632	0.6271	83.207	-53.10	
423	Spectrogram 1	1	387.722802773	388.460171612	78.007	202.818	0.7374	124.811	-55.93	
424	Spectrogram 1	1	388.094932841	388.632454051	551.250	634.458	0.5375	83.208	-60.10	
425	Spectrogram 1	1	386.820042792	387.833063534	374.434	509.646	1.0130	135.212	-61.60	
426	Spectrogram 1	1	389.346039283	389.835321410	540.849	837.276	0.4893	296.427	-62.84	
427	Spectrogram 1	1	389.945582171	390.427973001	223.620	364.033	0.4824	140.413	-46.42	
428	Spectrogram 1	1	390.297038347	390.951711615	379.634	436.840	0.6547	57.206	-57.21	
429	Spectrogram 1	1	391.117102757	391.551254503	83.208	244.422	0.4342	161.214	-50.14	
430	Spectrogram 1	1	393.432578738	393.777143616	250.056	323.601	0.3446	73.545	-55.26	
431	Spectrogram 1	1	394.206091710	394.640243456	389.793	470.693	0.4342	80.900	-57.74	
432	Spectrogram 1	1	394.288787280	395.184655964	242.701	389.793	0.8959	147.092	-55.99	
433	Spectrogram 1	1	394.082048354	394.419721934	257.410	345.665	0.3377	88.255	-50.06	
434	Spectrogram 1	1	393.689244393	394.033809271	183.864	264.765	0.3446	80.901	-58.25	
435	Spectrogram 1	1	395.170873368	396.404415632	441.275	823.713	1.2335	382.438	-57.77	
436	Spectrogram 1	1	396.335502656	397.389871183	492.757	919.322	1.0544	426.565	-63.78	
437	Spectrogram 1	1	396.811002188	397.279610422	397.147	470.693	0.4686	73.546	-61.32	
438	Spectrogram 1	1	396.156328920	396.425089525	169.155	227.992	0.2688	58.837	-57.41	
439	Spectrogram 1	1	396.494002500	397.293393018	139.737	242.701	0.7994	102.964	-58.07	
440	Spectrogram 1	1	397.465675457	398.079000940	169.155	308.892	0.6133	139.737	-55.53	
441	Spectrogram 1	1	399.593853177	400.613765217	426.566	867.840	1.0199	441.274	-58.08	
442	Spectrogram 1	1	399.890178972	400.331222016	227.992	264.765	0.4410	36.773	-49.11	
443	Spectrogram 1	1	401.413155734	401.998916027	369.233	421.238	0.5858	52.005	-58.71	
444	Spectrogram 1	1	402.184981061	402.309024417	265.224	405.637	0.1240	140.413	-54.15	
445	Spectrogram 1	1	401.927194307	402.699019633	130.012	202.818	0.7718	72.806	-55.04	
446	Spectrogram 1	1	402.574976277	403.119388785	260.024	353.632	0.5444	93.608	-49.73	
447	Spectrogram 1	1	402.843736882	403.195193058	161.215	249.623	0.3515	88.408	-55.63	
448	Spectrogram 1	1	402.382019946	402.630106658	686.462	842.476	0.2481	156.014	-57.53	
449	Spectrogram 1	1	403.649494692	404.235254985	192.417	306.828	0.5858	114.411	-56.20	
450	Spectrogram 1	1	404.600493756	405.027754205	301.627	384.835	0.4273	83.208	-50.86	
451	Spectrogram 1	1	404.593602458	404.883036956	462.842	676.061	0.2894	213.219	-59.73	
452	Spectrogram 1	1	404.311059258	405.096667180	52.005	197.618	0.7856	145.613	-59.57	
453	Spectrogram 1	1	405.813362127	405.951188078	431.639	572.052	0.1378	140.413	-56.25	
454	Spectrogram 1	1	406.316426849	406.957317522	213.219	379.634	0.6409	166.415	-55.29	
455	Spectrogram 1	1	407.068117156	408.322333313	452.441	546.050	1.2542	93.609	-59.42	
456	Spectrogram 1	1	407.853725078	409.418049625	275.625	431.639	1.5643	156.014	-56.99	
457	Spectrogram 1	1	409.156180318	409.845310074	317.229	364.033	0.6891	46.804	-54.07	
458	Spectrogram 1	1	407.426464630	408.067355303	130.012	239.222	0.6409	109.210	-55.69	
459	Spectrogram 1	1	408.487724454	408.921876201	109.210	223.620	0.4342	114.410	-52.47	
460	Spectrogram 1	1	410.596461508	410.872113411	249.623	317.229	0.2757	67.606	-57.81	
461	Spectrogram 1	1	410.830765625	411.154656611	130.012	249.623	0.3239	119.611	-50.59	
462	Spectrogram 1	1	411.306085561	411.636867844	447.241	509.646	0.3308	62.405	-60.32	
463	Spectrogram 1	1	411.685106927	412.842844918	322.429	447.241	1.1577	124.812	-58.50	
464	Spectrogram 1	1	411.754019903	412.518953932	119.611	286.026	0.7649	166.415	-54.54	
465	Spectrogram 1	1	414.200430538	414.462299845	275.625	384.835	0.2619	109.210	-51.39	
466	Spectrogram 1	1	414.441625952	414.793082128	171.616	291.226	0.3515	119.610	-56.02	
467	Spectrogram 1	1	415.530450967	415.826776762	223.620	296.427	0.2963	72.807	-54.23	
468	Spectrogram 1	1	416.514469165	416.886599233	312.028	379.634	0.3721	67.606	-60.62	
469	Spectrogram 1	1	416.741881984	416.962403506	166.415	223.620	0.2205	57.205	-56.28	
470	Spectrogram 1	1	417.355207467	418.209728365	124.811	312.028	0.8545	187.217	-61.86	
471	Spectrogram 1	1	416.521360462	417.940967760	431.639	733.267	1.4196	301.628	-58.48	
472	Spectrogram 1	1	418.388902102	418.781706063	322.429	421.238	0.3928	98.809	-51.93	
473	Spectrogram 1	1	418.802379955	419.016010180	353.632	405.637	0.2136	52.005	-56.04	
474	Spectrogram 1	1	418.326880424	419.443270629	426.439	551.250	1.1164	124.811	-61.84	
475	Spectrogram 1	1	419.140053536	419.732705126	301.627	400.436	0.5927	98.809	-54.92	
476	Spectrogram 1	1	420.208204658	420.862877926	353.632	405.637	0.6547	52.005	-59.31	
477	Spectrogram 1	1	419.980791839	420.366704502	395.236	587.653	0.3859	192.417	-62.18	
478	Spectrogram 1	1	419.884360774	420.201360462	93.608	343.231	0.3170	249.623	-59.93	
479	Spectrogram 1	1	420.656186101	421.324641965	176.816	270.425	0.6685	93.609	-55.48	
480	Spectrogram 1	1	420.904272814	421.827706687	436.840	733.267	0.9234	296.427	-56.92	
481	Spectrogram 1	1	421.807032794	422.661553692	114.410	182.017	0.8545	67.607	-58.12	
482	Spectrogram 1	1	421.979315233	422.702901477	395.236	509.646	0.7236	114.410	-62.77	
483	Spectrogram 1	1	422.489271253	423.571204970	270.425	384.835	1.0819	114.410	-57.31	
484	Spectrogram 1	1	423.336900853	423.598770160	426.439	473.243	0.2619	46.804	-55.66	
485	Spectrogram 1	1	423.998465419	424.287899917	244.422	473.243	0.2894	228.821	-57.78	
486	Spectrogram 1	1	423.791726492	424.629409574	291.226	405.637	0.8377	114.411	-59.27	
487	Spectrogram 1	1	421.751902414	422.082684697	296.427	447.241	0.3308	150.814	-60.97	
488	Spectrogram 1	1	424.629409574	425.035996130	192.417	260.024	0.4066	67.607	-55.85	
489	Spectrogram 1	1	425.649321613	426.200625418	452.441	764.469	0.5513	312.028	-61.06	
490	Spectrogram 1	1	425.435691388	425.635539018	530.448	613.656	0.1998	83.208	-61.35	
491	Spectrogram 1	1	426.334247376	426.554768898	374.434	426.439	0.2205	52.005	-62.00	
492	Spectrogram 1	1	426.582334088	426.727051337	327.630	384.835	0.1447	57.205	-55.66	
493	Spectrogram 1	1	427.691832996	428.181115122	306.828	400.436	0.4893	93.608	-56.16	
494	Spectrogram 1	1	428.291375883	429.433253041	140.413	286.026	1.1419	145.613	-58.84	
495	Spectrogram 1	1	428.822005796	429.635178908	468.042	551.250	0.8132	83.208	-61.87	
496	Spectrogram 1	1	429.869483025	430.469025913	416.038	712.465	0.5995	296.427	-63.26	
497	Spectrogram 1	1	429.497352957	430.882503767	249.623	374.434	1.3852	124.811	-58.77	
498	Spectrogram 1	1	430.034874167	430.531047591	93.608	192.417	0.4962	98.809	-53.48	
499	Spectrogram 1	1	431.546193256	431.980345003	442.040	504.446	0.4342	62.406	-59.98	
500	Spectrogram 1	1	431.994127598	432.483409725	400.436	499.245	0.4893	98.809	-58.92	
501	Spectrogram 1	1	431.566867149	432.187083929	218.420	296.427	0.6202	78.007	-52.41	
502	Spectrogram 1	1	433.082952613	434.302712281	213.219	390.035	1.2198	176.816	-58.20	
503	Spectrogram 1	1	433.027822232	433.620473822	124.811	213.219	0.5927	88.408	-58.88	
504	Spectrogram 1	1	434.771320515	436.046210564	187.217	369.233	1.2749	182.016	-59.96	
505	Spectrogram 1	1	435.598276223	436.452797120	410.837	873.679	0.8545	462.842	-59.82	
506	Spectrogram 1	1	437.558295640	438.274990587	275.625	364.033	0.7167	88.408	-58.10	
507	Spectrogram 1	1	439.170859270	439.873771621	504.446	650.059	0.7029	145.613	-59.92	
508	Spectrogram 1	1	438.929663855	439.542989338	426.439	488.844	0.6133	62.405	-61.47	
509	Spectrogram 1	1	439.756619563	440.404401534	416.038	483.644	0.6478	67.606	-58.21	
510	Spectrogram 1	1	440.466423212	440.638705651	166.415	213.219	0.1723	46.804	-54.96	
511	Spectrogram 1	1	440.735183817	442.516083991	275.625	358.833	1.7809	83.208	-57.18	
512	Spectrogram 1	1	443.446409162	443.749626254	353.632	483.644	0.3032	130.012	-57.27	
513	Spectrogram 1	1	444.156212811	444.693734020	447.241	717.665	0.5375	270.424	-58.55	
514	Spectrogram 1	1	444.197560596	445.458668050	166.415	390.035	1.2611	223.620	-57.07	
515	Spectrogram 1	1	445.120994469	446.003080557	218.420	348.432	0.8821	130.012	-58.73	
516	Spectrogram 1	1	448.420060890	449.660494451	249.623	369.233	1.2404	119.610	-58.75	
517	Spectrogram 1	1	448.998929886	449.412407739	1055.696	1175.307	0.4135	119.611	-73.99	
518	Spectrogram 1	1	449.791429105	450.239363447	1144.104	1222.111	0.4479	78.007	-72.82	
519	Spectrogram 1	1	449.991276734	450.356515505	1250.278	1375.306	0.3652	125.028	-75.53	
520	Spectrogram 1	1	450.377189398	451.893274862	322.429	416.038	1.5161	93.609	-57.70	
521	Spectrogram 1	1	451.114558237	451.748557613	197.618	312.028	0.6340	114.410	-55.97	
522	Spectrogram 1	1	450.439211076	450.907819310	260.024	332.830	0.4686	72.806	-62.35	
523	Spectrogram 1	1	451.886383564	453.071686745	145.613	317.229	1.1853	171.616	-58.62	
524	Spectrogram 1	1	453.091415055	453.808110002	249.623	358.833	0.7167	109.210	-61.81	
525	Spectrogram 1	1	453.739197026	454.793565553	296.427	390.035	1.0544	93.608	-58.20	
526	Spectrogram 1	1	454.952065397	455.606738665	249.623	369.233	0.6547	119.610	-61.50	
527	Spectrogram 1	1	455.641195153	457.219302295	104.009	379.634	1.5781	275.625	-57.89	
528	Spectrogram 1	1	457.314397600	458.100005522	182.017	260.024	0.7856	78.007	-59.23	
529	Spectrogram 1	1	458.120679415	458.926961230	291.226	343.231	0.8063	52.005	-63.99	
530	Spectrogram 1	1	459.595417093	459.781482127	208.019	369.233	0.1861	161.214	-60.16	
531	Spectrogram 1	1	459.636764879	459.912416781	104.009	254.823	0.2757	150.814	-58.15	
532	Spectrogram 1	1	460.429264098	460.994350498	223.620	322.429	0.5651	98.809	-53.53	
533	Spectrogram 1	1	460.663568215	462.351936118	265.224	390.035	1.6884	124.811	-57.16	
534	Spectrogram 1	1	462.762900286	464.416811701	156.014	275.625	1.6539	119.611	-59.52	
535	Spectrogram 1	1	464.382355213	465.726158238	239.222	332.830	1.3438	93.608	-55.87	
536	Spectrogram 1	1	466.276008988	467.061616910	156.014	332.830	0.7856	176.816	-58.01	
537	Spectrogram 1	1	467.902355213	468.949832443	239.222	374.434	1.0475	135.212	-59.26	
538	Spectrogram 1	1	470.128244326	471.230851936	176.816	353.632	1.1026	176.816	-57.14	
539	Spectrogram 1	1	469.955961887	470.858721868	494.045	598.054	0.9028	104.009	-66.83	
540	Spectrogram 1	1	470.955200033	471.665003682	473.243	681.262	0.7098	208.019	-71.65	
541	Spectrogram 1	1	471.575614968	473.477613095	218.420	301.627	1.9020	83.207	-54.26	
542	Spectrogram 1	1	473.691243320	475.241785271	161.215	239.222	1.5505	78.007	-57.01	
543	Spectrogram 1	1	474.214981934	474.731829252	249.623	322.429	0.5168	72.806	-56.95	
544	Spectrogram 1	1	474.090938578	474.600894598	618.856	702.064	0.5100	83.208	-63.63	
545	Spectrogram 1	1	475.077300088	476.869037454	202.818	353.632	1.7917	150.814	-59.69	
546	Spectrogram 1	1	477.475471639	478.895078937	156.014	265.224	1.4196	109.210	-58.28	
547	Spectrogram 1	1	478.885499503	480.311998098	208.019	348.432	1.4265	140.413	-56.44	
548	Spectrogram 1	1	481.814300967	482.751517435	156.014	322.429	0.9372	166.415	-57.49	
549	Spectrogram 1	1	482.728452297	484.885428434	176.816	322.429	2.1570	145.613	-57.92	
550	Spectrogram 1	1	484.285885546	484.602885234	223.620	286.026	0.3170	62.406	-57.08	
551	Spectrogram 1	1	482.955865117	484.747602483	436.840	520.047	1.7917	83.207	-63.53	
552	Spectrogram 1	1	484.850971946	485.443623537	405.637	634.458	0.5927	228.821	-63.82	
553	Spectrogram 1	1	484.244537761	485.298906288	556.450	655.259	1.0544	98.809	-66.17	
554	Spectrogram 1	1	485.498753917	486.380840005	509.646	650.059	0.8821	140.413	-70.02	
555	Spectrogram 1	1	485.801971010	486.346383517	691.663	889.281	0.5444	197.618	-70.72	
556	Spectrogram 1	1	485.271341098	486.084514210	161.215	260.024	0.8132	98.809	-56.46	
557	Spectrogram 1	1	486.084514210	487.545469293	213.219	280.825	1.4610	67.606	-55.73	
558	Spectrogram 1	1	486.708199982	488.527502539	395.236	743.667	1.8193	348.431	-65.44	
559	Spectrogram 1	1	488.045111709	488.679111085	202.818	348.432	0.6340	145.614	-55.00	
560	Spectrogram 1	1	489.340675651	490.091827085	150.814	228.821	0.7512	78.007	-56.26	
561	Spectrogram 1	1	489.671457934	490.202087846	608.455	681.262	0.5306	72.807	-63.46	
562	Spectrogram 1	1	491.658206362	492.340444820	390.035	598.054	0.6822	208.019	-59.78	
563	Spectrogram 1	1	492.202618869	492.933096411	244.422	338.031	0.7305	93.609	-55.93	
564	Spectrogram 1	1	493.408595942	495.420854831	161.215	286.026	2.0123	124.811	-57.64	
565	Spectrogram 1	1	493.036465874	494.490529660	421.238	800.873	1.4541	379.635	-63.69	
566	Spectrogram 1	1	494.835094538	495.627593757	603.255	842.476	0.7925	239.221	-68.77	
567	Spectrogram 1	1	494.580116528	495.090072548	1222.111	1352.123	0.5100	130.012	-72.74	
568	Spectrogram 1	1	495.462686996	496.951207269	369.233	457.642	1.4885	88.409	-60.31	
569	Spectrogram 1	1	496.282751406	496.958098567	109.210	192.417	0.6753	83.207	-55.17	
570	Spectrogram 1	1	496.937424674	498.508640519	192.417	384.835	1.5712	192.418	-56.13	
571	Spectrogram 1	1	498.598227387	500.107421553	514.847	842.476	1.5092	327.629	-61.75	
572	Spectrogram 1	1	499.580627717	500.572974566	124.811	218.420	0.9923	93.609	-57.60	
573	Spectrogram 1	1	500.579865864	501.082930586	286.026	353.632	0.5031	67.606	-54.82	
574	Spectrogram 1	1	500.862409064	501.723821259	192.417	270.425	0.8614	78.008	-55.69	
575	Spectrogram 1	1	502.944292005	503.495595810	561.651	894.481	0.5513	332.830	-67.62	
576	Spectrogram 1	1	506.417208669	507.926402835	197.618	343.231	1.5092	145.613	-55.23	
577	Spectrogram 1	1	506.830686523	507.698990016	109.210	228.821	0.8683	119.611	-57.53	
578	Spectrogram 1	1	507.761011694	508.980771362	348.432	468.042	1.2198	119.610	-64.49	
579	Spectrogram 1	1	509.511401275	509.890422640	322.429	483.644	0.3790	161.215	-62.84	
580	Spectrogram 1	1	509.855966153	511.096399714	499.245	832.075	1.2404	332.830	-62.84	
581	Spectrogram 1	1	509.022119148	509.470053489	306.828	390.035	0.4479	83.207	-64.02	
582	Spectrogram 1	1	510.898099342	511.676815967	208.019	327.630	0.7787	119.611	-56.06	
583	Spectrogram 1	1	511.208207733	512.042054738	473.243	722.866	0.8338	249.623	-66.58	
584	Spectrogram 1	1	511.201316435	511.780185430	1081.698	1154.505	0.5789	72.807	-71.09	
585	Spectrogram 1	1	511.725055050	512.186771987	915.283	993.290	0.4617	78.007	-72.84	
586	Spectrogram 1	1	511.842207108	513.509901118	306.828	468.042	1.6677	161.214	-62.68	
587	Spectrogram 1	1	513.527621801	515.188424513	592.854	884.080	1.6608	291.226	-63.42	
588	Spectrogram 1	1	514.154729879	515.553663284	208.019	343.231	1.3989	135.212	-56.80	
589	Spectrogram 1	1	516.511553645	517.552139577	213.219	286.026	1.0406	72.807	-52.69	
590	Spectrogram 1	1	516.470205860	517.455661411	130.012	187.217	0.9855	57.205	-56.76	
591	Spectrogram 1	1	519.187798914	519.497907304	728.066	774.870	0.3101	46.804	-57.33	
592	Spectrogram 1	1	519.111994641	519.683972338	655.259	712.465	0.5720	57.206	-57.95	
593	Spectrogram 1	1	518.960386094	519.415211733	260.024	338.031	0.4548	78.007	-56.46	
594	Spectrogram 1	1	520.331754309	520.641862699	296.427	353.632	0.3101	57.205	-57.33	
595	Spectrogram 1	1	520.759014758	521.096688339	218.420	270.425	0.3377	52.005	-50.11	
596	Spectrogram 1	1	522.845031083	523.678878088	473.243	894.481	0.8338	421.238	-65.04	
597	Spectrogram 1	1	523.603073815	524.223290595	244.422	332.830	0.6202	88.408	-50.93	
598	Spectrogram 1	1	524.044116859	525.243202635	431.639	696.863	1.1991	265.224	-65.63	
599	Spectrogram 1	1	524.361116547	525.319006908	104.009	182.017	0.9579	78.008	-57.60	
600	Spectrogram 1	1	522.948400546	523.389443590	10767.102	14238.462	0.4410	3471.360	-87.15	d
601	Spectrogram 1	1	523.858051825	524.774594400	1338.533	1485.625	0.9165	147.092	-74.13	
602	Spectrogram 1	1	525.909493950	526.371210887	577.252	899.682	0.4617	322.430	-65.62	
603	Spectrogram 1	1	526.502145540	528.107817872	223.620	322.429	1.6057	98.809	-54.62	
604	Spectrogram 1	1	528.879643199	529.169077697	509.646	904.882	0.2894	395.236	-69.47	
605	Spectrogram 1	1	532.891660149	533.394724871	260.024	343.231	0.5031	83.207	-53.62	
606	Spectrogram 1	1	532.457508402	533.484311739	208.019	327.630	1.0268	119.611	-56.15	
607	Spectrogram 1	1	533.105290373	533.415398763	1040.094	1128.502	0.3101	88.408	-75.22	
608	Spectrogram 1	1	534.828114764	535.951396266	504.446	832.075	1.1233	327.629	-64.09	
609	Spectrogram 1	1	535.689526959	536.075439622	213.219	358.833	0.3859	145.614	-61.04	
610	Spectrogram 1	1	536.626860723	537.440033835	436.840	509.646	0.8132	72.806	-62.90	
611	Spectrogram 1	1	536.440795688	537.467599025	187.217	291.226	1.0268	104.009	-53.62	
612	Spectrogram 1	1	537.453816430	538.384141601	379.634	540.849	0.9303	161.215	-66.41	
613	Spectrogram 1	1	538.838967240	540.155205075	535.649	811.274	1.3162	275.625	-61.06	
614	Spectrogram 1	1	539.900227065	541.147551923	140.413	338.031	1.2473	197.618	-57.94	
615	Spectrogram 1	1	541.198126947	541.714974264	265.224	332.830	0.5168	67.606	-52.62	
616	Spectrogram 1	1	542.404104020	544.512841074	78.007	286.026	2.1087	208.019	-57.01	
617	Spectrogram 1	1	544.064781630	545.098476264	540.849	858.078	1.0337	317.229	-59.80	
618	Spectrogram 1	1	544.319759640	545.766932128	390.035	452.441	1.4472	62.406	-58.04	
619	Spectrogram 1	1	545.456823737	546.469844479	187.217	306.828	1.0130	119.611	-54.48	
620	Spectrogram 1	1	547.501492277	548.797056219	353.632	462.842	1.2956	109.210	-62.41	
621	Spectrogram 1	1	548.562752101	549.307012238	124.811	338.031	0.7443	213.220	-59.67	
622	Spectrogram 1	1	549.362142619	549.851424746	197.618	275.625	0.4893	78.007	-56.00	
623	Spectrogram 1	1	549.624011926	550.120185351	254.823	348.432	0.4962	93.609	-52.62	
624	Spectrogram 1	1	551.979217409	552.434043048	717.665	852.877	0.4548	135.212	-66.89	
625	Spectrogram 1	1	552.571868999	553.109390209	171.616	327.630	0.5375	156.014	-58.18	
626	Spectrogram 1	1	553.667585311	553.943237214	343.231	395.236	0.2757	52.005	-53.53	
627	Spectrogram 1	1	554.952554459	556.392835650	504.446	832.075	1.4403	327.629	-61.80	
628	Spectrogram 1	1	554.766489425	556.654704957	202.818	353.632	1.8882	150.814	-59.97	
629	Spectrogram 1	1	555.910444820	557.481660664	280.825	436.840	1.5712	156.015	-63.16	
630	Spectrogram 1	1	558.489829554	560.226436539	509.646	832.075	1.7366	322.429	-61.33	
631	Spectrogram 1	1	558.179721163	559.943893339	218.420	353.632	1.7642	135.212	-56.90	
632	Spectrogram 1	1	560.136271173	561.452509008	254.823	390.035	1.3162	135.212	-63.39	
633	Spectrogram 1	1	562.010704110	562.713616462	239.222	369.233	0.7029	130.011	-58.91	
634	Spectrogram 1	1	563.209789886	563.878245750	249.623	384.835	0.6685	135.212	-59.70	
635	Spectrogram 1	1	563.285594159	564.257267116	83.208	197.618	0.9717	114.410	-58.64	
636	Spectrogram 1	1	563.981615213	564.987744657	457.642	847.677	1.0061	390.035	-64.23	
637	Spectrogram 1	1	565.297571441	566.641374466	197.618	369.233	1.3438	171.615	-58.78	
638	Spectrogram 1	1	567.661286505	568.433111832	150.814	343.231	0.7718	192.417	-55.39	
639	Spectrogram 1	1	567.709525588	568.005851383	509.646	644.858	0.2963	135.212	-67.90	
640	Spectrogram 1	1	568.454691682	570.990689185	156.014	364.033	2.5360	208.019	-57.76	
641	Spectrogram 1	1	571.518318369	571.897339735	270.425	338.031	0.3790	67.606	-53.40	
642	Spectrogram 1	1	571.849100652	572.641599872	509.646	780.071	0.7925	270.425	-66.64	
643	Spectrogram 1	1	572.248795911	573.096425511	208.019	348.432	0.8476	140.413	-56.55	
644	Spectrogram 1	1	571.704383403	573.034403833	98.809	166.415	1.3300	67.606	-56.85	
645	Spectrogram 1	1	574.316185179	575.177597375	208.019	343.231	0.8614	135.212	-55.34	
646	Spectrogram 1	1	575.452163308	576.589227405	525.248	780.071	1.1371	254.823	-59.29	
647	Spectrogram 1	1	576.389379776	578.284486606	166.415	390.035	1.8951	223.620	-57.29	
648	Spectrogram 1	1	578.739312245	579.076985825	197.618	296.427	0.3377	98.809	-56.97	
649	Spectrogram 1	1	579.573471425	580.944839640	540.849	790.472	1.3714	249.623	-58.57	
650	Spectrogram 1	1	579.780210352	581.303187114	197.618	353.632	1.5230	156.014	-54.63	
651	Spectrogram 1	1	580.193688206	581.303187114	88.408	156.014	1.1095	67.606	-58.91	
652	Spectrogram 1	1	581.888947406	582.267968772	176.816	265.224	0.3790	88.408	-60.33	
653	Spectrogram 1	1	582.192164499	582.674555328	41.604	161.215	0.4824	119.611	-57.67	
654	Spectrogram 1	1	583.579424532	584.399488942	488.844	629.257	0.8201	140.413	-61.84	
655	Spectrogram 1	1	583.744815673	584.647575654	213.219	364.033	0.9028	150.814	-53.23	
656	Spectrogram 1	1	584.874988474	585.853552727	535.649	748.868	0.9786	213.219	-59.38	
657	Spectrogram 1	1	586.632269352	588.968419226	156.014	343.231	2.3361	187.217	-55.21	
658	Spectrogram 1	1	588.520484884	589.505940435	83.208	166.415	0.9855	83.207	-56.88	
659	Spectrogram 1	1	590.206001171	591.591151981	156.014	353.632	1.3852	197.618	-52.97	
660	Spectrogram 1	1	591.983955942	594.216736352	514.847	644.858	2.2328	130.011	-62.75	
661	Spectrogram 1	1	592.996976684	593.637867357	249.623	348.432	0.6409	98.809	-54.71	
662	Spectrogram 1	1	594.674874479	595.529395377	197.618	312.028	0.8545	114.410	-50.83	
663	Spectrogram 1	1	595.308873855	596.184068645	514.847	644.858	0.8752	130.011	-63.19	
664	Spectrogram 1	1	596.287438109	597.617458538	462.842	899.682	1.3300	436.840	-64.06	
665	Spectrogram 1	1	596.728481153	599.326500334	135.212	327.630	2.5980	192.418	-56.55	
666	Spectrogram 1	1	599.174610181	600.036022376	452.441	546.050	0.8614	93.609	-62.36	
667	Spectrogram 1	1	600.408152444	602.034498669	535.649	842.476	1.6263	306.827	-63.88	
668	Spectrogram 1	1	600.497739313	602.020716074	639.658	743.667	1.5230	104.009	-61.88	
669	Spectrogram 1	1	600.842304191	602.399737440	166.415	353.632	1.5574	187.217	-52.72	
670	Spectrogram 1	1	602.706056439	604.325511367	488.844	592.854	1.6195	104.010	-58.86	
671	Spectrogram 1	1	604.732097923	606.124140030	192.417	369.233	1.3920	176.816	-56.78	
672	Spectrogram 1	1	605.707364557	607.044276284	478.443	769.670	1.3369	291.227	-59.12	
673	Spectrogram 1	1	606.451624694	607.140754450	457.642	535.649	0.6891	78.007	-56.55	
674	Spectrogram 1	1	608.145242935	610.012784574	145.613	338.031	1.8675	192.418	-53.61	
675	Spectrogram 1	1	610.123045335	610.508957999	260.024	348.432	0.3859	88.408	-52.74	
676	Spectrogram 1	1	610.867305472	612.548782077	161.215	338.031	1.6815	176.816	-52.15	
677	Spectrogram 1	1	614.078087339	614.395087027	296.427	369.233	0.3170	72.806	-52.82	
678	Spectrogram 1	1	614.243478480	615.008412510	499.245	603.255	0.7649	104.010	-56.26	
679	Spectrogram 1	1	614.884369154	615.304738305	265.224	332.830	0.4204	67.606	-55.23	
680	Spectrogram 1	1	615.794020432	616.607193544	187.217	317.229	0.8132	130.012	-52.21	
681	Spectrogram 1	1	618.114043983	618.775608549	473.243	566.851	0.6616	93.608	-61.55	
682	Spectrogram 1	1	618.286326422	620.250346227	161.215	353.632	1.9640	192.417	-55.38	
683	Spectrogram 1	1	617.927978949	618.906543202	150.814	223.620	0.9786	72.806	-55.66	
684	Spectrogram 1	1	618.782499846	620.450193856	384.835	494.045	1.6677	109.210	-64.65	
685	Spectrogram 1	1	620.712063164	621.628605740	270.425	343.231	0.9165	72.806	-56.85	
686	Spectrogram 1	1	620.953258578	622.552039613	504.446	821.675	1.5988	317.229	-62.79	
687	Spectrogram 1	1	622.035192296	623.034430442	176.816	317.229	0.9992	140.413	-50.16	
688	Spectrogram 1	1	624.904930383	625.373538617	270.425	358.833	0.4686	88.408	-59.55	
689	Spectrogram 1	1	625.642299222	626.269407301	504.446	603.255	0.6271	98.809	-59.24	
690	Spectrogram 1	1	625.959298910	626.675993857	192.417	353.632	0.7167	161.215	-53.38	
691	Spectrogram 1	1	627.227297662	627.475384374	343.231	395.236	0.2481	52.005	-55.38	
692	Spectrogram 1	1	627.489166969	629.363599906	98.809	208.019	1.8744	109.210	-58.27	
693	Spectrogram 1	1	628.708926638	630.018273174	145.613	306.828	1.3093	161.215	-52.45	
694	Spectrogram 1	1	631.975673794	632.933564155	161.215	301.627	0.9579	140.412	-49.92	
695	Spectrogram 1	1	634.063736955	634.532345190	509.646	561.651	0.4686	52.005	-57.44	
696	Spectrogram 1	1	633.994823980	634.559910380	260.024	348.432	0.5651	88.408	-57.12	
697	Spectrogram 1	1	633.939693599	634.215345502	57.205	161.215	0.2757	104.010	-55.48	
698	Spectrogram 1	1	635.724539668	636.289626068	223.620	312.028	0.5651	88.408	-47.29	
699	Spectrogram 1	1	636.960136661	637.993831295	109.210	218.420	1.0337	109.210	-54.70	
700	Spectrogram 1	1	638.738091432	639.668416603	514.847	608.455	0.9303	93.608	-58.85	
701	Spectrogram 1	1	638.903482574	640.212829111	265.224	405.637	1.3093	140.413	-59.19	
702	Spectrogram 1	1	639.902720720	640.640089559	312.028	390.035	0.7374	78.007	-57.96	
703	Spectrogram 1	1	638.235026710	640.226611706	119.611	327.630	1.9916	208.019	-59.31	
704	Spectrogram 1	1	640.735379745	641.445183394	249.623	390.035	0.7098	140.412	-62.79	
705	Spectrogram 1	1	641.576118047	642.747638633	166.415	338.031	1.1715	171.616	-49.28	
706	Spectrogram 1	1	641.479639881	643.161116487	499.245	644.858	1.6815	145.613	-62.63	
707	Spectrogram 1	1	642.906138477	643.388529306	270.425	338.031	0.4824	67.606	-57.36	
708	Spectrogram 1	1	645.360588765	646.235783555	301.627	358.833	0.8752	57.206	-53.84	
709	Spectrogram 1	1	645.746501428	646.215109663	223.620	317.229	0.4686	93.609	-47.26	
710	Spectrogram 1	1	646.022153331	647.076521858	93.608	166.415	1.0544	72.807	-55.57	
711	Spectrogram 1	1	646.566565838	647.042065370	478.443	598.054	0.4755	119.611	-63.43	
712	Spectrogram 1	1	649.106259030	650.064149391	249.623	379.634	0.9579	130.011	-56.33	
713	Spectrogram 1	1	648.086346991	650.567214113	119.611	338.031	2.4809	218.420	-58.38	
714	Spectrogram 1	1	650.801518231	651.387278523	504.446	598.054	0.5858	93.608	-58.80	
715	Spectrogram 1	1	651.911017138	653.130776807	114.410	327.630	1.2198	213.220	-51.27	
716	Spectrogram 1	1	654.072524728	654.368850524	265.224	327.630	0.2963	62.406	-55.48	
717	Spectrogram 1	1	654.141437704	655.754001334	483.644	566.851	1.6126	83.207	-59.48	
718	Spectrogram 1	1	655.519697216	656.002088046	265.224	322.429	0.4824	57.205	-44.30	
719	Spectrogram 1	1	655.512805919	656.505152768	104.009	192.417	0.9923	88.408	-53.73	
720	Spectrogram 1	1	657.270086797	658.524302954	213.219	358.833	1.2542	145.614	-58.11	
721	Spectrogram 1	1	658.593215929	660.054171012	93.608	239.222	1.4610	145.614	-57.06	
722	Spectrogram 1	1	658.965345998	660.047279715	254.823	369.233	1.0819	114.410	-60.33	
723	Spectrogram 1	1	661.400864431	662.455232958	176.816	353.632	1.0544	176.816	-49.67	
724	Spectrogram 1	1	662.475906851	664.426144061	473.243	670.861	1.9502	197.618	-64.18	
725	Spectrogram 1	1	664.557078715	665.983577310	98.809	208.019	1.4265	109.210	-55.26	
726	Spectrogram 1	1	665.253099768	666.362598676	192.417	364.033	1.1095	171.616	-53.44	
727	Spectrogram 1	1	666.445294247	666.741620042	452.441	494.045	0.2963	41.604	-55.44	
728	Spectrogram 1	1	667.223654958	667.637132812	279.474	360.374	0.4135	80.900	-58.57	
729	Spectrogram 1	1	667.740502275	668.415849436	1287.051	1426.788	0.6753	139.737	-74.11	
730	Spectrogram 1	1	670.324738861	671.213716246	1014.932	1272.342	0.8890	257.410	-73.98	
731	Spectrogram 1	1	669.187674763	670.400543134	249.623	343.231	1.2129	93.608	-58.58	
732	Spectrogram 1	1	668.774196909	670.407434432	93.608	296.427	1.6332	202.819	-59.17	
733	Spectrogram 1	1	670.799082229	672.935384474	182.017	374.434	2.1363	192.417	-55.47	
734	Spectrogram 1	1	673.335079732	675.161273586	62.406	223.620	1.8262	161.214	-55.94	
735	Spectrogram 1	1	674.392026578	675.639351436	457.642	572.052	1.2473	114.410	-62.13	
736	Spectrogram 1	1	675.715155710	676.948697973	208.019	358.833	1.2335	150.814	-55.88	
737	Spectrogram 1	1	677.728547253	678.562394258	416.038	561.651	0.8338	145.613	-64.44	
738	Spectrogram 1	1	677.687199468	679.623654083	109.210	374.434	1.9365	265.224	-59.34	
739	Spectrogram 1	1	678.734676697	680.071588424	182.017	343.231	1.3369	161.214	-61.00	
740	Spectrogram 1	1	681.139739546	682.076956015	187.217	348.432	0.9372	161.215	-50.34	
741	Spectrogram 1	1	682.355553320	683.830290999	98.809	192.417	1.4747	93.608	-55.08	
742	Spectrogram 1	1	683.616660774	683.912986569	228.821	280.825	0.2963	52.004	-57.36	
743	Spectrogram 1	1	684.857094335	686.111310492	213.219	374.434	1.2542	161.215	-56.18	
744	Spectrogram 1	1	685.941121575	686.278795155	1294.917	1388.526	0.3377	93.609	-74.91	
745	Spectrogram 1	1	685.258883116	686.733620795	431.639	520.047	1.4747	88.408	-61.58	
746	Spectrogram 1	1	687.994728248	688.863031741	572.052	702.064	0.8683	130.012	-66.50	
747	Spectrogram 1	1	688.752770980	689.765791722	982.889	1258.514	1.0130	275.625	-71.62	
748	Spectrogram 1	1	686.857664151	687.333163682	478.443	535.649	0.4755	57.206	-61.60	
749	Spectrogram 1	1	688.235923663	690.647877810	249.623	369.233	2.4120	119.610	-60.45	
750	Spectrogram 1	1	688.725205790	690.186160873	104.009	291.226	1.4610	187.217	-59.67	
751	Spectrogram 1	1	689.710661341	690.516943156	156.014	254.823	0.8063	98.809	-60.18	
752	Spectrogram 1	1	689.584878037	690.398051149	426.439	499.245	0.8132	72.806	-65.10	
753	Spectrogram 1	1	690.763289920	692.486114310	88.408	208.019	1.7228	119.611	-56.00	
754	Spectrogram 1	1	691.886571422	692.837570486	192.417	369.233	0.9510	176.816	-53.46	
755	Spectrogram 1	1	694.208938701	694.587960067	1133.703	1284.517	0.3790	150.814	-75.74	
756	Spectrogram 1	1	695.750033219	696.494293356	530.448	592.854	0.7443	62.406	-66.12	
757	Spectrogram 1	1	696.542532439	697.369488146	208.019	317.229	0.8270	109.210	-48.99	
758	Spectrogram 1	1	697.376379444	697.734726917	1060.896	1154.505	0.3583	93.609	-71.93	
759	Spectrogram 1	1	698.547900030	698.768421552	1086.899	1164.906	0.2205	78.007	-70.49	
760	Spectrogram 1	1	696.625228010	698.168878664	379.634	504.446	1.5437	124.812	-66.34	
761	Spectrogram 1	1	699.243921083	699.836572674	260.024	338.031	0.5927	78.007	-58.56	
762	Spectrogram 1	1	698.995834371	699.857246566	109.210	265.224	0.8614	156.014	-54.16	
763	Spectrogram 1	1	700.008855113	700.318963503	93.608	171.616	0.3101	78.008	-55.21	
764	Spectrogram 1	1	699.893445192	700.940922422	270.425	390.035	1.0475	119.610	-60.80	
765	Spectrogram 1	1	700.644596627	702.091769115	150.814	234.021	1.4472	83.207	-57.06	
766	Spectrogram 1	1	701.685182558	702.133116900	260.024	348.432	0.4479	88.408	-49.10	
767	Spectrogram 1	1	703.228833212	705.013679281	228.821	384.835	1.7848	156.014	-60.03	
768	Spectrogram 1	1	705.454722325	706.164525974	244.422	343.231	0.7098	98.809	-47.82	
769	Spectrogram 1	1	707.668889496	707.875628422	254.823	312.028	0.2067	57.205	-56.07	
770	Spectrogram 1	1	708.130606432	709.488192052	88.408	208.019	1.3576	119.611	-55.60	
771	Spectrogram 1	1	708.606105964	709.012692520	218.420	306.828	0.4066	88.408	-55.54	
772	Spectrogram 1	1	710.521886686	711.645168189	239.222	364.033	1.1233	124.811	-52.24	
773	Spectrogram 1	1	711.920820092	712.258493672	546.050	868.479	0.3377	322.429	-67.29	
774	Spectrogram 1	1	714.470943766	715.098051844	270.425	332.830	0.6271	62.405	-46.51	
775	Spectrogram 1	1	716.200659454	717.827005679	83.208	228.821	1.6263	145.613	-57.12	
776	Spectrogram 1	1	718.233592235	719.019200157	270.425	338.031	0.7856	67.606	-47.88	
777	Spectrogram 1	1	715.435725425	716.607246011	1746.935	2063.181	1.1715	316.246	-70.53	
778	Spectrogram 1	1	715.470181913	716.193768157	873.679	977.689	0.7236	104.010	-67.36	
779	Spectrogram 1	1	718.771128730	719.901301530	130.012	228.821	1.1302	98.809	-57.49	
780	Spectrogram 1	1	721.968690799	722.857668184	254.823	374.434	0.8890	119.611	-54.25	
781	Spectrogram 1	1	720.645561667	721.203756769	291.226	431.639	0.5582	140.413	-64.03	
782	Spectrogram 1	1	723.172988120	723.496879106	457.642	592.854	0.3239	135.212	-63.03	
783	Spectrogram 1	1	723.235009798	724.682182286	98.809	280.825	1.4472	182.016	-56.52	
784	Spectrogram 1	1	726.184485155	727.087245135	228.821	369.233	0.9028	140.412	-50.63	
785	Spectrogram 1	1	725.715681624	726.763158854	1921.341	2259.651	1.0475	338.310	-74.93	
786	Spectrogram 1	1	725.956877039	727.169745410	2553.834	3009.818	1.2129	455.984	-78.42	
787	Spectrogram 1	1	725.667442541	726.397920083	613.656	769.670	0.7305	156.014	-72.34	
788	Spectrogram 1	1	726.377246190	727.741723108	504.446	884.080	1.3645	379.634	-71.31	
789	Spectrogram 1	1	728.237896532	728.927026288	119.611	270.425	0.6891	150.814	-60.61	
790	Spectrogram 1	1	728.519165857	729.036013175	535.649	634.458	0.5168	98.809	-66.82	
791	Spectrogram 1	1	730.379816199	731.503097702	535.649	826.875	1.1233	291.226	-58.77	
792	Spectrogram 1	1	730.186859867	730.745054970	239.222	358.833	0.5582	119.611	-52.52	
793	Spectrogram 1	1	732.749531471	733.852139081	187.217	286.026	1.1026	98.809	-58.26	
794	Spectrogram 1	1	733.025183374	733.755660915	93.608	197.618	0.7305	104.010	-58.72	
795	Spectrogram 1	1	734.396551589	735.092572642	535.649	837.276	0.6960	301.627	-54.77	
796	Spectrogram 1	1	735.561180877	735.981550028	306.828	374.434	0.4204	67.606	-48.25	
797	Spectrogram 1	1	738.426194600	739.797562815	488.844	551.250	1.3714	62.406	-56.24	
798	Spectrogram 1	1	738.812107264	739.639062971	109.210	395.236	0.8270	286.026	-56.31	
799	Spectrogram 1	1	739.949171362	740.486692572	535.649	863.278	0.5375	327.629	-61.62	
800	Spectrogram 1	1	740.279953645	741.224061411	52.005	296.427	0.9441	244.422	-54.97	
801	Spectrogram 1	1	740.769235772	741.444582933	483.644	598.054	0.6753	114.410	-65.03	
802	Spectrogram 1	1	742.367001030	743.131935059	520.047	655.259	0.7649	135.212	-59.79	
803	Spectrogram 1	1	742.353218435	742.732239801	36.403	239.222	0.3790	202.819	-52.44	
804	Spectrogram 1	1	742.725348503	743.324891391	317.229	379.634	0.5995	62.405	-51.36	
805	Spectrogram 1	1	743.345565284	744.089825421	452.441	863.278	0.7443	410.837	-60.89	
806	Spectrogram 1	1	744.806520367	745.619693479	499.245	592.854	0.8132	93.609	-61.40	
807	Spectrogram 1	1	744.220760074	744.737607391	270.425	327.630	0.5168	57.205	-57.45	
808	Spectrogram 1	1	743.855521303	744.055368933	239.222	270.425	0.1998	31.203	-53.81	
809	Spectrogram 1	1	746.696650242	747.378888700	447.241	904.882	0.6822	457.641	-57.64	
810	Spectrogram 1	1	747.475366866	748.812278593	88.408	400.436	1.3369	312.028	-58.59	
811	Spectrogram 1	1	748.591740955	748.860501560	499.245	785.271	0.2688	286.026	-67.47	
812	Spectrogram 1	1	750.404152213	752.898801931	384.835	556.450	2.4946	171.615	-61.03	
813	Spectrogram 1	1	750.721151901	752.733410789	785.271	1019.292	2.0123	234.021	-70.51	
814	Spectrogram 1	1	752.737020168	754.108388383	556.450	618.856	1.3714	62.406	-60.70	
815	Spectrogram 1	1	754.756170354	756.492777340	384.835	608.455	1.7366	223.620	-59.09	
816	Spectrogram 1	1	755.355713242	756.713298862	57.205	343.231	1.3576	286.026	-57.48	
817	Spectrogram 1	1	754.621922380	756.220703415	806.073	920.483	1.5988	114.410	-71.30	
818	Spectrogram 1	1	757.320482501	758.409307516	239.222	327.630	1.0888	88.408	-60.05	
819	Spectrogram 1	1	758.919263536	759.670414970	405.637	473.243	0.7512	67.606	-45.16	
820	Spectrogram 1	1	758.712524609	759.470567340	208.019	322.429	0.7580	114.410	-56.02	
821	Spectrogram 1	1	762.230274166	764.090924508	312.028	436.840	1.8607	124.812	-54.27	
822	Spectrogram 1	1	763.422468645	764.297663435	499.245	644.858	0.8752	145.613	-59.20	
823	Spectrogram 1	1	766.402509088	768.152898668	306.828	421.238	1.7504	114.410	-46.92	
824	Spectrogram 1	1	766.230226649	766.829769537	514.847	670.861	0.5995	156.014	-59.73	
825	Spectrogram 1	1	767.139877927	767.829007683	228.821	306.828	0.6891	78.007	-54.57	
826	Spectrogram 1	1	770.808157453	771.607547970	265.224	405.637	0.7994	140.413	-45.91	
827	Spectrogram 1	1	770.553179443	772.069264907	182.017	317.229	1.5161	135.212	-55.12	
828	Spectrogram 1	1	773.096068243	773.736958917	83.208	239.222	0.6409	156.014	-56.84	
829	Spectrogram 1	1	772.468960165	773.957480439	457.642	722.866	1.4885	265.224	-66.21	
830	Spectrogram 1	1	774.773966039	774.946248478	62.406	234.021	0.1723	171.615	-55.98	
831	Spectrogram 1	1	774.670596575	776.228029824	296.427	431.639	1.5574	135.212	-44.31	
832	Spectrogram 1	1	778.285472574	779.525906135	286.026	426.439	1.2404	140.413	-44.84	
833	Spectrogram 1	1	780.235709784	780.683644126	213.219	374.434	0.4479	161.215	-56.04	
834	Spectrogram 1	1	782.082577531	783.068033082	72.807	306.828	0.9855	234.021	-54.63	
835	Spectrogram 1	1	782.447816302	782.999120107	275.625	421.238	0.5513	145.613	-43.52	
836	Spectrogram 1	1	780.797951960	782.059059414	218.420	374.434	1.2611	156.014	-60.18	
837	Spectrogram 1	1	783.580880012	784.104618627	280.825	322.429	0.5237	41.604	-56.61	
838	Spectrogram 1	1	785.538008520	786.833572461	260.024	384.835	1.2956	124.811	-44.93	
839	Spectrogram 1	1	785.214117534	785.393291271	208.019	405.637	0.1792	197.618	-53.88	
840	Spectrogram 1	1	786.855675900	787.282936349	301.627	358.833	0.4273	57.206	-56.08	
841	Spectrogram 1	1	788.578500291	788.964412954	306.828	384.835	0.3859	78.007	-52.91	
842	Spectrogram 1	1	789.102238906	789.467477677	280.825	452.441	0.3652	171.616	-54.28	
843	Spectrogram 1	1	789.687999199	790.790411512	182.017	332.830	1.1024	150.813	-50.10	
844	Spectrogram 1	1	792.575257581	792.685518342	270.425	431.639	0.1103	161.214	-49.25	
845	Spectrogram 1	1	793.754872313	793.906480859	218.420	275.625	0.1516	57.205	-45.31	
846	Spectrogram 1	1	793.934046049	794.485349854	223.620	353.632	0.5513	130.012	-45.97	
847	Spectrogram 1	1	796.279579645	796.465644679	265.224	405.637	0.1861	140.413	-53.31	
848	Spectrogram 1	1	796.823992152	797.623382669	306.828	384.835	0.7994	78.007	-56.19	
849	Spectrogram 1	1	797.568252289	798.588164328	182.017	286.026	1.0199	104.009	-47.49	
850	Spectrogram 1	1	799.888767611	800.564114772	270.425	358.833	0.6753	88.408	-57.11	
851	Spectrogram 1	1	800.550332177	800.695049426	280.825	416.038	0.1447	135.213	-50.02	
852	Spectrogram 1	1	800.846657972	801.845896119	218.420	312.028	0.9992	93.608	-45.48	
853	Spectrogram 1	1	801.356613992	801.825222226	322.429	390.035	0.4686	67.606	-53.67	
854	Spectrogram 1	1	799.682028684	799.854311123	993.290	1279.316	0.1723	286.026	-74.59	
855	Spectrogram 1	1	804.821920890	805.352550802	221.224	320.033	0.5306	98.809	-47.37	
856	Spectrogram 1	1	804.415334333	804.498029904	294.030	439.644	0.0827	145.614	-48.14	
857	Spectrogram 1	1	806.186397807	806.854853670	78.007	223.620	0.6685	145.613	-53.53	
858	Spectrogram 1	1	807.488853046	808.825764773	202.818	395.236	1.3369	192.418	-48.50	
859	Spectrogram 1	1	808.763743095	808.887786451	301.627	436.840	0.1240	135.213	-47.36	
860	Spectrogram 1	1	808.825764773	809.301264305	187.217	239.222	0.4755	52.005	-51.81	
861	Spectrogram 1	1	809.190926735	810.314208237	171.616	312.028	1.1233	140.412	-56.89	
862	Spectrogram 1	1	811.561533096	812.030141330	332.830	395.236	0.4686	62.406	-51.01	
863	Spectrogram 1	1	811.154946540	811.733815535	270.425	343.231	0.5789	72.806	-47.49	
864	Spectrogram 1	1	811.733815535	812.078380413	218.420	296.427	0.3446	78.007	-48.00	
865	Spectrogram 1	1	812.795075360	813.056944667	291.226	483.644	0.2619	192.418	-51.60	
866	Spectrogram 1	1	813.763513915	814.397513291	150.814	317.229	0.6340	166.415	-56.76	
867	Spectrogram 1	1	814.239013447	814.390621993	239.222	312.028	0.1516	72.806	-58.46	
868	Spectrogram 1	1	814.438861076	815.548359984	208.019	395.236	1.1095	187.217	-51.28	
869	Spectrogram 1	1	814.997056179	815.341621057	1178.925	1345.340	0.3446	166.415	-71.56	
870	Spectrogram 1	1	814.686947788	815.003947476	1298.536	1376.543	0.3170	78.007	-71.72	
871	Spectrogram 1	1	815.989403028	816.265054930	119.611	223.620	0.2757	104.009	-54.16	
872	Spectrogram 1	1	816.402880881	816.837032628	161.215	213.219	0.4342	52.004	-53.76	
873	Spectrogram 1	1	816.533815535	817.174706208	260.024	462.842	0.6409	202.818	-55.96	
874	Spectrogram 1	1	817.250510482	818.215292140	166.415	405.637	0.9648	239.222	-49.05	
875	Spectrogram 1	1	820.221839488	821.221077634	192.417	374.434	0.9992	182.017	-45.64	
876	Spectrogram 1	1	821.248642825	822.130728913	187.217	338.031	0.8821	150.814	-53.26	
877	Spectrogram 1	1	822.275446161	824.384183215	114.410	379.634	2.1087	265.224	-57.11	
878	Spectrogram 1	1	824.494443976	825.080204269	265.224	364.033	0.5858	98.809	-44.00	
879	Spectrogram 1	1	823.256799730	823.663386287	509.646	670.861	0.4066	161.215	-61.03	
880	Spectrogram 1	1	825.161485162	826.064245143	286.026	405.637	0.9028	119.611	-57.63	
881	Spectrogram 1	1	825.609419504	826.009114762	197.618	301.627	0.3997	104.009	-54.51	
882	Spectrogram 1	1	826.153832011	826.980787718	176.816	343.231	0.8270	166.415	-41.63	
883	Spectrogram 1	1	826.429483913	826.911874743	379.634	540.849	0.4824	161.215	-57.52	
884	Spectrogram 1	1	827.063483289	827.366700382	260.024	312.028	0.3032	52.004	-56.32	
885	Spectrogram 1	1	827.435613358	828.007591055	166.415	254.823	0.5720	88.408	-46.19	
886	Spectrogram 1	1	827.352917787	828.283242958	312.028	478.443	0.9303	166.415	-60.90	
887	Spectrogram 1	1	828.374798662	828.877863384	197.618	270.425	0.5031	72.807	-55.78	
888	Spectrogram 1	1	828.967450252	830.021818779	150.814	291.226	1.0544	140.412	-56.31	
889	Spectrogram 1	1	830.076949159	831.062404711	156.014	369.233	0.9855	213.219	-44.44	
890	Spectrogram 1	1	831.848012633	832.902381160	213.219	364.033	1.0544	150.814	-54.45	
891	Spectrogram 1	1	832.289055677	832.599164067	514.847	847.677	0.3101	332.830	-62.72	
892	Spectrogram 1	1	833.333298505	834.180928106	265.224	473.243	0.8476	208.019	-59.68	
893	Spectrogram 1	1	834.132689023	834.918296945	197.618	390.035	0.7856	192.417	-50.56	
894	Spectrogram 1	1	833.174798662	834.118906428	119.611	280.825	0.9441	161.214	-53.98	
895	Spectrogram 1	1	835.173274955	836.351686838	166.415	332.830	1.1784	166.415	-58.36	
896	Spectrogram 1	1	836.902990643	837.426729257	348.432	592.854	0.5237	244.422	-59.29	
897	Spectrogram 1	1	836.413708516	837.440511853	156.014	348.432	1.0268	192.418	-42.57	
898	Spectrogram 1	1	836.634230038	837.144186057	166.415	249.623	0.5100	83.208	-42.41	
899	Spectrogram 1	1	839.160928864	839.677776182	254.823	379.634	0.5168	124.811	-42.70	
900	Spectrogram 1	1	841.000905314	841.607339499	239.222	332.830	0.6064	93.608	-40.07	
901	Spectrogram 1	1	842.134476912	842.623759039	577.252	821.675	0.4893	244.423	-61.96	
902	Spectrogram 1	1	842.768476288	843.181954141	618.856	681.262	0.4135	62.406	-58.63	
903	Spectrogram 1	1	842.637541634	843.305997497	286.026	358.833	0.6685	72.807	-43.42	
904	Spectrogram 1	1	843.250867117	844.987474103	124.811	306.828	1.7366	182.017	-51.49	
905	Spectrogram 1	1	843.836627410	844.918561127	260.024	468.042	1.0819	208.018	-58.60	
906	Spectrogram 1	1	844.787626473	845.642147371	104.009	260.024	0.8545	156.015	-51.64	
907	Spectrogram 1	1	845.683495156	846.014277439	197.618	291.226	0.3308	93.608	-58.99	
908	Spectrogram 1	1	846.076299117	846.613820327	119.611	260.024	0.5375	140.413	-56.41	
909	Spectrogram 1	1	846.671599220	846.961033717	644.858	873.679	0.2894	228.821	-61.86	
910	Spectrogram 1	1	846.444186400	846.706055707	322.429	384.835	0.2619	62.406	-56.00	
911	Spectrogram 1	1	847.229794322	847.994728352	348.432	644.858	0.7649	296.426	-57.19	
912	Spectrogram 1	1	846.933468527	848.063641327	161.215	416.038	1.1302	254.823	-44.05	
913	Spectrogram 1	1	846.423512507	846.899012039	218.420	296.427	0.4755	78.007	-54.38	
914	Spectrogram 1	1	848.676966810	849.042205581	301.627	478.443	0.3652	176.816	-57.68	
915	Spectrogram 1	1	848.642510322	849.124901152	135.212	244.422	0.4824	109.210	-56.15	
916	Spectrogram 1	1	849.138683747	849.517705113	218.420	317.229	0.3790	98.809	-56.34	
917	Spectrogram 1	1	849.524596410	850.069008918	171.616	260.024	0.5444	88.408	-56.51	
918	Spectrogram 1	1	850.268856547	850.916638518	265.224	405.637	0.6478	140.413	-47.71	
919	Spectrogram 1	1	851.912048481	852.676982511	280.825	405.637	0.7649	124.812	-50.82	
920	Spectrogram 1	1	851.595048794	852.042983135	176.816	317.229	0.4479	140.413	-40.02	
921	Spectrogram 1	1	851.808679018	852.160135194	234.021	317.229	0.3515	83.208	-39.97	
922	Spectrogram 1	1	852.387548013	853.193829828	98.809	223.620	0.8063	124.811	-52.21	
923	Spectrogram 1	1	854.792610862	855.461066726	280.825	447.241	0.6685	166.416	-45.84	
924	Spectrogram 1	1	854.503176365	855.281892989	265.224	462.842	0.7787	197.618	-47.96	
925	Spectrogram 1	1	854.365350414	855.440392833	114.410	275.625	1.0750	161.215	-51.87	
926	Spectrogram 1	1	855.977914043	856.577456931	312.028	384.835	0.5995	72.807	-51.65	
927	Spectrogram 1	1	855.688479546	856.046827019	119.611	275.625	0.3583	156.014	-55.08	
928	Spectrogram 1	1	857.717732341	858.558470644	140.413	327.630	0.8407	187.217	-41.74	
929	Spectrogram 1	1	858.965057200	859.661078253	260.024	379.634	0.6960	119.610	-47.24	
930	Spectrogram 1	1	859.640404361	860.501816556	119.611	348.432	0.8614	228.821	-57.03	
931	Spectrogram 1	1	861.769815308	862.279771327	208.019	322.429	0.5100	114.410	-38.36	
932	Spectrogram 1	1	860.604576121	861.851900979	88.408	343.231	1.2473	254.823	-55.57	
933	Spectrogram 1	1	862.148226775	862.416987379	234.021	358.833	0.2688	124.812	-47.50	
934	Spectrogram 1	1	863.195704004	863.774572999	296.427	405.637	0.5789	109.210	-44.29	
935	Spectrogram 1	1	863.447384394	864.088275068	587.653	936.085	0.6409	348.432	-58.71	
936	Spectrogram 1	1	864.357035673	865.755969078	249.623	457.642	1.3989	208.019	-56.64	
937	Spectrogram 1	1	864.143405448	864.405274756	322.429	390.035	0.2619	67.606	-54.90	
938	Spectrogram 1	1	864.053818580	865.507882366	114.410	327.630	1.4541	213.220	-53.52	
939	Spectrogram 1	1	865.652599614	865.873121136	114.410	171.616	0.2205	57.206	-55.70	
940	Spectrogram 1	1	866.424424941	866.569142190	301.627	384.835	0.1447	83.208	-52.18	
941	Spectrogram 1	1	866.169446932	866.679402951	166.415	327.630	0.5100	161.215	-56.08	
942	Spectrogram 1	1	867.003293937	867.223815459	244.422	332.830	0.2205	88.408	-55.68	
943	Spectrogram 1	1	867.203141566	867.582162932	244.422	416.038	0.3790	171.616	-45.95	
944	Spectrogram 1	1	867.451228278	868.043879869	192.417	317.229	0.5927	124.812	-40.36	
945	Spectrogram 1	1	866.893033176	867.258271946	681.262	889.281	0.3652	208.019	-64.00	
946	Spectrogram 1	1	866.720750737	867.085989507	83.208	223.620	0.3652	140.412	-52.97	
947	Spectrogram 1	1	868.890337189	869.214228174	124.811	166.415	0.3239	41.604	-47.70	
948	Spectrogram 1	1	869.331380233	869.593249540	228.821	301.627	0.2619	72.806	-57.54	
949	Spectrogram 1	1	870.020509989	870.716531043	202.818	312.028	0.6960	109.210	-55.28	
950	Spectrogram 1	1	871.150682789	871.915616819	192.417	332.830	0.7649	140.413	-38.82	
951	Spectrogram 1	1	873.158628698	873.937345323	150.814	260.024	0.7787	109.210	-53.50	
952	Spectrogram 1	1	874.529996913	874.902126981	202.818	280.825	0.3721	78.007	-54.12	
953	Spectrogram 1	1	876.273495196	877.114233499	166.415	327.630	0.8407	161.215	-38.13	
954	Spectrogram 1	1	877.752014458	878.034557658	98.809	166.415	0.2825	67.606	-55.96	
955	Spectrogram 1	1	879.240534731	879.619556097	150.814	702.064	0.3790	551.250	-52.75	
956	Spectrogram 1	1	878.117253229	878.248187882	327.630	384.835	0.1309	57.205	-52.05	
957	Spectrogram 1	1	878.709904819	878.847730770	322.429	379.634	0.1378	57.205	-53.46	
958	Spectrogram 1	1	879.591990907	880.108838224	192.417	275.625	0.5168	83.208	-54.77	
959	Spectrogram 1	1	880.170859902	880.756620195	223.620	343.231	0.5858	119.611	-40.56	
960	Spectrogram 1	1	880.529207375	880.915120039	161.215	249.623	0.3859	88.408	-55.20	
961	Spectrogram 1	1	882.401733863	883.566363151	182.017	400.436	1.1646	218.419	-53.19	
962	Spectrogram 1	1	882.188103639	883.407863307	104.009	286.026	1.2198	182.017	-51.83	
963	Spectrogram 1	1	885.013535639	886.315990878	124.811	322.429	1.3025	197.618	-41.76	
964	Spectrogram 1	1	886.915721255	887.260286133	109.210	176.816	0.3446	67.606	-54.25	
965	Spectrogram 1	1	888.176828709	888.418024124	239.222	327.630	0.2412	88.408	-46.40	
966	Spectrogram 1	1	888.914197548	889.699805470	182.017	353.632	0.7856	171.615	-39.47	
967	Spectrogram 1	1	890.704137451	891.138289198	161.215	213.219	0.4342	52.004	-56.82	
968	Spectrogram 1	1	891.489745373	891.861875442	161.215	535.649	0.3721	374.434	-53.80	
969	Spectrogram 1	1	891.882549334	892.261570700	140.413	197.618	0.3790	57.205	-48.74	
971	Spectrogram 1	1	893.421332019	893.772788195	135.212	187.217	0.3515	52.005	-49.97	
972	Spectrogram 1	1	894.441244059	895.137265112	161.215	364.033	0.6960	202.818	-39.87	
973	Spectrogram 1	1	895.595536400	896.222644478	920.483	1050.495	0.6271	130.012	-64.97	
974	Spectrogram 1	1	895.774710137	896.015905552	218.420	566.851	0.2412	348.432	-51.83	
975	Spectrogram 1	1	897.584053453	897.763227189	1748.988	1863.399	0.1792	114.410	-68.29	
976	Spectrogram 1	1	898.445465648	899.127704107	182.017	353.632	0.6822	171.616	-38.87	
977	Spectrogram 1	1	900.111122192	901.261968885	67.606	260.024	1.1508	192.417	-55.26	
978	Spectrogram 1	1	902.612663207	903.198423500	208.019	369.233	0.5858	161.215	-40.63	
979	Spectrogram 1	1	903.453401510	903.715270817	228.821	395.236	0.2619	166.415	-47.53	
980	Spectrogram 1	1	904.252792027	904.411291871	119.611	416.038	0.1585	296.427	-53.42	
981	Spectrogram 1	1	904.728291559	904.879900105	145.613	436.840	0.1516	291.226	-55.40	
982	Spectrogram 1	1	905.831555753	905.983164300	182.017	384.835	0.1516	202.818	-47.87	
983	Spectrogram 1	1	906.941054661	907.492358466	187.217	379.634	0.5513	192.417	-41.85	
984	Spectrogram 1	1	906.982402446	907.299402134	743.667	1045.295	0.3170	301.627	-70.56	
985	Spectrogram 1	1	907.009967636	907.678423500	722.866	832.075	0.6685	109.210	-65.44	
986	Spectrogram 1	1	907.781792963	908.043662271	192.417	468.042	0.2619	275.625	-50.73	
987	Spectrogram 1	1	908.372647090	908.958407383	88.408	208.019	0.5858	119.611	-57.20	
988	Spectrogram 1	1	908.841255325	909.137581120	239.222	338.031	0.2963	98.809	-60.77	
989	Spectrogram 1	1	909.888732554	910.123036671	130.012	182.017	0.2343	52.005	-50.84	
990	Spectrogram 1	1	910.963774974	911.563317862	202.818	390.035	0.5995	187.217	-40.96	
991	Spectrogram 1	1	911.482224042	912.061093037	556.450	795.672	0.5789	239.222	-65.44	
992	Spectrogram 1	1	912.157571203	912.295397154	239.222	478.443	0.1378	239.222	-49.21	
993	Spectrogram 1	1	913.928736271	914.480040076	551.250	743.667	0.5513	192.417	-60.81	
994	Spectrogram 1	1	914.879735335	915.637778067	577.252	816.474	0.7580	239.222	-66.06	
995	Spectrogram 1	1	914.810822359	915.375908759	234.021	405.637	0.5651	171.616	-41.60	
996	Spectrogram 1	1	915.761821423	916.016799432	176.816	499.245	0.2550	322.429	-55.36	
997	Spectrogram 1	1	916.919559413	917.525993599	83.208	197.618	0.6064	114.410	-53.49	
998	Spectrogram 1	1	917.760297716	918.511449150	556.450	650.059	0.7512	93.608	-62.61	
999	Spectrogram 1	1	917.243450399	917.415732838	197.618	426.439	0.1723	228.821	-52.18	
1000	Spectrogram 1	1	918.319344283	918.808626410	150.814	286.026	0.4893	135.212	-57.48	
1001	Spectrogram 1	1	919.077387015	919.566669142	520.047	915.283	0.4893	395.236	-60.86	
1002	Spectrogram 1	1	919.670038605	919.876777532	161.215	546.050	0.2067	384.835	-54.38	
1003	Spectrogram 1	1	922.281840381	922.433448928	228.821	426.439	0.1516	197.618	-46.66	
1004	Spectrogram 1	1	920.455646527	920.689950644	322.429	457.642	0.2343	135.212	-53.53	
1005	Spectrogram 1	1	920.304037981	920.655494157	182.017	244.422	0.3515	62.406	-53.38	
1006	Spectrogram 1	1	920.366059659	920.641711562	78.007	124.811	0.2757	46.804	-54.33	
1007	Spectrogram 1	1	923.219072134	923.453376251	364.033	405.637	0.2343	41.604	-54.52	
1008	Spectrogram 1	1	923.515397929	924.018462651	234.021	395.236	0.5031	161.215	-40.77	
1009	Spectrogram 1	1	928.148756005	928.327929742	176.816	405.637	0.1792	228.821	-49.35	
1010	Spectrogram 1	1	928.658712025	929.237581020	218.420	384.835	0.5789	166.415	-44.26	
1011	Spectrogram 1	1	929.347841781	929.699297957	208.019	260.024	0.3515	52.005	-54.84	
1012	Spectrogram 1	1	931.139579147	931.525491811	1237.712	1315.719	0.3859	78.007	-70.48	
1013	Spectrogram 1	1	930.341024394	930.720045760	270.425	332.830	0.3790	62.406	-58.58	
1014	Spectrogram 1	1	930.981915067	931.381610326	379.634	551.250	0.3997	171.616	-63.89	
1015	Spectrogram 1	1	932.084522677	932.277479009	447.241	561.651	0.1930	114.410	-52.17	
1016	Spectrogram 1	1	932.181000843	932.435978853	135.212	405.637	0.2550	270.425	-51.79	
1017	Spectrogram 1	1	933.442108297	933.821129663	171.616	452.441	0.3790	280.825	-45.77	
1018	Spectrogram 1	1	934.028579667	934.690144233	644.858	842.476	0.6616	197.618	-66.95	
1019	Spectrogram 1	1	934.600557365	934.883100565	145.613	202.818	0.2825	57.205	-56.59	
1020	Spectrogram 1	1	935.007143921	935.599795512	192.417	254.823	0.5927	62.406	-55.65	
1021	Spectrogram 1	1	935.896121307	936.440533814	228.821	327.630	0.5444	98.809	-55.20	
1022	Spectrogram 1	1	935.868556117	936.102860234	436.840	494.045	0.2343	57.205	-54.90	
1023	Spectrogram 1	1	936.474990302	936.599033658	223.620	369.233	0.1240	145.613	-51.23	
1024	Spectrogram 1	1	937.143446166	937.508684936	249.623	452.441	0.3652	202.818	-46.26	
1025	Spectrogram 1	1	938.492460736	938.926612482	192.417	275.625	0.4342	83.208	-56.53	
1026	Spectrogram 1	1	939.326307741	939.760459487	223.620	343.231	0.4342	119.611	-58.74	
1027	Spectrogram 1	1	939.581285751	939.877611546	504.446	582.453	0.2963	78.007	-57.63	
1028	Spectrogram 1	1	939.863828951	940.173937341	135.212	566.851	0.3101	431.639	-52.69	
1029	Spectrogram 1	1	941.407479605	941.958783410	62.406	395.236	0.5513	332.830	-55.56	
1030	Spectrogram 1	1	940.787262824	941.152501595	1180.507	1284.517	0.3652	104.009	-71.19	
1031	Spectrogram 1	1	942.013913790	942.620347976	150.814	234.021	0.6064	83.208	-53.73	
1032	Spectrogram 1	1	943.445100343	943.879252089	145.613	478.443	0.4342	332.830	-52.40	
1033	Spectrogram 1	1	943.451991640	943.768991328	114.410	192.417	0.3170	78.007	-49.51	
1034	Spectrogram 1	1	944.409882002	944.912946724	234.021	343.231	0.5031	109.210	-54.75	
1035	Spectrogram 1	1	944.396099406	944.795794665	145.613	244.422	0.3997	98.809	-54.06	
1036	Spectrogram 1	1	945.229946411	945.471141826	114.410	504.446	0.2412	390.035	-47.00	
1037	Spectrogram 1	1	945.457359231	946.029336929	124.811	228.821	0.5720	104.009	-53.64	
1038	Spectrogram 1	1	946.187836773	946.615097221	166.415	254.823	0.4273	88.408	-53.38	
1039	Spectrogram 1	1	947.152618431	947.435161631	182.017	223.620	0.2825	41.604	-50.83	
1040	Spectrogram 1	1	947.545422392	947.752161319	239.222	270.425	0.2067	31.203	-54.02	
1041	Spectrogram 1	1	947.648791856	948.413725885	145.613	374.434	0.7649	228.821	-57.25	
1042	Spectrogram 1	1	948.745130829	949.000108839	176.816	249.623	0.2550	72.807	-55.07	
1043	Spectrogram 1	1	948.731348234	948.986326244	431.639	499.245	0.2550	67.606	-54.63	
1044	Spectrogram 1	1	949.675456000	949.854629736	140.413	442.040	0.1792	301.627	-48.12	
1045	Spectrogram 1	1	949.902868819	950.702259337	114.410	244.422	0.7994	130.012	-56.26	
1046	Spectrogram 1	1	950.908998263	951.108845893	98.809	317.229	0.1998	218.420	-54.30	
1047	Spectrogram 1	1	951.584345425	952.569800976	457.642	551.250	0.9855	93.608	-55.69	
1048	Spectrogram 1	1	952.693844332	952.886800664	114.410	374.434	0.1930	260.024	-56.48	
1049	Spectrogram 1	1	953.141778674	953.341626303	93.608	176.816	0.1998	83.208	-49.50	
1050	Spectrogram 1	1	953.617278205	953.741321562	265.224	452.441	0.1240	187.217	-42.33	
1051	Spectrogram 1	1	952.383735942	952.666279142	234.021	312.028	0.2825	78.007	-57.36	
1052	Spectrogram 1	1	952.921257152	953.245148137	208.019	260.024	0.3239	52.005	-54.04	
1053	Spectrogram 1	1	955.851292866	956.292335910	457.642	540.849	0.4410	83.208	-52.98	
1054	Spectrogram 1	1	956.250988124	956.940117881	52.005	187.217	0.6891	135.212	-58.30	
1055	Spectrogram 1	1	957.105509022	957.567225959	41.604	286.026	0.4617	244.422	-52.74	
1056	Spectrogram 1	1	957.698160612	958.221899227	135.212	244.422	0.5237	109.210	-56.01	
1057	Spectrogram 1	1	958.614703188	958.773203032	156.014	473.243	0.1585	317.229	-44.49	
1058	Spectrogram 1	1	958.814550817	958.979941959	265.224	462.842	0.1654	197.618	-49.19	
1059	Spectrogram 1	1	959.981623045	960.112557699	254.823	322.429	0.1309	67.606	-47.93	
