Selection	View	Channel	Begin Time (s)	End Time (s)	Low Freq (Hz)	High Freq (Hz)	Delta Time (s)	Delta Freq (Hz)	Avg Power Density (dB FS/Hz)	Annotation
1	Spectrogram 1	1	268.057270589	269.562291273	11950.189	22050.000	1.5050	10099.811	-76.93	d
2	Spectrogram 1	1	504.571024879	506.270241780	11118.113	22050.000	1.6992	10931.887	-77.00	d
3	Spectrogram 1	1	556.116048151	557.669617889	11034.906	22050.000	1.5536	11015.094	-71.09	d
4	Spectrogram 1	1	560.169894187	561.844836561	10785.283	22050.000	1.6749	11264.717	-68.46	d
5	Spectrogram 1	1	566.117153341	567.840644769	11201.321	22050.000	1.7235	10848.679	-71.38	d
6	Spectrogram 1	1	596.986260091	598.539829830	12033.396	22050.000	1.5536	10016.604	-73.97	d
7	Spectrogram 1	1	606.647521901	608.103993530	12199.811	22050.000	1.4565	9850.189	-72.84	d
8	Spectrogram 1	1	625.570042391	627.099337602	11034.906	22050.000	1.5293	11015.094	-75.46	d
9	Spectrogram 1	1	631.323105328	632.828126012	11367.736	22050.000	1.5050	10682.264	-75.58	d
10	Spectrogram 1	1	647.392842307	648.873588464	11450.943	22050.000	1.4807	10599.057	-71.11	d
11	Spectrogram 1	1	662.231614291	663.323968013	8039.434	17109.057	1.0924	9069.623	-60.64	d
12	Spectrogram 1	1	661.794672802	663.372517068	8205.849	22050.000	1.5778	13844.151	-63.99	d
13	Spectrogram 1	1	672.159895899	673.737740165	11118.113	22050.000	1.5778	10931.887	-68.37	d
14	Spectrogram 1	1	681.893981290	683.690296300	11284.528	22050.000	1.7963	10765.472	-64.98	d
15	Spectrogram 1	1	693.667126963	695.099324065	12148.302	22050.000	1.4322	9901.698	-74.70	d
16	Spectrogram 1	1	702.041838833	703.546859516	12065.094	22050.000	1.5050	9984.906	-69.76	d
17	Spectrogram 1	1	0.536884515	1.460183495	198.574	353.020	0.9233	154.446	-43.69	
18	Spectrogram 1	1	4.611527887	4.897620528	279.474	360.374	0.2861	80.900	-36.62	
19	Spectrogram 1	1	7.083000525	7.544650015	205.928	257.410	0.4616	51.482	-47.10	
20	Spectrogram 1	1	8.155847931	8.402927939	205.928	272.119	0.2471	66.191	-48.25	
21	Spectrogram 1	1	10.958372730	11.641093806	205.928	411.856	0.6827	205.928	-44.67	
22	Spectrogram 1	1	12.551388575	13.617733875	3106.258	3480.692	1.0663	374.434	-65.42	
23	Spectrogram 1	1	13.318637022	13.793290723	2137.340	2438.968	0.4747	301.628	-62.45	
24	Spectrogram 1	1	14.606053909	15.275770775	220.637	382.438	0.6697	161.801	-48.17	
25	Spectrogram 1	1	14.183294013	14.404365600	220.637	294.183	0.2211	73.546	-45.83	
26	Spectrogram 1	1	17.550183511	18.323934064	978.159	1147.314	0.7738	169.155	-59.40	
27	Spectrogram 1	1	18.187389849	18.629533022	1365.249	1960.970	0.4421	595.721	-55.97	
28	Spectrogram 1	1	19.865577787	20.457269387	191.219	387.090	0.5917	195.871	-47.29	
29	Spectrogram 1	1	21.185505201	21.634150480	205.928	323.601	0.4486	117.673	-53.88	
30	Spectrogram 1	1	24.228688245	24.553793520	279.474	367.729	0.3251	88.255	-38.45	
31	Spectrogram 1	1	26.998585183	27.739825209	154.446	330.956	0.7412	176.510	-52.75	
32	Spectrogram 1	1	27.952725811	28.394868984	102.964	191.219	0.4421	88.255	-49.11	
33	Spectrogram 1	1	27.627620536	27.991738444	948.741	1147.314	0.3641	198.573	-60.08	
34	Spectrogram 1	1	29.838336403	30.500030640	198.574	397.147	0.6617	198.573	-50.97	
35	Spectrogram 1	1	30.519536956	30.812131703	161.801	257.410	0.2926	95.609	-55.26	
36	Spectrogram 1	1	33.321944422	33.822606545	264.765	426.566	0.5007	161.801	-46.07	
37	Spectrogram 1	1	32.886303354	33.686062330	1529.752	1993.091	0.7998	463.339	-57.54	
38	Spectrogram 1	1	34.819264215	36.119685313	213.283	338.311	1.3004	125.028	-56.55	
39	Spectrogram 1	1	38.453941184	39.175674893	191.219	367.729	0.7217	176.510	-49.10	
40	Spectrogram 1	1	35.430462131	36.568330592	1566.371	2801.940	1.1379	1235.569	-59.98	
41	Spectrogram 1	1	35.918120043	36.483803220	713.394	1162.023	0.5657	448.629	-60.54	
42	Spectrogram 1	1	40.601128152	41.634962925	242.701	360.374	1.0338	117.673	-54.21	
43	Spectrogram 1	1	40.848208161	40.971748165	1879.317	2261.755	0.1235	382.438	-55.24	
44	Spectrogram 1	1	44.274817753	44.515395656	1489.524	2129.373	0.2406	639.849	-58.22	
45	Spectrogram 1	1	43.787159842	43.943210373	278.123	351.669	0.1561	73.546	-41.22	
46	Spectrogram 1	1	44.934869003	45.220961645	2035.713	2513.760	0.2861	478.047	-61.99	
47	Spectrogram 1	1	45.955699565	46.417349055	2300.478	2660.852	0.4616	360.374	-57.73	
48	Spectrogram 1	1	48.355178636	49.577574468	205.928	367.729	1.2224	161.801	-52.53	
49	Spectrogram 1	1	48.764811282	49.245967088	3897.157	6821.269	0.4812	2924.112	-69.06	
51	Spectrogram 1	1	47.334348074	47.893529146	742.812	7431.699	0.5592	6688.887	-60.29	
52	Spectrogram 1	1	51.814302735	52.366981702	227.992	360.374	0.5527	132.382	-55.31	
53	Spectrogram 1	1	52.458011178	53.082213305	227.992	411.856	0.6242	183.864	-51.37	
54	Spectrogram 1	1	55.943139721	56.716890274	1345.888	1684.198	0.7738	338.310	-49.76	
56	Spectrogram 1	1	52.321466963	52.497023811	492.757	2780.030	0.1756	2287.273	-59.54	
57	Spectrogram 1	1	59.300037083	60.242842379	1691.553	2574.102	0.9428	882.549	-65.06	
58	Spectrogram 1	1	56.959279107	57.329899120	286.829	404.502	0.3706	117.673	-43.42	
59	Spectrogram 1	1	57.492451757	57.707021238	323.601	639.848	0.2146	316.247	-49.93	
60	Spectrogram 1	1	58.097147568	58.175172833	610.430	735.458	0.0780	125.028	-38.91	
61	Spectrogram 1	1	59.709669729	60.489922388	198.574	353.020	0.7803	154.446	-53.77	
62	Spectrogram 1	1	60.593956075	61.042601354	242.701	316.247	0.4486	73.546	-50.58	
64	Spectrogram 1	1	59.512742664	60.403531116	1125.250	1360.597	0.8908	235.347	-61.41	
65	Spectrogram 1	1	63.364018340	63.650110981	220.637	301.538	0.2861	80.901	-49.54	
66	Spectrogram 1	1	63.949207834	64.443367851	1248.773	2719.689	0.4942	1470.916	-59.10	
67	Spectrogram 1	1	66.966184781	67.213264790	485.402	904.613	0.2471	419.211	-55.04	
68	Spectrogram 1	1	65.412181569	65.880333164	323.601	433.920	0.4682	110.319	-44.30	
69	Spectrogram 1	1	61.199364631	61.563482539	294.183	419.211	0.3641	125.028	-45.04	
70	Spectrogram 1	1	67.304571626	67.415107420	3206.596	3677.289	0.1105	470.693	-57.87	
71	Spectrogram 1	1	68.195360078	68.331904294	2294.628	2809.449	0.1365	514.821	-58.06	
72	Spectrogram 1	1	71.152456247	71.341017306	1926.899	2574.102	0.1886	647.203	-61.47	
73	Spectrogram 1	1	69.539934086	69.904051993	301.538	397.147	0.3641	95.609	-38.27	
74	Spectrogram 1	1	72.380785431	72.471814907	1912.190	2456.429	0.0910	544.239	-59.25	
75	Spectrogram 1	1	76.675383419	76.935467638	382.438	2118.118	0.2601	1735.680	-59.33	
76	Spectrogram 1	1	76.935467638	78.151361365	1691.553	2324.047	1.2159	632.494	-60.97	
77	Spectrogram 1	1	78.053829782	78.970626656	1720.971	2721.194	0.9168	1000.223	-63.64	
78	Spectrogram 1	1	79.237212981	80.979777252	1882.772	3103.632	1.7426	1220.860	-65.14	
79	Spectrogram 1	1	81.808983034	81.939025143	102.964	433.920	0.1300	330.956	-46.30	
80	Spectrogram 1	1	84.591884183	85.411149475	1382.661	2073.991	0.8193	691.330	-56.88	
81	Spectrogram 1	1	86.454477690	87.130696661	51.482	183.864	0.6762	132.382	-51.50	
82	Spectrogram 1	1	87.111190344	87.637860889	279.474	353.020	0.5267	73.546	-49.66	
83	Spectrogram 1	1	87.182713505	87.520822990	1542.358	2347.308	0.3381	804.950	-60.63	
84	Spectrogram 1	1	88.957788303	89.269889367	503.789	816.358	0.3121	312.569	-49.53	
85	Spectrogram 1	1	88.671695662	89.679522012	2309.337	2927.122	1.0078	617.785	-62.08	
86	Spectrogram 1	1	92.924993401	93.094048143	272.119	544.239	0.1691	272.120	-48.43	
87	Spectrogram 1	1	94.322946081	94.550519773	1199.320	2738.659	0.2276	1539.339	-61.15	
88	Spectrogram 1	1	97.714622169	98.299811663	1279.316	1414.528	0.5852	135.212	-51.48	
89	Spectrogram 1	1	100.048878039	100.731599115	1206.509	1508.137	0.6827	301.628	-59.39	
90	Spectrogram 1	1	101.667902306	101.947492842	1014.932	1191.442	0.2796	176.510	-56.33	
91	Spectrogram 1	1	101.927986525	102.240087589	1560.142	2371.415	0.3121	811.273	-62.69	
92	Spectrogram 1	1	101.147733867	101.264771766	364.033	665.660	0.1170	301.627	-42.59	
93	Spectrogram 1	1	105.307120589	105.664736391	911.968	1220.860	0.3576	308.892	-54.16	
94	Spectrogram 1	1	108.842033232	109.589775364	875.195	1441.497	0.7477	566.302	-63.12	
95	Spectrogram 1	1	108.302358477	108.399890059	338.311	603.075	0.0975	264.764	-41.96	
96	Spectrogram 1	1	110.396036444	111.390858584	823.713	1345.888	0.9948	522.175	-60.72	
97	Spectrogram 1	1	112.411689146	112.574241783	220.637	669.267	0.1626	448.630	-43.30	
98	Spectrogram 1	1	111.878516496	112.346668091	514.820	647.203	0.4682	132.383	-56.50	
99	Spectrogram 1	1	112.683590747	113.645902359	683.976	1537.107	0.9623	853.131	-61.55	
100	Spectrogram 1	1	116.773415099	117.105022479	625.139	1066.414	0.3316	441.275	-46.33	
101	Spectrogram 1	1	116.435305614	116.493824563	397.147	529.530	0.0585	132.383	-40.52	
102	Spectrogram 1	1	119.892992839	121.024359194	470.693	581.012	1.1314	110.319	-55.44	
103	Spectrogram 1	1	120.335136012	121.687573954	669.267	831.067	1.3524	161.800	-55.21	
104	Spectrogram 1	1	121.095882354	121.167405515	367.729	639.848	0.0715	272.119	-41.67	
105	Spectrogram 1	1	122.565358195	123.176556111	1132.605	1309.115	0.6112	176.510	-59.69	
106	Spectrogram 1	1	123.554123298	125.023599139	1191.442	1448.852	1.4695	257.410	-58.81	
107	Spectrogram 1	1	127.954208815	128.409356199	581.012	1022.286	0.4551	441.274	-49.13	
108	Spectrogram 1	1	131.146742610	131.471847884	500.111	581.012	0.3251	80.901	-51.70	
109	Spectrogram 1	1	131.276784719	131.712425787	595.721	683.976	0.4356	88.255	-48.22	
110	Spectrogram 1	1	131.570092204	131.719640630	253.733	426.566	0.1495	172.833	-45.49	
111	Spectrogram 1	1	132.148779592	132.350344863	382.438	437.597	0.2016	55.159	-50.83	
112	Spectrogram 1	1	132.233306964	133.299652264	562.625	636.171	1.0663	73.546	-54.99	
113	Spectrogram 1	1	131.264451264	133.546690291	1147.314	1331.179	2.2822	183.865	-61.70	
114	Spectrogram 1	1	134.593733268	136.557369126	1024.493	1227.311	1.9636	202.818	-61.47	
115	Spectrogram 1	1	134.860277278	135.816086785	452.441	551.250	0.9558	98.809	-54.27	
116	Spectrogram 1	1	135.556002565	136.628849971	504.446	624.057	1.0728	119.611	-48.76	
117	Spectrogram 1	1	136.316748907	136.420782595	270.425	436.840	0.1040	166.415	-42.43	
118	Spectrogram 1	1	139.439596686	140.187338817	504.446	889.281	0.7477	384.835	-46.59	
119	Spectrogram 1	1	140.356393560	140.486435669	254.823	473.243	0.1300	218.420	-41.46	
120	Spectrogram 1	1	142.066447303	143.555429460	507.466	588.366	1.4890	80.900	-55.36	
121	Spectrogram 1	1	143.379872612	143.874032629	441.275	514.820	0.4942	73.545	-52.17	
122	Spectrogram 1	1	143.900840499	144.941177377	522.175	669.267	1.0403	147.092	-47.94	
123	Spectrogram 1	1	144.830641584	144.993194221	176.510	558.948	0.1626	382.438	-42.78	
124	Spectrogram 1	1	145.129738437	145.662911087	529.530	1162.023	0.5332	632.493	-42.93	
125	Spectrogram 1	1	146.898311130	147.613542733	441.275	617.785	0.7152	176.510	-51.32	
126	Spectrogram 1	1	147.841116426	147.984162746	161.801	426.566	0.1430	264.765	-43.92	
127	Spectrogram 1	1	148.087489665	148.666177053	485.402	948.741	0.5787	463.339	-36.61	
128	Spectrogram 1	1	150.454256063	150.772859232	404.502	1007.577	0.3186	603.075	-43.50	
129	Spectrogram 1	1	151.760163469	151.948724528	198.574	463.338	0.1886	264.764	-42.41	
130	Spectrogram 1	1	152.046256110	154.393516192	485.402	1213.505	2.3473	728.103	-45.69	
131	Spectrogram 1	1	155.011216213	155.154262534	154.446	478.048	0.1430	323.602	-45.10	
132	Spectrogram 1	1	155.663581670	157.341124886	404.502	1191.442	1.6775	786.940	-43.78	
133	Spectrogram 1	1	160.450004730	161.028692119	411.856	897.258	0.5787	485.402	-36.55	
134	Spectrogram 1	1	163.913546031	166.039734526	448.629	838.422	2.1262	389.793	-43.55	
135	Spectrogram 1	1	168.009120381	168.893406727	367.729	875.195	0.8843	507.466	-40.06	
136	Spectrogram 1	1	171.344700497	171.507253134	353.020	742.812	0.1626	389.792	-40.37	
137	Spectrogram 1	1	173.784265184	176.014487367	419.211	683.976	2.2302	264.765	-41.74	
138	Spectrogram 1	1	175.071682071	175.188719969	183.864	419.211	0.1170	235.347	-43.17	
139	Spectrogram 1	1	177.299433947	178.788416104	397.147	779.585	1.4890	382.438	-44.41	
140	Spectrogram 1	1	178.170716083	178.300758192	176.510	411.856	0.1300	235.346	-44.13	
141	Spectrogram 1	1	179.627187712	180.264394050	397.147	514.820	0.6372	117.673	-48.59	
142	Spectrogram 1	1	181.285224612	181.701359363	426.566	764.876	0.4161	338.310	-36.81	
143	Spectrogram 1	1	182.406304055	182.549350376	176.510	397.147	0.1430	220.637	-42.89	
144	Spectrogram 1	1	184.417562230	186.888362316	389.793	941.386	2.4708	551.593	-44.43	
145	Spectrogram 1	1	186.498235987	186.621775991	169.155	389.793	0.1235	220.638	-44.72	
146	Spectrogram 1	1	187.720631819	189.714983643	353.020	706.039	1.9944	353.019	-45.86	
147	Spectrogram 1	1	190.859354209	191.015404741	220.637	500.111	0.1561	279.474	-47.35	
148	Spectrogram 1	1	189.787584258	190.320756908	272.119	360.374	0.5332	88.255	-54.34	
149	Spectrogram 1	1	191.101009566	191.939781175	345.665	478.048	0.8388	132.383	-52.59	
150	Spectrogram 1	1	192.089329601	192.381924348	367.729	1117.896	0.2926	750.167	-44.45	
151	Spectrogram 1	1	193.838395977	193.961935982	139.737	478.048	0.1235	338.311	-44.26	
152	Spectrogram 1	1	194.484015208	195.680402618	367.729	529.530	1.1964	161.801	-44.05	
153	Spectrogram 1	1	195.589373141	196.506170015	367.729	522.175	0.9168	154.446	-40.80	
154	Spectrogram 1	1	196.584195281	197.162882669	382.438	514.820	0.5787	132.382	-36.24	
155	Spectrogram 1	1	197.559511104	197.663544792	191.219	536.884	0.1040	345.665	-44.81	
156	Spectrogram 1	1	198.248301554	200.068891091	345.665	603.075	1.8206	257.410	-42.79	
157	Spectrogram 1	1	201.414826927	201.473345877	330.956	448.629	0.0585	117.673	-44.33	
158	Spectrogram 1	1	202.035778002	203.271178044	301.538	455.984	1.2354	154.446	-46.76	
159	Spectrogram 1	1	202.790022238	203.251671728	382.438	1220.860	0.4616	838.422	-44.78	
160	Spectrogram 1	1	205.610151900	205.753198221	198.574	647.203	0.1430	448.629	-45.49	
161	Spectrogram 1	1	206.656990884	208.250006729	338.311	632.494	1.5930	294.183	-40.75	
162	Spectrogram 1	1	209.574882713	210.010523780	286.829	360.374	0.4356	73.545	-48.40	
163	Spectrogram 1	1	209.828464827	211.245923823	316.247	683.976	1.4175	367.729	-42.88	
164	Spectrogram 1	1	213.066513360	213.365610213	279.474	353.020	0.2991	73.546	-48.02	
165	Spectrogram 1	1	213.359108107	213.833761808	323.601	639.848	0.4747	316.247	-36.65	
166	Spectrogram 1	1	217.386228985	218.634633239	338.311	683.976	1.2484	345.665	-38.46	
167	Spectrogram 1	1	216.560461588	217.444747935	389.793	507.466	0.8843	117.673	-36.26	
168	Spectrogram 1	1	218.049443745	218.166481644	154.446	301.538	0.1170	147.092	-44.43	
169	Spectrogram 1	1	220.165652379	221.199487152	308.892	750.167	1.0338	441.275	-39.09	
170	Spectrogram 1	1	219.651986045	220.503761864	264.765	345.665	0.8518	80.900	-53.31	
171	Spectrogram 1	1	222.298342979	222.402376667	308.892	478.048	0.1040	169.156	-46.49	
172	Spectrogram 1	1	223.929252642	224.338885288	301.538	639.848	0.4096	338.310	-35.36	
173	Spectrogram 1	1	227.152495270	228.940574279	250.056	603.075	1.7881	353.019	-44.19	
174	Spectrogram 1	1	230.194642336	230.331186551	102.964	485.402	0.1365	382.438	-47.33	
175	Spectrogram 1	1	230.389705501	232.047742401	257.410	603.075	1.6580	345.665	-43.27	
176	Spectrogram 1	1	233.328980538	233.972688981	257.410	345.665	0.6437	88.255	-51.65	
177	Spectrogram 1	1	234.661912163	235.039034281	330.956	455.984	0.3771	125.028	-41.28	
178	Spectrogram 1	1	237.704897532	238.420129136	257.410	389.793	0.7152	132.383	-44.28	
179	Spectrogram 1	1	239.148364950	239.922115504	227.992	389.793	0.7738	161.801	-47.90	
180	Spectrogram 1	1	241.307063973	242.048303999	242.701	433.920	0.7412	191.219	-49.05	
181	Spectrogram 1	1	242.347400851	243.108147193	227.992	397.147	0.7607	169.155	-44.35	
182	Spectrogram 1	1	243.543788261	243.810374586	323.601	397.147	0.2666	73.546	-48.71	
183	Spectrogram 1	1	244.499597768	244.922234625	250.056	353.020	0.4226	102.964	-49.63	
184	Spectrogram 1	1	245.409892536	245.624462018	308.892	367.729	0.2146	58.837	-40.98	
185	Spectrogram 1	1	247.756719443	248.523967891	227.992	353.020	0.7672	125.028	-40.01	
186	Spectrogram 1	1	249.024630014	249.648832141	191.219	330.956	0.6242	139.737	-45.09	
187	Spectrogram 1	1	251.196576261	252.438478410	191.219	382.438	1.2419	191.219	-47.84	
188	Spectrogram 1	1	254.024992149	254.863763757	272.119	367.729	0.8388	95.610	-49.20	
189	Spectrogram 1	1	255.722041682	256.489290129	183.864	375.083	0.7672	191.219	-45.19	
190	Spectrogram 1	1	259.360754428	259.711868124	176.510	294.183	0.3511	117.673	-47.60	
191	Spectrogram 1	1	262.999943256	263.988263290	139.737	272.119	0.9883	132.382	-41.87	
192	Spectrogram 1	1	266.238430489	266.732590506	294.183	375.083	0.4942	80.900	-52.76	
193	Spectrogram 1	1	267.161729468	267.889965283	176.510	338.311	0.7282	161.801	-41.80	
194	Spectrogram 1	1	270.877657573	272.496681840	147.092	323.601	1.6190	176.509	-48.84	
195	Spectrogram 1	1	274.615523452	275.356763478	147.092	294.183	0.7412	147.091	-42.55	
196	Spectrogram 1	1	278.646828855	279.199507822	191.219	294.183	0.5527	102.964	-39.71	
197	Spectrogram 1	1	285.356011905	286.246800357	139.737	338.311	0.8908	198.574	-45.66	
198	Spectrogram 1	1	289.465416557	289.901057625	169.155	294.183	0.4356	125.028	-44.62	
199	Spectrogram 1	1	293.406691581	293.985378969	125.028	198.574	0.5787	73.546	-48.12	
200	Spectrogram 1	1	296.020537987	296.638238009	139.737	308.892	0.6177	169.155	-47.32	
201	Spectrogram 1	1	297.375291520	297.609367318	338.311	404.502	0.2341	66.191	-50.76	
202	Spectrogram 1	1	298.051510491	298.591185247	191.219	301.538	0.5397	110.319	-51.94	
203	Spectrogram 1	1	298.669210513	299.683538969	367.729	455.984	1.0143	88.255	-58.13	
204	Spectrogram 1	1	300.080167404	300.645850581	147.092	294.183	0.5657	147.091	-47.66	
205	Spectrogram 1	1	303.308215390	303.581303820	95.610	544.239	0.2731	448.629	-50.11	
206	Spectrogram 1	1	306.812850248	307.248491316	161.801	316.247	0.4356	154.446	-45.94	
207	Spectrogram 1	1	310.592021676	310.969143794	161.801	279.474	0.3771	117.673	-43.65	
208	Spectrogram 1	1	316.136055364	316.571696431	169.155	323.601	0.4356	154.446	-48.08	
209	Spectrogram 1	1	319.939787075	320.446951303	183.864	345.665	0.5072	161.801	-46.27	
210	Spectrogram 1	1	325.581550020	325.978178454	147.092	279.474	0.3966	132.382	-40.81	
211	Spectrogram 1	1	329.577680893	330.032828277	154.446	294.183	0.4551	139.737	-43.82	
212	Spectrogram 1	1	335.918669557	336.386821152	154.446	257.410	0.4682	102.964	-41.79	
213	Spectrogram 1	1	339.246307386	339.733965298	176.510	279.474	0.4877	102.964	-39.56	
214	Spectrogram 1	1	341.236388376	341.561493650	205.928	264.765	0.3251	58.837	-47.15	
215	Spectrogram 1	1	344.669147684	345.163307701	147.092	279.474	0.4942	132.382	-43.49	
216	Spectrogram 1	1	361.429082262	362.677486516	478.048	764.876	1.2484	286.828	-55.31	
217	Spectrogram 1	1	364.250996045	364.628118163	154.446	308.892	0.3771	154.446	-42.67	
218	Spectrogram 1	1	364.946721332	366.149610847	551.593	926.677	1.2029	375.084	-50.09	
219	Spectrogram 1	1	368.017987336	368.421117876	161.801	338.311	0.4031	176.510	-44.06	
220	Spectrogram 1	1	370.040142143	370.774880063	551.593	875.195	0.7347	323.602	-46.47	
221	Spectrogram 1	1	371.249533764	371.555132722	154.446	279.474	0.3056	125.028	-47.31	
222	Spectrogram 1	1	373.671114646	374.093751503	161.801	323.601	0.4226	161.800	-43.28	
223	Spectrogram 1	1	375.795908299	376.179532523	169.155	301.538	0.3836	132.383	-51.82	
224	Spectrogram 1	1	382.104306094	382.487930318	191.219	294.183	0.3836	102.964	-45.48	
225	Spectrogram 1	1	381.941753457	382.741512432	617.785	1051.705	0.7998	433.920	-51.46	
226	Spectrogram 1	1	385.381367261	386.233143080	573.657	882.549	0.8518	308.892	-45.59	
227	Spectrogram 1	1	387.610563297	387.896655938	205.928	330.956	0.2861	125.028	-50.26	
228	Spectrogram 1	1	390.289430758	391.056679206	581.012	1088.477	0.7672	507.465	-49.47	
229	Spectrogram 1	1	392.781343993	392.885377681	323.601	433.920	0.1040	110.319	-42.86	
230	Spectrogram 1	1	394.088267196	394.172794568	308.892	441.275	0.0845	132.383	-45.36	
231	Spectrogram 1	1	394.859580456	394.957112038	272.119	375.083	0.0975	102.964	-49.38	
232	Spectrogram 1	1	395.334234157	395.464276267	301.538	455.984	0.1300	154.446	-49.21	
233	Spectrogram 1	1	395.730862592	395.841398385	610.430	735.458	0.1105	125.028	-51.18	
234	Spectrogram 1	1	396.459098406	396.634655255	338.311	661.912	0.1756	323.601	-53.22	
235	Spectrogram 1	1	397.271861593	397.375895280	161.801	323.601	0.1040	161.800	-49.25	
236	Spectrogram 1	1	396.081976288	396.192512081	227.992	397.147	0.1105	169.155	-51.13	
237	Spectrogram 1	1	399.183281566	399.306821571	397.147	529.530	0.1235	132.383	-48.89	
238	Spectrogram 1	1	399.911517381	400.022053174	139.737	286.829	0.1105	147.092	-48.19	
239	Spectrogram 1	1	400.392673187	400.509711086	272.119	419.211	0.1170	147.092	-54.61	
240	Spectrogram 1	1	404.327627121	405.185905046	654.557	956.095	0.8583	301.538	-47.27	
241	Spectrogram 1	1	407.708721975	408.632020955	544.239	978.159	0.9233	433.920	-50.23	
242	Spectrogram 1	1	409.238826334	409.349362127	227.992	411.856	0.1105	183.864	-44.03	
243	Spectrogram 1	1	408.281127605	408.391663398	323.601	492.757	0.1105	169.156	-51.66	
244	Spectrogram 1	1	412.700204375	413.070824388	706.039	1029.641	0.3706	323.602	-52.13	
245	Spectrogram 1	1	419.199567509	419.342613830	176.510	323.601	0.1430	147.091	-45.81	
246	Spectrogram 1	1	418.412812745	418.503842222	257.410	389.793	0.0910	132.383	-48.95	
247	Spectrogram 1	1	415.941928427	416.032957904	536.884	720.749	0.0910	183.865	-49.16	
248	Spectrogram 1	1	416.351561072	416.442590549	514.820	617.785	0.0910	102.965	-48.16	
249	Spectrogram 1	1	416.741687402	416.806708457	529.530	617.785	0.0650	88.255	-42.42	
250	Spectrogram 1	1	417.489429533	417.586961115	397.147	573.657	0.0975	176.510	-49.89	
251	Spectrogram 1	1	425.276458928	425.712099996	1250.278	1485.625	0.4356	235.347	-54.96	
252	Spectrogram 1	1	425.373990511	425.549547359	117.673	470.693	0.1756	353.020	-41.59	
253	Spectrogram 1	1	428.594893658	429.531196849	1625.362	1831.290	0.9363	205.928	-58.51	
254	Spectrogram 1	1	429.609222115	429.752268435	110.319	433.920	0.1430	323.601	-41.77	
255	Spectrogram 1	1	433.640657177	433.822716131	110.319	507.466	0.1821	397.147	-41.18	
256	Spectrogram 1	1	434.557454051	434.739513005	308.892	404.502	0.1821	95.610	-46.21	
257	Spectrogram 1	1	435.402727765	435.584786719	330.956	426.566	0.1821	95.610	-45.41	
258	Spectrogram 1	1	437.229819407	437.457393100	125.028	507.466	0.2276	382.438	-40.87	
259	Spectrogram 1	1	440.799321461	440.948869887	367.729	478.048	0.1495	110.319	-38.74	
260	Spectrogram 1	1	441.787641495	441.930687816	147.092	257.410	0.1430	110.318	-44.35	
261	Spectrogram 1	1	442.684932053	442.853986796	191.219	272.119	0.1691	80.900	-39.59	
262	Spectrogram 1	1	445.284014690	445.414056800	183.864	286.829	0.1300	102.965	-38.47	
263	Spectrogram 1	1	446.636452632	447.657283194	1287.051	1698.907	1.0208	411.856	-53.20	
264	Spectrogram 1	1	449.376521340	449.558580293	154.446	455.984	0.1821	301.538	-39.57	
265	Spectrogram 1	1	449.669116087	451.190608771	1300.118	2080.189	1.5215	780.071	-57.61	
266	Spectrogram 1	1	450.455870851	450.566406644	317.229	395.236	0.1105	78.007	-43.64	
267	Spectrogram 1	1	451.424684569	451.606743522	171.616	468.042	0.1821	296.426	-49.13	
268	Spectrogram 1	1	453.511860431	453.648404646	182.017	306.828	0.1365	124.811	-37.11	
269	Spectrogram 1	1	454.926690427	455.518382027	1248.113	2132.193	0.5917	884.080	-53.63	
270	Spectrogram 1	1	457.345473669	457.534034728	125.028	507.466	0.1886	382.438	-40.94	
271	Spectrogram 1	1	458.327291598	458.411818969	345.665	419.211	0.0845	73.546	-39.91	
272	Spectrogram 1	1	458.998683311	459.161235948	22.064	327.279	0.1626	305.215	-46.12	
273	Spectrogram 1	1	461.020838118	461.228905493	130.012	468.042	0.2081	338.030	-40.42	
274	Spectrogram 1	1	462.230229739	462.405786587	1820.165	2163.396	0.1756	343.231	-53.54	
275	Spectrogram 1	1	462.964967659	463.075503452	1736.958	2059.387	0.1105	322.429	-49.72	
276	Spectrogram 1	1	462.035166574	462.119693946	1081.698	1289.717	0.0845	208.019	-47.89	
277	Spectrogram 1	1	460.448652835	460.663222316	2740.289	3312.341	0.2146	572.052	-66.05	
279	Spectrogram 1	1	464.783088879	465.010662571	125.028	507.466	0.2276	382.438	-40.86	
280	Spectrogram 1	1	465.862438390	465.985978395	343.231	442.040	0.1235	98.809	-45.30	
281	Spectrogram 1	1	468.497946021	469.752852380	1198.796	1573.880	1.2549	375.084	-54.13	
282	Spectrogram 1	1	469.063629199	469.232683941	183.864	522.175	0.1691	338.311	-41.95	
283	Spectrogram 1	1	470.539607145	470.643640832	272.119	426.566	0.1040	154.447	-45.41	
284	Spectrogram 1	1	470.936235580	471.027265056	426.566	551.593	0.0910	125.027	-49.40	
285	Spectrogram 1	1	471.931057719	472.022087196	463.338	581.012	0.0910	117.674	-48.17	
286	Spectrogram 1	1	472.438625645	473.862586747	1220.860	1676.844	1.4240	455.984	-57.02	
287	Spectrogram 1	1	473.134350932	473.283899358	176.510	463.338	0.1495	286.828	-40.15	
288	Spectrogram 1	1	474.896421520	475.058974157	213.283	382.438	0.1626	169.155	-49.68	
289	Spectrogram 1	1	476.001779453	476.177336301	176.510	323.601	0.1756	147.091	-42.41	
290	Spectrogram 1	1	476.880562795	477.010604905	338.311	455.984	0.1300	117.673	-46.66	
291	Spectrogram 1	1	477.290195441	477.647811243	1242.924	1728.326	0.3576	485.402	-53.22	
292	Spectrogram 1	1	478.447570218	478.629629172	169.155	441.275	0.1821	272.120	-39.98	
293	Spectrogram 1	1	479.182308139	479.318852354	1206.509	1456.132	0.1365	249.623	-55.94	
294	Spectrogram 1	1	479.526919730	479.689472367	1591.344	1851.368	0.1626	260.024	-56.00	
295	Spectrogram 1	1	482.065171805	482.208218126	169.155	455.984	0.1430	286.829	-38.61	
296	Spectrogram 1	1	483.079500261	483.209542371	323.601	426.566	0.1300	102.965	-43.20	
297	Spectrogram 1	1	483.333082376	484.191360300	875.195	1618.007	0.8583	742.812	-57.34	
298	Spectrogram 1	1	485.719355090	485.875405622	147.092	478.048	0.1561	330.956	-38.91	
299	Spectrogram 1	1	483.957284502	484.152347667	360.374	419.211	0.1951	58.837	-44.28	
300	Spectrogram 1	1	486.014059405	486.807316275	772.231	1014.932	0.7933	242.701	-52.40	
301	Spectrogram 1	1	488.802457200	488.997520365	198.574	463.338	0.1951	264.764	-40.63	
302	Spectrogram 1	1	489.693245652	489.842794078	161.801	389.793	0.1495	227.992	-46.08	
303	Spectrogram 1	1	490.668561475	490.772595163	338.311	426.566	0.1040	88.255	-42.50	
304	Spectrogram 1	1	490.447489889	490.818109902	720.749	1036.995	0.3706	316.246	-49.86	
305	Spectrogram 1	1	493.162419617	493.253449093	308.892	433.920	0.0910	125.028	-49.31	
306	Spectrogram 1	1	494.547368086	495.340624955	647.203	1000.223	0.7933	353.020	-48.75	
307	Spectrogram 1	1	495.483671276	495.685236546	88.255	478.048	0.2016	389.793	-43.74	
308	Spectrogram 1	1	496.413472361	496.576024998	66.191	419.211	0.1626	353.020	-48.04	
309	Spectrogram 1	1	497.371597459	497.547154307	147.092	492.757	0.1756	345.665	-50.30	
310	Spectrogram 1	1	497.846251160	498.880085933	750.167	1088.477	1.0338	338.310	-48.32	
311	Spectrogram 1	1	498.698026979	498.912596460	95.610	522.175	0.2146	426.565	-42.36	
312	Spectrogram 1	1	502.288635358	502.490200628	66.191	558.948	0.2016	492.757	-44.00	
313	Spectrogram 1	1	502.184601670	502.743782742	720.749	1162.023	0.5592	441.274	-46.73	
314	Spectrogram 1	1	504.336720235	504.479766555	161.801	397.147	0.1430	235.346	-38.42	
315	Spectrogram 1	1	504.999934995	505.162487632	147.092	536.884	0.1626	389.792	-46.81	
316	Spectrogram 1	1	506.449904519	506.657971894	88.255	551.593	0.2081	463.338	-40.28	
317	Spectrogram 1	1	506.215828721	507.744214882	713.394	1051.705	1.5284	338.311	-48.75	
318	Spectrogram 1	1	509.455539775	510.541391392	654.557	1125.250	1.0859	470.693	-47.95	
319	Spectrogram 1	1	510.755960873	510.964028249	95.610	581.012	0.2081	485.402	-38.26	
320	Spectrogram 1	1	513.278777803	513.727423082	588.366	867.840	0.4486	279.474	-45.92	
321	Spectrogram 1	1	514.286604154	514.455658897	132.382	478.048	0.1691	345.666	-39.55	
322	Spectrogram 1	1	515.863142011	516.207753601	316.247	603.075	0.3446	286.828	-47.61	
323	Spectrogram 1	1	516.948993627	518.080359982	661.912	956.095	1.1314	294.183	-47.51	
324	Spectrogram 1	1	518.574520000	518.737072637	102.964	529.530	0.1626	426.566	-43.21	
325	Spectrogram 1	1	518.971148434	519.257241076	831.067	1125.250	0.2861	294.183	-49.96	
326	Spectrogram 1	1	519.530329506	519.666873722	125.028	455.984	0.1365	330.956	-48.13	
327	Spectrogram 1	1	519.881443203	519.998481102	389.793	566.302	0.1170	176.509	-46.46	
328	Spectrogram 1	1	520.522045682	520.632581475	154.446	544.239	0.1105	389.793	-36.95	
329	Spectrogram 1	1	521.315302551	521.458348872	147.092	227.992	0.1430	80.900	-43.28	
330	Spectrogram 1	1	520.821142534	521.367319395	691.330	838.422	0.5462	147.092	-44.80	
331	Spectrogram 1	1	522.765272075	522.914820502	132.382	529.530	0.1495	397.148	-42.75	
332	Spectrogram 1	1	523.200913143	523.487005785	603.075	1059.059	0.2861	455.984	-46.95	
333	Spectrogram 1	1	523.961659485	524.078697384	625.139	691.330	0.1170	66.191	-44.49	
334	Spectrogram 1	1	525.809619495	527.519673239	669.267	970.804	1.7101	301.537	-49.81	
335	Spectrogram 1	1	526.102214242	526.284273196	66.191	536.884	0.1821	470.693	-38.98	
336	Spectrogram 1	1	527.162057437	527.337614285	139.737	441.275	0.1756	301.538	-46.30	
337	Spectrogram 1	1	529.189118431	530.704109010	617.785	956.095	1.5150	338.310	-49.10	
338	Spectrogram 1	1	530.652092166	530.814644803	117.673	529.530	0.1626	411.857	-38.70	
339	Spectrogram 1	1	533.968165966	534.481832299	588.366	948.741	0.5137	360.375	-48.21	
340	Spectrogram 1	1	534.962988105	535.138544954	132.382	566.302	0.1756	433.920	-37.25	
341	Spectrogram 1	1	535.900218765	536.030260875	154.446	397.147	0.1300	242.701	-46.56	
342	Spectrogram 1	1	537.785829357	537.935377783	147.092	213.283	0.1495	66.191	-42.87	
343	Spectrogram 1	1	539.268309409	539.391849413	154.446	397.147	0.1235	242.701	-35.00	
344	Spectrogram 1	1	537.993896733	538.826166235	625.139	772.231	0.8323	147.092	-39.84	
345	Spectrogram 1	1	540.932417672	541.745180858	617.785	875.195	0.8128	257.410	-47.43	
346	Spectrogram 1	1	542.512429305	542.720496681	117.673	441.275	0.2081	323.602	-37.01	
347	Spectrogram 1	1	543.461738696	543.637295544	603.075	728.103	0.1756	125.028	-41.78	
348	Spectrogram 1	1	545.061256646	545.451382976	654.557	882.549	0.3901	227.992	-47.76	
349	Spectrogram 1	1	547.011888293	547.200449352	132.382	558.948	0.1886	426.566	-42.06	
350	Spectrogram 1	1	546.782600382	548.265080434	720.749	1036.995	1.4825	316.246	-54.91	
351	Spectrogram 1	1	548.889282561	549.331425734	691.330	1206.151	0.4421	514.821	-54.88	
352	Spectrogram 1	1	549.207885730	549.428957316	44.127	139.737	0.2211	95.610	-45.75	
353	Spectrogram 1	1	549.656531008	549.812581540	58.837	132.382	0.1561	73.545	-44.97	
354	Spectrogram 1	1	550.584411852	552.079896114	617.785	911.968	1.4955	294.183	-49.83	
355	Spectrogram 1	1	551.553225570	551.767795051	132.382	573.657	0.2146	441.275	-40.36	
356	Spectrogram 1	1	552.619570870	552.827638246	294.183	404.502	0.2081	110.319	-48.95	
357	Spectrogram 1	1	553.575380377	553.698920381	161.801	360.374	0.1235	198.573	-42.27	
358	Spectrogram 1	1	554.453164618	554.628721466	220.637	294.183	0.1756	73.546	-46.26	
359	Spectrogram 1	1	555.201104424	555.662753914	588.366	750.167	0.4616	161.801	-42.84	
360	Spectrogram 1	1	555.961850766	556.130905509	147.092	492.757	0.1691	345.665	-39.75	
361	Spectrogram 1	1	559.193881233	560.097673896	661.912	816.358	0.9038	154.446	-44.34	
362	Spectrogram 1	1	560.084669685	560.253724428	154.446	455.984	0.1691	301.538	-38.28	
363	Spectrogram 1	1	561.092496036	561.281057095	132.382	404.502	0.1886	272.120	-46.79	
364	Spectrogram 1	1	562.939093995	563.465764539	610.430	889.904	0.5267	279.474	-48.27	
365	Spectrogram 1	1	564.859485366	564.976523265	161.801	382.438	0.1170	220.637	-38.41	
366	Spectrogram 1	1	565.191092746	565.483687493	661.912	889.904	0.2926	227.992	-49.79	
367	Spectrogram 1	1	567.070201232	567.343289663	676.621	750.167	0.2731	73.546	-48.39	
368	Spectrogram 1	1	567.693490567	569.546590631	691.330	934.031	1.8531	242.701	-51.95	
369	Spectrogram 1	1	570.092767492	570.255320130	154.446	419.211	0.1626	264.765	-40.08	
370	Spectrogram 1	1	570.941638284	572.352595175	676.621	963.450	1.4110	286.829	-50.03	
371	Spectrogram 1	1	573.887092071	574.017134181	132.382	507.466	0.1300	375.084	-40.25	
372	Spectrogram 1	1	575.187513169	575.330559489	654.557	764.876	0.1430	110.319	-46.90	
373	Spectrogram 1	1	579.180613334	579.278144916	132.382	397.147	0.0975	264.765	-39.84	
374	Spectrogram 1	1	578.979048064	580.487536537	647.203	934.031	1.5085	286.828	-48.35	
375	Spectrogram 1	1	581.209270246	581.618902892	691.330	1154.669	0.4096	463.339	-51.77	
376	Spectrogram 1	1	582.182711168	583.509140687	404.502	514.820	1.3264	110.318	-55.93	
377	Spectrogram 1	1	582.936955404	583.411609105	639.848	772.231	0.4747	132.383	-41.75	
378	Spectrogram 1	1	584.900591262	585.134667060	581.012	772.231	0.2341	191.219	-43.98	
379	Spectrogram 1	1	585.643104427	586.696445516	389.793	514.820	1.0533	125.027	-53.10	
380	Spectrogram 1	1	586.637926567	587.054061318	654.557	757.521	0.4161	102.964	-36.21	
381	Spectrogram 1	1	588.197197726	589.718690410	404.502	544.239	1.5215	139.737	-53.48	
382	Spectrogram 1	1	589.497618824	591.227178884	713.394	978.159	1.7296	264.765	-51.85	
383	Spectrogram 1	1	593.442797980	594.444122226	676.621	1000.223	1.0013	323.602	-45.06	
384	Spectrogram 1	1	593.546831668	594.470130648	367.729	617.785	0.9233	250.056	-43.06	
385	Spectrogram 1	1	596.826917185	596.950457189	139.737	345.665	0.1235	205.928	-44.97	
386	Spectrogram 1	1	597.620174054	597.730709848	139.737	308.892	0.1105	169.155	-47.14	
387	Spectrogram 1	1	597.821739324	598.244376181	353.020	433.920	0.4226	80.900	-47.98	
388	Spectrogram 1	1	597.776224586	598.380920396	610.430	919.322	0.6047	308.892	-42.56	
389	Spectrogram 1	1	599.635826756	599.733358338	154.446	360.374	0.0975	205.928	-47.98	
390	Spectrogram 1	1	601.964775308	603.044124819	683.976	897.258	1.0793	213.282	-46.44	
391	Spectrogram 1	1	603.063631136	603.317213250	1007.577	1081.123	0.2536	73.546	-52.38	
392	Spectrogram 1	1	604.650144875	605.482414378	360.374	573.657	0.8323	213.283	-45.51	
393	Spectrogram 1	1	605.241836474	606.113118610	698.685	1125.250	0.8713	426.565	-49.24	
394	Spectrogram 1	1	605.669020193	606.423264430	323.601	441.275	0.7542	117.674	-46.53	
395	Spectrogram 1	1	607.632656051	608.803035039	397.147	573.657	1.1704	176.510	-54.22	
396	Spectrogram 1	1	609.028093085	609.379206782	728.103	823.713	0.3511	95.610	-41.98	
397	Spectrogram 1	1	608.787515182	609.333692043	1426.788	1588.589	0.5462	161.801	-61.02	
398	Spectrogram 1	1	609.392210993	609.515750997	1492.979	1632.716	0.1235	139.737	-59.13	
399	Spectrogram 1	1	609.067105718	610.504071031	308.892	558.948	1.4370	250.056	-51.73	
400	Spectrogram 1	1	611.433872116	611.706960547	647.203	897.258	0.2731	250.055	-46.29	
401	Spectrogram 1	1	613.942645862	614.436805880	328.741	391.358	0.4942	62.617	-46.59	
402	Spectrogram 1	1	614.020671128	616.790568067	696.617	1001.877	2.7699	305.260	-49.45	
403	Spectrogram 1	1	616.946618598	617.466787037	328.741	446.148	0.5202	117.407	-46.14	
404	Spectrogram 1	1	618.519330678	619.735224405	686.295	1062.651	1.2159	376.356	-46.91	
405	Spectrogram 1	1	620.798778032	622.086194919	254.593	387.425	1.2874	132.832	-50.08	
406	Spectrogram 1	1	623.250071802	623.848265507	642.018	940.889	0.5982	298.871	-42.81	
407	Spectrogram 1	1	625.771782243	625.992853830	553.464	830.196	0.2211	276.732	-46.16	
408	Spectrogram 1	1	628.249084435	629.601522376	642.018	1040.512	1.3524	398.494	-50.51	
409	Spectrogram 1	1	628.658717081	630.131496094	188.178	376.355	1.4728	188.177	-53.20	
410	Spectrogram 1	1	629.481328088	629.988492316	376.355	686.295	0.5072	309.940	-60.38	
411	Spectrogram 1	1	630.014458195	631.002778229	597.741	1062.651	0.9883	464.910	-53.48	
412	Spectrogram 1	1	630.278340070	631.195136944	265.663	597.741	0.9168	332.078	-52.78	
413	Spectrogram 1	1	632.205425253	632.894648435	619.880	929.819	0.6892	309.939	-42.47	
414	Spectrogram 1	1	631.925834717	632.803618958	199.247	332.078	0.8778	132.831	-53.91	
415	Spectrogram 1	1	634.747748499	634.968820086	586.672	796.988	0.2211	210.316	-40.34	
416	Spectrogram 1	1	637.836734635	638.779539931	619.880	752.711	0.9428	132.831	-40.42	
417	Spectrogram 1	1	638.799046247	639.208678893	321.009	442.771	0.4096	121.762	-51.41	
418	Spectrogram 1	1	639.280202053	640.262019982	653.087	874.473	0.9818	221.386	-49.01	
419	Spectrogram 1	1	640.118973661	640.359551565	963.027	1073.720	0.2406	110.693	-52.69	
420	Spectrogram 1	1	640.242513666	640.522104202	1350.452	1461.145	0.2796	110.693	-60.13	
421	Spectrogram 1	1	638.642995715	639.260695737	896.611	1018.373	0.6177	121.762	-56.36	
422	Spectrogram 1	1	640.210003138	642.069605308	143.901	376.355	1.8596	232.454	-54.43	
423	Spectrogram 1	1	641.429574285	642.313860631	553.464	808.057	0.8843	254.593	-54.07	
424	Spectrogram 1	1	642.398388002	643.263168032	564.533	974.096	0.8648	409.563	-47.63	
425	Spectrogram 1	1	641.410067968	642.229333260	387.425	586.672	0.8193	199.247	-55.48	
426	Spectrogram 1	1	642.456906952	643.653294362	420.633	564.533	1.1964	143.900	-59.14	
427	Spectrogram 1	1	643.835353316	645.246310207	132.831	365.286	1.4110	232.455	-54.91	
428	Spectrogram 1	1	646.569309299	647.050465106	608.810	985.166	0.4812	376.356	-48.01	
429	Spectrogram 1	1	646.640832460	647.271536692	276.732	442.771	0.6307	166.039	-53.32	
431	Spectrogram 1	1	646.478279823	646.783878781	1804.292	2092.093	0.3056	287.801	-61.61	
432	Spectrogram 1	1	647.095979844	647.278038798	66.416	265.663	0.1821	199.247	-46.89	
433	Spectrogram 1	1	647.655160916	647.759194604	143.901	232.455	0.1040	88.554	-44.12	
434	Spectrogram 1	1	647.928249347	648.064793562	265.663	808.057	0.1365	542.394	-44.86	
435	Spectrogram 1	1	648.513438841	648.649983056	99.623	254.593	0.1365	154.970	-45.12	
436	Spectrogram 1	1	649.033607280	649.157147284	110.693	276.732	0.1235	166.039	-41.84	
437	Spectrogram 1	1	649.664311512	649.833366255	77.485	232.455	0.1691	154.970	-44.16	
438	Spectrogram 1	1	650.151969424	651.530415788	642.018	874.473	1.3784	232.455	-51.00	
439	Spectrogram 1	1	651.205310513	651.322348412	210.316	442.771	0.1170	232.455	-42.55	
440	Spectrogram 1	1	652.200132653	652.544744244	630.949	1250.828	0.3446	619.879	-56.61	
441	Spectrogram 1	1	650.522589437	650.795677867	287.801	376.355	0.2731	88.554	-52.61	
442	Spectrogram 1	1	652.538122389	653.090801356	132.831	243.524	0.5527	110.693	-52.74	
443	Spectrogram 1	1	653.084299250	653.162324516	110.693	409.563	0.0780	298.870	-44.13	
444	Spectrogram 1	1	652.772198187	654.033606652	431.702	553.464	1.2614	121.762	-53.66	
445	Spectrogram 1	1	653.884058225	654.930897209	553.464	752.711	1.0468	199.247	-45.35	
446	Spectrogram 1	1	654.560277196	654.943901420	265.663	365.286	0.3836	99.623	-54.06	
447	Spectrogram 1	1	656.044912155	657.072244823	210.316	796.988	1.0273	586.672	-51.38	
448	Spectrogram 1	1	657.033232190	657.624923789	531.325	1073.720	0.5917	542.395	-46.01	
449	Spectrogram 1	1	657.559902734	657.676940633	232.455	354.217	0.1170	121.762	-43.91	
450	Spectrogram 1	1	660.560284360	661.873709669	520.256	697.364	1.3134	177.108	-37.39	
451	Spectrogram 1	1	662.504413901	662.855527598	520.256	852.334	0.3511	332.078	-48.34	
452	Spectrogram 1	1	664.475905345	665.438216958	276.732	664.157	0.9623	387.425	-43.34	
453	Spectrogram 1	1	664.742491671	665.906368553	487.048	763.780	1.1639	276.732	-42.22	
454	Spectrogram 1	1	666.693123317	667.057241225	188.178	309.940	0.3641	121.762	-47.61	
455	Spectrogram 1	1	667.935025466	668.058565470	121.762	343.148	0.1235	221.386	-43.91	
456	Spectrogram 1	1	669.117302177	669.656976932	475.979	841.265	0.5397	365.286	-43.28	
457	Spectrogram 1	1	669.819529569	670.040601156	99.623	608.810	0.2211	509.187	-46.82	
458	Spectrogram 1	1	670.294183270	670.385212747	143.901	409.563	0.0910	265.662	-46.27	
459	Spectrogram 1	1	670.937891713	671.165465406	110.693	597.741	0.2276	487.048	-49.63	
460	Spectrogram 1	1	671.887199115	671.978228592	88.554	398.494	0.0910	309.940	-43.30	
461	Spectrogram 1	1	672.355350710	672.452882292	99.623	442.771	0.0975	343.148	-44.32	
462	Spectrogram 1	1	673.226632846	673.350172850	88.554	442.771	0.1235	354.217	-44.23	
463	Spectrogram 1	1	673.092117857	675.140281086	487.048	885.542	2.0482	398.494	-46.38	
464	Spectrogram 1	1	674.008914731	674.145458946	121.762	431.702	0.1365	309.940	-47.74	
465	Spectrogram 1	1	674.438053693	674.522581065	276.732	475.979	0.0845	199.247	-41.76	
466	Spectrogram 1	1	674.034923153	675.120774770	199.247	453.840	1.0859	254.593	-51.21	
468	Spectrogram 1	1	675.543362367	676.803127477	353.609	493.408	1.2598	139.799	-55.32	
469	Spectrogram 1	1	676.711173819	676.766346014	254.928	386.503	0.0552	131.575	-42.34	
470	Spectrogram 1	1	676.334163823	676.444508212	106.905	353.609	0.1103	246.704	-44.20	
471	Spectrogram 1	1	675.635316025	675.819223340	131.576	197.363	0.1839	65.787	-45.48	
472	Spectrogram 1	1	676.696696414	677.993242987	485.185	797.677	1.2965	312.492	-47.32	
473	Spectrogram 1	1	679.087491513	680.715071254	254.928	723.666	1.6276	468.738	-42.86	
474	Spectrogram 1	1	680.715071254	680.972541496	493.408	690.772	0.2575	197.364	-41.53	
475	Spectrogram 1	1	682.057594656	682.618511968	189.140	312.492	0.5609	123.352	-56.28	
476	Spectrogram 1	1	680.935760033	681.533458807	230.257	312.492	0.5977	82.235	-50.72	
477	Spectrogram 1	1	682.841436367	684.239131964	287.822	616.760	1.3977	328.938	-44.64	
478	Spectrogram 1	1	684.321890256	685.839125607	452.291	592.090	1.5172	139.799	-43.59	
479	Spectrogram 1	1	684.387796908	685.077449340	213.810	378.280	0.6897	164.470	-52.64	
480	Spectrogram 1	1	687.964794191	689.325708324	230.257	805.900	1.3609	575.643	-42.46	
481	Spectrogram 1	1	692.543749339	692.939150067	435.844	773.006	0.3954	337.162	-45.52	
482	Spectrogram 1	1	693.831100546	693.932249570	230.257	394.727	0.1011	164.470	-47.05	
483	Spectrogram 1	1	694.281673469	694.382822492	386.503	542.749	0.1011	156.246	-45.41	
484	Spectrogram 1	1	689.334566686	689.950656193	238.481	320.715	0.6161	82.234	-53.77	
485	Spectrogram 1	1	692.258693000	692.516163242	254.928	312.492	0.2575	57.564	-50.91	
486	Spectrogram 1	1	692.847196409	693.141448114	74.011	386.503	0.2943	312.492	-45.91	
487	Spectrogram 1	1	694.823871520	694.915825178	320.715	583.867	0.0920	263.152	-43.38	
488	Spectrogram 1	1	695.053755665	695.127318591	246.704	419.397	0.0736	172.693	-43.95	
489	Spectrogram 1	1	695.697431268	696.157199557	230.257	304.268	0.4598	74.011	-50.78	
490	Spectrogram 1	1	696.285934677	696.377888335	328.939	485.185	0.0920	156.246	-39.71	
491	Spectrogram 1	1	696.856047355	697.931905150	337.162	435.844	1.0759	98.682	-49.50	
492	Spectrogram 1	1	696.865242721	697.453746130	180.916	263.151	0.5885	82.235	-49.41	
493	Spectrogram 1	1	698.593971485	698.685925142	304.268	518.079	0.0920	213.811	-43.21	
494	Spectrogram 1	1	699.384772941	699.715806108	222.034	361.833	0.3310	139.799	-55.19	
495	Spectrogram 1	1	700.083620739	700.405458541	222.034	312.492	0.3218	90.458	-54.36	
496	Spectrogram 1	1	700.534193662	700.800859269	370.056	419.397	0.2667	49.341	-51.43	
497	Spectrogram 1	1	698.842246360	698.934200018	386.503	797.677	0.0920	411.174	-46.48	
498	Spectrogram 1	1	700.936622365	701.755009919	312.492	402.950	0.8184	90.458	-46.56	
499	Spectrogram 1	1	701.911331137	703.658450632	328.939	814.124	1.7471	485.185	-41.29	
500	Spectrogram 1	1	702.812476982	703.391785025	213.810	320.715	0.5793	106.905	-52.07	
501	Spectrogram 1	1	705.102123058	705.580282078	337.162	435.844	0.4782	98.682	-46.37	
502	Spectrogram 1	1	705.984878171	707.207861818	353.609	616.760	1.2230	263.151	-42.22	
503	Spectrogram 1	1	707.167424881	707.838686582	172.693	254.928	0.6713	82.235	-50.97	
504	Spectrogram 1	1	708.923739742	710.551319483	254.928	427.621	1.6276	172.693	-49.36	
505	Spectrogram 1	1	711.066259966	712.188094589	328.939	764.783	1.1218	435.844	-40.94	
506	Spectrogram 1	1	712.971400566	713.955304703	238.481	378.280	0.9839	139.799	-51.38	
507	Spectrogram 1	1	715.132311521	715.297828105	279.598	485.185	0.1655	205.587	-40.99	
508	Spectrogram 1	1	716.042652732	716.189778585	279.598	534.526	0.1471	254.928	-43.75	
509	Spectrogram 1	1	716.658742239	716.769086628	279.598	493.408	0.1103	213.810	-42.32	
510	Spectrogram 1	1	716.870235651	717.072533698	411.174	476.961	0.2023	65.787	-46.31	
511	Spectrogram 1	1	717.532301987	717.725404668	263.151	444.068	0.1931	180.917	-43.87	
512	Spectrogram 1	1	717.992070275	718.157586859	246.704	526.302	0.1655	279.598	-46.71	
513	Spectrogram 1	1	713.182893979	713.265652271	296.045	485.185	0.0828	189.140	-45.84	
514	Spectrogram 1	1	713.615076170	713.743811291	361.833	542.749	0.1287	180.916	-47.58	
515	Spectrogram 1	1	715.288632739	715.417367860	1686.313	2686.472	0.1287	1000.159	-58.16	
516	Spectrogram 1	1	718.185172956	718.304712711	2812.428	3256.495	0.1195	444.067	-61.42	
517	Spectrogram 1	1	719.827491132	719.993007716	222.034	509.855	0.1655	287.821	-42.86	
518	Spectrogram 1	1	722.218286231	723.744716949	378.280	748.336	1.5264	370.056	-39.78	
519	Spectrogram 1	1	724.324024992	724.553909136	542.749	633.207	0.2299	90.458	-48.99	
520	Spectrogram 1	1	720.324040883	721.105646974	246.704	337.162	0.7816	90.458	-45.19	
521	Spectrogram 1	1	724.140117677	724.517127673	263.151	337.162	0.3770	74.011	-49.36	
522	Spectrogram 1	1	725.555496727	727.109513541	378.280	756.560	1.5540	378.280	-44.54	
523	Spectrogram 1	1	727.394569880	728.056636215	222.034	411.174	0.6621	189.140	-51.31	
524	Spectrogram 1	1	726.649745253	727.247444028	213.810	370.056	0.5977	156.246	-54.51	
525	Spectrogram 1	1	729.526822911	729.646362665	246.704	575.643	0.1195	328.939	-49.70	
526	Spectrogram 1	1	730.777392655	731.614170940	435.844	896.359	0.8368	460.515	-40.40	
527	Spectrogram 1	1	730.841760215	732.073939228	238.481	353.609	1.2322	115.128	-44.20	
528	Spectrogram 1	1	732.781982392	732.892326781	98.682	411.174	0.1103	312.492	-49.31	
529	Spectrogram 1	1	731.807273621	731.917618010	279.598	575.643	0.1103	296.045	-47.14	
530	Spectrogram 1	1	733.002671170	733.103820194	74.011	337.162	0.1011	263.151	-49.73	
531	Spectrogram 1	1	733.609565311	733.738300432	123.352	435.844	0.1287	312.492	-45.50	
532	Spectrogram 1	1	734.335999206	734.446343596	263.151	452.291	0.1103	189.140	-44.25	
533	Spectrogram 1	1	734.621055545	734.961284079	271.375	353.609	0.3402	82.234	-50.12	
534	Spectrogram 1	1	735.108409931	735.264731149	254.928	378.280	0.1563	123.352	-38.97	
535	Spectrogram 1	1	735.338294075	735.503810659	238.481	312.492	0.1655	74.011	-43.91	
536	Spectrogram 1	1	735.633678422	735.734827446	287.822	509.855	0.1011	222.033	-46.96	
537	Spectrogram 1	1	736.424479878	736.544019633	115.129	550.973	0.1195	435.844	-44.82	
538	Spectrogram 1	1	737.141718408	737.307234992	230.257	526.302	0.1655	296.045	-45.23	
539	Spectrogram 1	1	737.794589377	737.923324498	222.034	526.302	0.1287	304.268	-45.41	
540	Spectrogram 1	1	738.061254985	738.594586199	287.822	378.280	0.5333	90.458	-43.56	
541	Spectrogram 1	1	739.210675705	739.302629363	345.386	526.302	0.0920	180.916	-43.37	
542	Spectrogram 1	1	739.826765212	739.955500333	230.257	608.537	0.1287	378.280	-43.53	
543	Spectrogram 1	1	739.854351309	740.185384477	213.810	296.045	0.3310	82.235	-48.97	
544	Spectrogram 1	1	740.999030956	742.157647042	172.693	353.609	1.1586	180.916	-51.85	
545	Spectrogram 1	1	744.723154091	745.817402617	1003.264	1480.225	1.0942	476.961	-52.93	
546	Spectrogram 1	1	744.465683850	744.971428967	559.196	641.431	0.5057	82.235	-49.31	
547	Spectrogram 1	1	744.447293118	745.320852866	238.481	337.162	0.8736	98.681	-50.20	
548	Spectrogram 1	1	747.253743965	748.164085175	74.011	287.822	0.9103	213.811	-50.13	
549	Spectrogram 1	1	748.522704440	749.056035655	230.257	402.950	0.5333	172.693	-47.92	
550	Spectrogram 1	1	748.200866639	749.387068822	1019.711	1685.812	1.1862	666.101	-58.07	
551	Spectrogram 1	1	752.099701724	752.982456837	180.916	254.928	0.8828	74.012	-46.00	
552	Spectrogram 1	1	753.240324898	754.067907817	847.018	1603.577	0.8276	756.559	-55.12	
553	Spectrogram 1	1	755.042616588	755.842613410	222.034	320.715	0.8000	98.681	-46.50	
554	Spectrogram 1	1	757.369044127	757.617319003	1430.884	1784.494	0.2483	353.610	-56.00	
555	Spectrogram 1	1	758.495329864	759.359694246	222.034	345.386	0.8644	123.352	-51.61	
556	Spectrogram 1	1	760.417161309	760.748194477	1447.331	1710.482	0.3310	263.151	-58.34	
557	Spectrogram 1	1	761.631343172	762.881912916	123.352	361.833	1.2506	238.481	-56.76	
558	Spectrogram 1	1	764.656618509	765.401443136	222.034	402.950	0.7448	180.916	-48.24	
559	Spectrogram 1	1	766.017532643	766.789943367	156.246	320.715	0.7724	164.469	-52.91	
560	Spectrogram 1	1	768.376734334	769.507764323	1052.605	1620.024	1.1310	567.419	-50.58	
561	Spectrogram 1	1	768.882479451	769.204317253	304.268	378.280	0.3218	74.012	-42.92	
562	Spectrogram 1	1	770.997413578	774.188205499	1060.828	1611.801	3.1908	550.973	-57.33	
563	Spectrogram 1	1	770.969827480	771.365228208	246.704	328.939	0.3954	82.235	-52.87	
564	Spectrogram 1	1	771.751433571	772.615797953	139.799	271.375	0.8644	131.576	-50.16	
565	Spectrogram 1	1	774.952651740	775.329661736	279.598	378.280	0.3770	98.682	-41.89	
566	Spectrogram 1	1	776.276784410	776.874483185	172.693	296.045	0.5977	123.352	-51.29	
567	Spectrogram 1	1	777.352642205	778.373327805	1019.711	1603.577	1.0207	583.866	-51.18	
568	Spectrogram 1	1	783.463896026	783.951250412	302.373	383.782	0.4874	81.409	-43.68	
569	Spectrogram 1	1	781.486892386	781.891488480	90.458	164.469	0.4046	74.011	-49.55	
570	Spectrogram 1	1	783.896078217	784.015617972	2384.807	2746.640	0.1195	361.833	-58.45	
571	Spectrogram 1	1	779.813335817	779.942070937	2353.923	2649.968	0.1287	296.045	-59.43	
572	Spectrogram 1	1	782.811025057	782.921369446	2321.029	2543.063	0.1103	222.034	-59.68	
573	Spectrogram 1	1	784.971936012	785.119061864	2477.275	2970.683	0.1471	493.408	-59.25	
574	Spectrogram 1	1	785.176852667	785.507885835	222.034	320.715	0.3310	98.681	-53.42	
575	Spectrogram 1	1	788.082588249	788.367644588	337.162	468.738	0.2851	131.576	-50.11	
576	Spectrogram 1	1	785.857309734	785.967654123	2710.562	2890.823	0.1103	180.261	-53.10	
577	Spectrogram 1	1	787.659601424	787.825118008	2954.786	3129.233	0.1655	174.447	-62.68	
578	Spectrogram 1	1	788.183737273	788.340058491	2507.041	2640.783	0.1563	133.742	-61.86	
579	Spectrogram 1	1	790.394699539	790.882053925	98.682	180.916	0.4874	82.234	-43.78	
580	Spectrogram 1	1	790.642974415	792.325726350	1233.521	1554.236	1.6828	320.715	-53.63	
581	Spectrogram 1	1	792.629173421	793.190090732	287.822	493.408	0.5609	205.586	-47.41	
582	Spectrogram 1	1	793.236067561	794.229167064	1151.286	1356.873	0.9931	205.587	-62.04	
583	Spectrogram 1	1	794.339511453	796.362491922	1217.074	1546.013	2.0230	328.939	-54.51	
584	Spectrogram 1	1	795.832861737	796.053550516	263.151	337.162	0.2207	74.011	-49.75	
585	Spectrogram 1	1	796.605272462	796.715616851	115.129	419.397	0.1103	304.268	-44.38	
586	Spectrogram 1	1	797.405269284	797.809865377	328.939	386.503	0.4046	57.564	-46.82	
587	Spectrogram 1	1	799.520203410	800.145488282	1167.733	1570.683	0.6253	402.950	-50.93	
588	Spectrogram 1	1	799.437445118	800.283418768	82.235	312.492	0.8460	230.257	-52.62	
589	Spectrogram 1	1	798.269633666	798.370782689	172.693	296.045	0.1011	123.352	-48.15	
590	Spectrogram 1	1	798.729401954	798.802964880	287.822	411.174	0.0736	123.352	-45.73	
591	Spectrogram 1	1	800.770773154	800.890312909	139.799	378.280	0.1195	238.481	-48.95	
592	Spectrogram 1	1	802.389157529	802.756972160	271.375	378.280	0.3678	106.905	-43.52	
593	Spectrogram 1	1	801.630814206	801.823916887	2381.669	2677.714	0.1931	296.045	-63.76	
594	Spectrogram 1	1	803.635403943	803.745748333	1822.473	1912.931	0.1103	90.458	-51.15	
595	Spectrogram 1	1	803.929655648	804.058390769	2554.362	2784.620	0.1287	230.258	-62.85	
596	Spectrogram 1	1	805.290569781	805.446890999	2513.245	2817.513	0.1563	304.268	-61.76	
597	Spectrogram 1	1	805.575626120	805.722751972	2488.575	2801.066	0.1471	312.491	-56.31	
598	Spectrogram 1	1	806.154934163	806.348036845	2472.128	3228.687	0.1931	756.559	-63.09	
599	Spectrogram 1	1	806.430795136	806.642288549	2513.245	2858.631	0.2115	345.386	-63.46	
600	Spectrogram 1	1	804.711261738	804.858387590	2159.636	2768.173	0.1471	608.537	-67.34	
601	Spectrogram 1	1	804.895169053	805.115857832	2595.480	3236.911	0.2207	641.431	-64.77	
602	Spectrogram 1	1	802.789430293	803.000923705	2463.904	2817.513	0.2115	353.609	-67.51	
603	Spectrogram 1	1	806.976234700	807.279681771	2266.541	2595.480	0.3034	328.939	-57.91	
604	Spectrogram 1	1	807.721059327	807.877380545	2579.033	2949.089	0.1563	370.056	-59.82	
605	Spectrogram 1	1	808.107264690	808.281976639	1715.568	2167.859	0.1747	452.291	-56.28	
606	Spectrogram 1	1	803.914177900	804.337164725	271.375	353.609	0.4230	82.234	-49.03	
607	Spectrogram 1	1	806.562443241	806.994625432	271.375	419.397	0.4322	148.022	-43.67	
608	Spectrogram 1	1	807.785426888	808.383125663	254.928	353.609	0.5977	98.681	-51.96	
609	Spectrogram 1	1	808.024506398	808.125655421	624.984	789.453	0.1011	164.469	-42.83	
610	Spectrogram 1	1	805.219919839	805.403827154	320.715	402.950	0.1839	82.235	-52.30	
611	Spectrogram 1	1	808.149225830	808.857268994	65.788	254.928	0.7080	189.140	-51.57	
612	Spectrogram 1	1	811.110133607	811.422776043	148.023	608.537	0.3126	460.514	-48.52	
613	Spectrogram 1	1	812.195186767	812.783690176	189.140	402.950	0.5885	213.810	-53.77	
614	Spectrogram 1	1	808.682557044	808.875659725	1761.833	2880.225	0.1931	1118.392	-60.11	
615	Spectrogram 1	1	811.183696533	811.321627019	2460.828	2756.873	0.1379	296.045	-56.95	
616	Spectrogram 1	1	813.867305473	815.292587167	1217.074	1562.460	1.4253	345.386	-51.93	
617	Spectrogram 1	1	814.556957905	814.685693026	230.257	493.408	0.1287	263.151	-43.03	
618	Spectrogram 1	1	814.750060587	814.961553999	238.481	493.408	0.2115	254.927	-44.68	
619	Spectrogram 1	1	816.662696666	817.425912025	65.788	197.363	0.7632	131.575	-49.14	
620	Spectrogram 1	1	816.763845690	817.517865682	1143.063	1504.896	0.7540	361.833	-60.58	
621	Spectrogram 1	1	818.621309574	819.016710302	1118.392	1587.130	0.3954	468.738	-57.30	
622	Spectrogram 1	1	819.789121027	820.074177366	90.458	641.431	0.2851	550.973	-48.44	
623	Spectrogram 1	1	818.060392263	818.989124205	106.905	246.704	0.9287	139.799	-49.94	
624	Spectrogram 1	1	821.222541091	821.415643772	312.492	394.727	0.1931	82.235	-52.15	
625	Spectrogram 1	1	823.797243506	824.036323016	156.246	707.219	0.2391	550.973	-46.88	
626	Spectrogram 1	1	825.902982266	826.417922749	65.788	222.034	0.5149	156.246	-51.30	
627	Spectrogram 1	1	825.240915931	826.289187629	1044.381	1373.320	1.0483	328.939	-57.67	
628	Spectrogram 1	1	821.939779621	822.307594252	880.916	2945.008	0.3678	2064.092	-61.48	
629	Spectrogram 1	1	827.554495808	828.446446288	1060.828	1513.119	0.8920	452.291	-64.64	
630	Spectrogram 1	1	828.602767506	828.887823844	139.799	698.995	0.2851	559.196	-44.69	
631	Spectrogram 1	1	829.016558965	829.182075549	1218.079	2040.426	0.1655	822.347	-52.70	
632	Spectrogram 1	1	831.149883823	831.324595773	1514.124	1982.862	0.1747	468.738	-52.00	
633	Spectrogram 1	1	833.338380875	833.549874288	1357.878	2278.907	0.2115	921.029	-59.28	
634	Spectrogram 1	1	833.896753107	834.411693590	74.011	238.481	0.5149	164.470	-50.35	
635	Spectrogram 1	1	835.855366016	835.974905771	279.598	715.442	0.1195	435.844	-41.50	
636	Spectrogram 1	1	836.370306499	836.627776740	139.799	830.571	0.2575	690.772	-45.41	
637	Spectrogram 1	1	838.788687695	839.220869886	698.995	937.476	0.4322	238.481	-49.48	
638	Spectrogram 1	1	839.413972567	839.708224272	115.129	402.950	0.2943	287.821	-46.02	
639	Spectrogram 1	1	837.161107954	837.510531854	822.347	904.582	0.3494	82.235	-58.48	
640	Spectrogram 1	1	837.896737216	838.099035263	781.230	855.241	0.2023	74.011	-55.29	
641	Spectrogram 1	1	71.478033975	71.478033975	9769.377	9769.377	0.0000	0.000	-65.68	
642	Spectrogram 1	1	2.678867462	2.990968525	364.033	457.642	0.3121	93.609	-53.39	
644	Spectrogram 1	1	836.131781964	836.684460931	852.877	1622.547	0.5527	769.670	-55.58	
645	Spectrogram 1	1	837.581751488	837.744304125	132.382	183.864	0.1626	51.482	-47.50	
646	Spectrogram 1	1	841.422887007	841.969063868	80.900	227.992	0.5462	147.092	-47.00	
647	Spectrogram 1	1	842.053591239	842.261658615	742.812	941.386	0.2081	198.574	-44.30	
648	Spectrogram 1	1	844.121260785	844.407353426	139.737	404.502	0.2861	264.765	-43.78	
649	Spectrogram 1	1	844.903313972	845.651056103	706.039	867.840	0.7477	161.801	-48.14	
650	Spectrogram 1	1	848.142005238	848.376081036	139.737	411.856	0.2341	272.119	-45.33	
651	Spectrogram 1	1	848.350072614	848.668675783	507.466	831.067	0.3186	323.601	-52.34	
652	Spectrogram 1	1	850.294202155	850.697332696	88.255	235.346	0.4031	147.091	-48.63	
653	Spectrogram 1	1	850.066628463	850.437248476	544.239	669.267	0.3706	125.028	-56.06	
654	Spectrogram 1	1	847.368254685	848.623161045	1843.411	2280.251	1.2549	436.840	-59.26	
655	Spectrogram 1	1	853.012440608	853.142482717	254.823	416.038	0.1300	161.215	-42.40	
656	Spectrogram 1	1	853.044951135	853.480592203	561.651	1627.748	0.4356	1066.097	-55.05	
657	Spectrogram 1	1	856.022915449	856.198472297	139.737	433.920	0.1756	294.183	-45.32	
658	Spectrogram 1	1	856.298193790	858.469897023	1726.557	2298.608	2.1717	572.051	-58.01	
659	Spectrogram 1	1	850.192506670	850.413578257	1809.764	2059.387	0.2211	249.623	-53.81	
660	Spectrogram 1	1	857.644087352	858.131745264	66.191	176.510	0.4877	110.319	-48.25	
661	Spectrogram 1	1	860.205959189	860.362009720	183.864	345.665	0.1561	161.801	-43.31	
662	Spectrogram 1	1	860.349005509	860.446537092	500.111	713.394	0.0975	213.283	-43.47	
663	Spectrogram 1	1	860.495088506	861.691475916	485.402	581.012	1.1964	95.610	-45.47	
664	Spectrogram 1	1	860.280518716	861.548429287	1976.876	2322.541	1.2679	345.665	-59.19	
665	Spectrogram 1	1	863.687622301	864.012727576	125.028	676.621	0.3251	551.593	-47.47	
666	Spectrogram 1	1	864.220794952	865.014051821	426.566	632.494	0.7933	205.928	-46.61	
667	Spectrogram 1	1	865.371076198	865.858734109	58.837	169.155	0.4877	110.318	-51.63	
668	Spectrogram 1	1	868.153977347	868.427065777	132.382	764.876	0.2731	632.494	-49.77	
669	Spectrogram 1	1	868.693652102	869.005753166	558.948	625.139	0.3121	66.191	-53.18	
670	Spectrogram 1	1	868.609124731	868.940732111	1750.389	1897.481	0.3316	147.092	-57.73	
671	Spectrogram 1	1	869.174807909	869.402381601	492.757	573.657	0.2276	80.900	-51.28	
672	Spectrogram 1	1	867.256686789	867.367222583	2254.999	2688.919	0.1105	433.920	-62.81	
673	Spectrogram 1	1	869.779553037	871.184007823	433.920	919.322	1.4045	485.402	-48.39	
674	Spectrogram 1	1	871.840720477	872.315374178	250.056	816.358	0.4747	566.302	-48.86	
675	Spectrogram 1	1	872.107306802	872.334880494	139.737	632.494	0.2276	492.757	-49.87	
676	Spectrogram 1	1	872.399901549	873.953904761	382.438	941.386	1.5540	558.948	-45.37	
677	Spectrogram 1	1	876.498156206	877.031328856	470.693	904.613	0.5332	433.920	-43.45	
678	Spectrogram 1	1	876.647704632	876.725729898	227.992	485.402	0.0780	257.410	-42.88	
679	Spectrogram 1	1	879.462555907	879.638112755	242.701	801.649	0.1756	558.948	-47.95	
680	Spectrogram 1	1	879.891857542	881.543392336	404.502	904.613	1.6515	500.111	-47.28	
681	Spectrogram 1	1	883.721597675	884.599381916	323.601	698.685	0.8778	375.084	-40.36	
682	Spectrogram 1	1	886.580811861	887.087976089	588.366	801.649	0.5072	213.283	-51.99	
683	Spectrogram 1	1	887.022955034	887.426085574	375.083	1000.223	0.4031	625.140	-44.44	
684	Spectrogram 1	1	889.971799876	891.356748345	558.948	985.513	1.3849	426.565	-56.52	
685	Spectrogram 1	1	889.458133542	891.876916784	345.665	632.494	2.4188	286.829	-46.96	
686	Spectrogram 1	1	892.881632077	893.291264723	330.956	441.275	0.4096	110.319	-53.49	
687	Spectrogram 1	1	893.642378419	894.156044753	308.892	397.147	0.5137	88.255	-42.28	
688	Spectrogram 1	1	894.539668977	894.825761619	338.311	389.793	0.2861	51.482	-32.67	
689	Spectrogram 1	1	895.202883737	895.833587969	706.039	992.868	0.6307	286.829	-51.03	
690	Spectrogram 1	1	897.205810244	897.790999738	316.247	536.884	0.5852	220.637	-36.76	
691	Spectrogram 1	1	898.876851355	899.397019794	367.729	463.338	0.5202	95.609	-50.62	
692	Spectrogram 1	1	899.533564009	901.627241976	294.183	610.430	2.0937	316.247	-46.17	
693	Spectrogram 1	1	902.478381031	904.357489517	308.892	536.884	1.8791	227.992	-41.50	
694	Spectrogram 1	1	904.604478847	905.579794670	661.912	970.804	0.9753	308.892	-50.95	
695	Spectrogram 1	1	906.906224190	907.367873680	301.538	617.785	0.4616	316.247	-39.51	
696	Spectrogram 1	1	906.574616810	906.841203135	191.219	294.183	0.2666	102.964	-45.76	
697	Spectrogram 1	1	908.711454553	909.751791432	786.940	1125.250	1.0403	338.310	-53.47	
698	Spectrogram 1	1	909.472200896	910.219943027	323.601	411.856	0.7477	88.255	-33.42	
699	Spectrogram 1	1	910.343483031	911.442338859	250.056	603.075	1.0989	353.019	-42.92	
700	Spectrogram 1	1	913.006350576	914.170227458	227.992	367.729	1.1639	139.737	-38.44	
701	Spectrogram 1	1	913.936151661	914.469324311	691.330	1110.541	0.5332	419.211	-52.84	
702	Spectrogram 1	1	915.468761327	915.631313965	286.829	544.239	0.1626	257.410	-49.93	
703	Spectrogram 1	1	916.710663476	917.555937189	257.410	382.438	0.8453	125.028	-37.53	
704	Spectrogram 1	1	919.335365154	921.676123130	198.574	404.502	2.3408	205.928	-42.22	
705	Spectrogram 1	1	922.404358944	922.944033700	279.474	345.665	0.5397	66.191	-52.20	
706	Spectrogram 1	1	923.257053523	924.355909351	198.574	375.083	1.0989	176.509	-37.47	
707	Spectrogram 1	1	925.214187276	926.183000994	757.521	1029.641	0.9688	272.120	-52.68	
708	Spectrogram 1	1	927.263063242	928.088830639	213.283	367.729	0.8258	154.446	-38.44	
709	Spectrogram 1	1	928.830070665	930.163002290	1000.223	1551.816	1.3329	551.593	-60.28	
710	Spectrogram 1	1	930.229216143	930.463291940	250.056	316.247	0.2341	66.191	-53.39	
711	Spectrogram 1	1	930.775393004	932.914585710	176.510	338.311	2.1392	161.801	-41.06	
712	Spectrogram 1	1	933.872263760	934.307904828	227.992	338.311	0.4356	110.319	-49.96	
713	Spectrogram 1	1	934.587495364	935.601823820	161.801	264.765	1.0143	102.964	-37.21	
714	Spectrogram 1	1	934.216875351	934.808566951	603.075	1272.342	0.5917	669.267	-54.56	
715	Spectrogram 1	1	938.538305195	939.162507322	161.801	338.311	0.6242	176.510	-38.15	
716	Spectrogram 1	1	942.190088178	943.698576652	125.028	301.538	1.5085	176.510	-43.88	
717	Spectrogram 1	1	945.420789829	946.363595125	154.446	294.183	0.9428	139.737	-37.98	
718	Spectrogram 1	1	945.823920370	946.610675134	853.131	1007.577	0.7868	154.446	-57.72	
719	Spectrogram 1	1	949.311284161	950.260591563	823.713	1220.860	0.9493	397.147	-58.13	
720	Spectrogram 1	1	949.317786267	950.091536820	110.319	323.601	0.7738	213.282	-38.16	
721	Spectrogram 1	1	953.175850413	954.066638865	242.701	404.502	0.8908	161.801	-53.99	
722	Spectrogram 1	1	954.008119915	954.801376785	617.785	1095.832	0.7933	478.047	-56.76	
723	Spectrogram 1	1	956.485422107	957.272176871	147.092	323.601	0.7868	176.509	-37.13	
724	Spectrogram 1	1	954.437258878	954.944423106	176.510	301.538	0.5072	125.028	-43.11	
725	Spectrogram 1	1	956.606652488	957.907073586	794.294	1147.314	1.3004	353.020	-57.11	
726	Spectrogram 1	1	960.390877883	961.067096853	154.446	294.183	0.6762	139.737	-38.07	
727	Spectrogram 1	1	963.231181156	963.569290641	1360.597	1426.788	0.3381	66.191	-55.06	
728	Spectrogram 1	1	963.452252743	964.707159102	95.610	272.119	1.2549	176.509	-48.51	
729	Spectrogram 1	1	966.157128626	967.015406551	161.801	316.247	0.8583	154.446	-37.21	
730	Spectrogram 1	1	963.530278008	963.822872755	735.458	1132.605	0.2926	397.147	-57.97	
731	Spectrogram 1	1	967.487109885	968.494936235	838.422	1272.342	1.0078	433.920	-55.03	
732	Spectrogram 1	1	970.497584726	971.141293169	183.864	338.311	0.6437	154.447	-37.84	
733	Spectrogram 1	1	970.982933015	972.192324636	742.812	1507.688	1.2094	764.876	-57.04	
734	Spectrogram 1	1	973.856863641	974.754154198	88.255	257.410	0.8973	169.155	-44.98	
735	Spectrogram 1	1	975.868857217	976.584088821	764.876	1220.860	0.7152	455.984	-54.02	
736	Spectrogram 1	1	975.998899327	976.616599348	176.510	338.311	0.6177	161.801	-37.72	
737	Spectrogram 1	1	977.507387800	977.585413066	1426.788	1566.525	0.0780	139.737	-49.87	
738	Spectrogram 1	1	978.788302582	978.950855219	117.673	198.574	0.1626	80.901	-40.84	
739	Spectrogram 1	1	978.157598349	978.378669936	132.382	213.283	0.2211	80.901	-36.89	
740	Spectrogram 1	1	980.123755821	980.552894783	132.382	353.020	0.4291	220.638	-41.40	
741	Spectrogram 1	1	982.939167497	983.166741189	132.382	411.856	0.2276	279.474	-42.36	
742	Spectrogram 1	1	982.971678025	983.108222240	1316.469	1426.788	0.1365	110.319	-54.60	
743	Spectrogram 1	1	983.927487532	984.038023325	1323.824	1470.916	0.1105	147.092	-54.48	
744	Spectrogram 1	1	983.920985426	984.083538063	338.311	507.466	0.1626	169.155	-48.66	
745	Spectrogram 1	1	984.961371622	985.188945315	353.020	389.793	0.2276	36.773	-44.95	
746	Spectrogram 1	1	984.831329513	984.948367411	1367.951	1544.461	0.1170	176.510	-54.28	
747	Spectrogram 1	1	987.297815414	987.551397528	73.546	191.219	0.2536	117.673	-42.85	
748	Spectrogram 1	1	988.877827048	989.033877579	139.737	463.338	0.1561	323.601	-40.35	
749	Spectrogram 1	1	988.422679663	989.417501803	845.776	1095.832	0.9948	250.056	-52.90	
750	Spectrogram 1	1	986.276984852	986.608592232	551.593	779.585	0.3316	227.992	-53.42	
751	Spectrogram 1	1	988.136587022	988.208110182	485.402	588.366	0.0715	102.964	-43.30	
752	Spectrogram 1	1	989.641597739	989.797648271	735.458	816.358	0.1561	80.900	-44.59	
753	Spectrogram 1	1	991.806798867	991.969351505	154.446	411.856	0.1626	257.410	-46.22	
754	Spectrogram 1	1	990.863993571	991.007039892	66.191	345.665	0.1430	279.474	-41.35	
755	Spectrogram 1	1	991.943343083	992.957671539	683.976	1132.605	1.0143	448.629	-55.07	
756	Spectrogram 1	1	993.295781024	993.542861033	102.964	573.657	0.2471	470.693	-41.89	
757	Spectrogram 1	1	994.486185370	995.103885392	29.418	183.864	0.6177	154.446	-47.77	
758	Spectrogram 1	1	994.869809594	995.097383286	73.546	147.092	0.2276	73.546	-46.03	
759	Spectrogram 1	1	996.839947557	997.074023355	125.028	522.175	0.2341	397.147	-38.72	
760	Spectrogram 1	1	996.735913869	997.379622313	698.685	1110.541	0.6437	411.856	-52.25	
761	Spectrogram 1	1	999.707219373	1000.461463610	485.402	3101.528	0.7542	2616.126	-63.53	
762	Spectrogram 1	1	1000.454961504	1000.682535197	110.319	551.593	0.2276	441.274	-40.37	
763	Spectrogram 1	1	1002.568145788	1003.159837388	36.773	242.701	0.5917	205.928	-46.53	
764	Spectrogram 1	1	1002.343802469	1002.857468802	816.358	2728.548	0.5137	1912.190	-62.30	
765	Spectrogram 1	1	1005.055180458	1005.373783627	139.737	536.884	0.3186	397.147	-40.94	
766	Spectrogram 1	1	1004.535012018	1004.730075183	2773.121	3001.112	0.1951	227.991	-58.28	
767	Spectrogram 1	1	1007.816908400	1007.979461038	301.538	367.729	0.1626	66.191	-44.08	
768	Spectrogram 1	1	1008.024975776	1008.720701063	279.474	411.856	0.6957	132.382	-55.81	
769	Spectrogram 1	1	1009.188852659	1009.422928456	73.546	573.657	0.2341	500.111	-41.04	
770	Spectrogram 1	1	1009.383915823	1010.664830605	764.876	1213.505	1.2809	448.629	-51.40	
771	Spectrogram 1	1	1012.381386454	1012.641470673	80.900	507.466	0.2601	426.566	-40.55	
772	Spectrogram 1	1	1013.472227473	1013.595767478	330.956	419.211	0.1235	88.255	-45.72	
773	Spectrogram 1	1	1013.036586406	1014.597091723	757.521	1117.896	1.5605	360.375	-47.76	
774	Spectrogram 1	1	1014.310999082	1014.558079090	58.837	544.239	0.2471	485.402	-41.83	
775	Spectrogram 1	1	1015.018370239	1015.278454459	102.964	257.410	0.2601	154.446	-40.34	
776	Spectrogram 1	1	1015.356479725	1015.532036573	88.255	227.992	0.1756	139.737	-41.85	
777	Spectrogram 1	1	1016.721921877	1017.021018730	88.255	514.820	0.2991	426.565	-38.87	
778	Spectrogram 1	1	1018.093866135	1018.659549313	44.127	198.574	0.5657	154.447	-45.71	
779	Spectrogram 1	1	1018.444979832	1019.069181959	713.394	882.549	0.6242	169.155	-42.58	
780	Spectrogram 1	1	1020.774581454	1021.067176201	102.964	566.302	0.2926	463.338	-38.94	
781	Spectrogram 1	1	1022.101010974	1022.575664675	639.848	1000.223	0.4747	360.375	-49.06	
782	Spectrogram 1	1	1024.279216313	1024.591317376	132.382	581.012	0.3121	448.630	-40.42	
783	Spectrogram 1	1	1025.313100403	1025.417134091	95.610	301.538	0.1040	205.928	-39.66	
784	Spectrogram 1	1	1025.982817269	1026.372943598	51.482	220.637	0.3901	169.155	-44.42	
785	Spectrogram 1	1	1027.530318375	1028.876254212	669.267	985.513	1.3459	316.246	-46.65	
786	Spectrogram 1	1	1028.174026819	1028.512136304	88.255	573.657	0.3381	485.402	-40.47	
787	Spectrogram 1	1	1029.462362465	1029.585902470	117.673	375.083	0.1235	257.410	-46.27	
788	Spectrogram 1	1	1030.613235137	1030.801796196	66.191	551.593	0.1886	485.402	-41.35	
789	Spectrogram 1	1	1030.619737243	1031.016365677	728.103	816.358	0.3966	88.255	-47.45	
790	Spectrogram 1	1	1031.178918315	1032.134727822	713.394	867.840	0.9558	154.446	-41.20	
791	Spectrogram 1	1	1033.032018379	1033.318111021	95.610	566.302	0.2861	470.692	-40.15	
792	Spectrogram 1	1	1035.602358588	1035.953472284	603.075	853.131	0.3511	250.056	-41.41	
793	Spectrogram 1	1	1036.467138618	1036.720720732	117.673	617.785	0.2536	500.112	-39.84	
794	Spectrogram 1	1	1037.526981812	1037.735049188	161.801	220.637	0.2081	58.836	-39.24	
795	Spectrogram 1	1	1038.541310269	1038.697360800	161.801	235.346	0.1561	73.545	-43.71	
796	Spectrogram 1	1	1038.959805950	1040.825910226	698.685	816.358	1.8661	117.673	-40.99	
797	Spectrogram 1	1	1040.435783896	1040.682863905	117.673	588.366	0.2471	470.693	-42.59	
798	Spectrogram 1	1	1043.433143162	1044.427965301	676.621	1154.669	0.9948	478.048	-51.37	
799	Spectrogram 1	1	1045.084677956	1045.299247437	154.446	558.948	0.2146	404.502	-40.07	
800	Spectrogram 1	1	1047.384869763	1047.892033991	639.848	897.258	0.5072	257.410	-44.07	
801	Spectrogram 1	1	1048.665784545	1048.854345604	125.028	551.593	0.1886	426.565	-41.42	
802	Spectrogram 1	1	1050.732403291	1051.226563308	36.773	198.574	0.4942	161.801	-48.33	
803	Spectrogram 1	1	1051.122529620	1052.624515988	625.139	772.231	1.5020	147.092	-42.65	
804	Spectrogram 1	1	1052.975629684	1053.268224431	117.673	573.657	0.2926	455.984	-41.53	
805	Spectrogram 1	1	1053.294232853	1053.684359183	676.621	934.031	0.3901	257.410	-47.92	
806	Spectrogram 1	1	1054.165758003	1054.315306429	154.446	411.856	0.1495	257.410	-46.26	
807	Spectrogram 1	1	1055.193090670	1055.953837013	566.302	956.095	0.7607	389.793	-45.88	
808	Spectrogram 1	1	1055.121567510	1055.329634886	44.127	536.884	0.2081	492.757	-44.61	
809	Spectrogram 1	1	1056.064372806	1056.285444393	154.446	235.346	0.2211	80.900	-46.75	
810	Spectrogram 1	1	1057.533848646	1057.793932866	110.319	551.593	0.2601	441.274	-45.96	
811	Spectrogram 1	1	1058.495408150	1058.859526057	617.785	889.904	0.3641	272.119	-44.09	
812	Spectrogram 1	1	1061.011722974	1061.317321932	132.382	551.593	0.3056	419.211	-40.11	
813	Spectrogram 1	1	1060.166449261	1060.966208236	147.092	294.183	0.7998	147.091	-52.76	
814	Spectrogram 1	1	1062.247123017	1062.422679865	161.801	507.466	0.1756	345.665	-46.65	
815	Spectrogram 1	1	1061.252383208	1063.300546437	588.366	772.231	2.0482	183.865	-41.18	
816	Spectrogram 1	1	1063.456596969	1063.840221193	676.621	956.095	0.3836	279.474	-47.88	
817	Spectrogram 1	1	1063.749191716	1064.399402265	80.900	286.829	0.6502	205.929	-49.15	
818	Spectrogram 1	1	1065.230037886	1066.569471617	551.593	867.840	1.3394	316.247	-41.36	
819	Spectrogram 1	1	1065.522632633	1065.763210536	117.673	544.239	0.2406	426.566	-42.74	
820	Spectrogram 1	1	1067.400059914	1068.147802045	22.064	205.928	0.7477	183.864	-49.89	
821	Spectrogram 1	1	1069.727813679	1070.313003173	558.948	1000.223	0.5852	441.275	-43.07	
822	Spectrogram 1	1	1069.890366316	1070.124442114	125.028	514.820	0.2341	389.792	-41.21	
823	Spectrogram 1	1	1070.852677928	1071.307825313	139.737	220.637	0.4551	80.900	-49.55	
824	Spectrogram 1	1	1072.035102996	1072.236668266	80.900	581.012	0.2016	500.112	-45.47	
825	Spectrogram 1	1	1072.665807228	1072.847866182	73.546	191.219	0.1821	117.673	-40.68	
826	Spectrogram 1	1	1073.374536727	1074.967552572	536.884	698.685	1.5930	161.801	-40.43	
827	Spectrogram 1	1	1074.557919926	1074.850514673	117.673	529.530	0.2926	411.857	-41.68	
828	Spectrogram 1	1	1075.686953986	1076.044569788	492.757	875.195	0.3576	382.438	-50.99	
829	Spectrogram 1	1	1075.882017151	1076.116092948	88.255	198.574	0.2341	110.319	-45.75	
830	Spectrogram 1	1	1077.338488780	1079.133069895	507.466	1044.350	1.7946	536.884	-49.14	
831	Spectrogram 1	1	1078.333310920	1078.554382507	117.673	500.111	0.2211	382.438	-44.06	
832	Spectrogram 1	1	1079.048542524	1079.633732018	88.255	205.928	0.5852	117.673	-45.40	
833	Spectrogram 1	1	1079.736051487	1079.859591491	139.737	433.920	0.1235	294.183	-47.34	
834	Spectrogram 1	1	1080.763384154	1081.725695767	147.092	264.765	0.9623	117.673	-54.42	
835	Spectrogram 1	1	1081.946767353	1082.531956847	500.111	1103.187	0.5852	603.076	-46.13	
836	Spectrogram 1	1	1082.910638469	1083.034178473	367.729	669.267	0.1235	301.538	-41.55	
837	Spectrogram 1	1	1086.042263350	1087.115110756	529.530	625.139	1.0728	95.609	-46.50	
838	Spectrogram 1	1	1087.115110756	1087.628777090	441.275	595.721	0.5137	154.446	-54.20	
839	Spectrogram 1	1	1087.869354993	1088.298493955	522.175	786.940	0.4291	264.765	-48.41	
840	Spectrogram 1	1	1088.805579831	1088.916115624	154.446	566.302	0.1105	411.856	-48.45	
841	Spectrogram 1	1	1089.550070909	1090.063737243	500.111	639.848	0.5137	139.737	-51.05	
842	Spectrogram 1	1	1090.183715405	1091.601174402	455.984	779.585	1.4175	323.601	-50.88	
843	Spectrogram 1	1	1091.926279676	1092.114840736	132.382	536.884	0.1886	404.502	-46.14	
844	Spectrogram 1	1	1090.365774359	1090.736394372	382.438	448.629	0.3706	66.191	-53.19	
845	Spectrogram 1	1	1094.737230801	1095.185876080	492.757	823.713	0.4486	330.956	-47.85	
846	Spectrogram 1	1	1096.700866659	1096.830908768	132.382	588.366	0.1300	455.984	-45.68	
847	Spectrogram 1	1	1097.767211959	1097.981781440	73.546	860.486	0.2146	786.940	-47.63	
848	Spectrogram 1	1	1098.658793490	1100.401357761	389.793	492.757	1.7426	102.964	-55.05	
849	Spectrogram 1	1	1101.051568310	1101.311652529	132.382	529.530	0.2601	397.147	-46.92	
850	Spectrogram 1	1	1102.942848557	1104.217261233	330.956	455.984	1.2744	125.028	-46.18	
851	Spectrogram 1	1	1107.434845318	1107.902996913	353.020	455.984	0.4682	102.964	-43.41	
852	Spectrogram 1	1	1109.346464332	1109.801611716	227.992	338.311	0.4551	110.319	-52.97	
853	Spectrogram 1	1	1109.983670670	1110.191738046	95.610	551.593	0.2081	455.984	-49.10	
854	Spectrogram 1	1	1111.323221734	1112.877224946	250.056	397.147	1.5540	147.092	-52.86	
855	Spectrogram 1	1	1115.132336736	1116.224690458	257.410	382.438	1.0924	125.028	-50.23	
856	Spectrogram 1	1	1119.389662296	1120.039872844	220.637	397.147	0.6502	176.510	-48.13	
857	Spectrogram 1	1	1120.514526545	1121.554863423	367.729	706.039	1.0403	338.311	-47.37	
858	Spectrogram 1	1	1123.330490276	1124.969020859	205.928	345.665	1.6385	139.737	-45.89	
859	Spectrogram 1	1	1123.727118711	1125.541206142	389.793	647.203	1.8141	257.410	-51.90	
860	Spectrogram 1	1	1126.944381430	1127.783153038	191.219	308.892	0.8388	117.673	-42.63	
861	Spectrogram 1	1	1129.641910431	1130.617226255	367.729	647.203	0.9753	279.474	-48.36	
862	Spectrogram 1	1	1131.072373639	1131.475504179	176.510	353.020	0.4031	176.510	-49.91	
863	Spectrogram 1	1	1131.579537867	1131.761596821	22.064	95.610	0.1821	73.546	-44.87	
864	Spectrogram 1	1	1134.057037733	1135.064864084	389.793	683.976	1.0078	294.183	-53.93	
865	Spectrogram 1	1	1133.829464041	1135.513509363	169.155	323.601	1.6840	154.446	-45.97	
866	Spectrogram 1	1	1137.535781503	1138.368051005	191.219	316.247	0.8323	125.028	-41.99	
867	Spectrogram 1	1	1141.645000807	1142.152165035	198.574	345.665	0.5072	147.092	-49.63	
868	Spectrogram 1	1	1144.307946703	1145.062190940	323.601	720.749	0.7542	397.147	-54.40	
869	Spectrogram 1	1	1145.523840430	1145.894460443	183.864	279.474	0.3706	95.610	-44.32	
870	Spectrogram 1	1	1146.154544662	1147.032328903	132.382	220.637	0.8778	88.255	-47.66	
871	Spectrogram 1	1	1147.862838848	1149.702934701	426.566	573.657	1.8401	147.092	-54.34	
872	Spectrogram 1	1	1148.786137827	1149.397335743	205.928	286.829	0.6112	80.900	-37.89	
873	Spectrogram 1	1	1149.462356798	1149.650917857	183.864	286.829	0.1886	102.964	-49.17	
874	Spectrogram 1	1	1151.708306278	1151.948884181	573.657	698.685	0.2406	125.028	-54.80	
875	Spectrogram 1	1	1152.586090519	1152.956710532	242.701	316.247	0.3706	73.546	-40.96	
876	Spectrogram 1	1	1153.619925291	1154.549726376	411.856	713.394	0.9298	301.538	-51.87	
877	Spectrogram 1	1	1155.084458530	1156.534428054	125.028	308.892	1.4500	183.864	-51.18	
878	Spectrogram 1	1	1157.548756510	1157.893368101	88.255	154.446	0.3446	66.191	-42.67	
879	Spectrogram 1	1	1158.426540751	1158.797160764	316.247	382.438	0.3706	66.191	-45.60	
880	Spectrogram 1	1	1158.732139709	1159.070249195	191.219	286.829	0.3381	95.610	-44.16	
881	Spectrogram 1	1	1158.283494431	1158.511068123	242.701	308.892	0.2276	66.191	-37.72	
882	Spectrogram 1	1	1162.550919174	1163.155614985	147.092	360.374	0.6047	213.283	-47.30	
883	Spectrogram 1	1	1165.060731893	1165.398841378	191.219	286.829	0.3381	95.610	-50.13	
884	Spectrogram 1	1	1165.749955075	1165.997035083	176.510	301.538	0.2471	125.028	-44.47	
885	Spectrogram 1	1	1166.198600353	1166.770785636	176.510	353.020	0.5722	176.510	-44.03	
886	Spectrogram 1	1	1168.660590700	1169.180759139	279.474	375.083	0.5202	95.610	-37.21	
887	Spectrogram 1	1	1172.758798028	1173.233451729	220.637	389.793	0.4747	169.155	-43.18	
888	Spectrogram 1	1	1175.163410916	1175.904650942	411.856	661.912	0.7412	250.056	-46.27	
889	Spectrogram 1	1	1175.249104431	1175.548201283	176.510	397.147	0.2991	220.637	-43.95	
890	Spectrogram 1	1	1175.788779186	1176.217918148	161.801	250.056	0.4291	88.255	-43.02	
892	Spectrogram 1	1	1178.645428408	1179.256626324	191.219	367.729	0.6112	176.510	-45.58	
893	Spectrogram 1	1	1182.257774374	1182.764938602	242.701	367.729	0.5072	125.028	-43.69	
894	Spectrogram 1	1	1184.670055511	1185.755907127	88.255	279.474	1.0859	191.219	-46.81	
895	Spectrogram 1	1	1185.768867988	1186.510108014	404.502	735.458	0.7412	330.956	-48.86	
896	Spectrogram 1	1	1187.589457525	1188.304689129	176.510	389.793	0.7152	213.283	-44.72	
897	Spectrogram 1	1	1188.616790193	1189.149962843	257.410	338.311	0.5332	80.900	-50.69	
898	Spectrogram 1	1	1190.696792182	1191.210458516	367.729	617.785	0.5137	250.056	-54.35	
899	Spectrogram 1	1	1191.717622744	1192.283305921	227.992	419.211	0.5657	191.219	-47.79	
900	Spectrogram 1	1	1193.470801261	1193.912944434	507.466	632.494	0.4421	125.028	-54.47	
901	Spectrogram 1	1	1194.296568658	1194.992293945	95.610	294.183	0.6957	198.574	-47.90	
902	Spectrogram 1	1	1196.403250837	1196.916917170	227.992	308.892	0.5137	80.900	-47.81	
903	Spectrogram 1	1	1196.923419276	1197.430583504	213.283	411.856	0.5072	198.574	-46.16	
904	Spectrogram 1	1	1196.256566077	1196.874266098	441.275	875.195	0.6177	433.920	-54.24	
905	Spectrogram 1	1	1200.775887750	1201.224533029	272.119	389.793	0.4486	117.673	-42.80	
906	Spectrogram 1	1	1202.550962548	1203.168662570	95.610	286.829	0.6177	191.219	-47.14	
907	Spectrogram 1	1	1204.898420305	1205.249534001	264.765	426.566	0.3511	161.801	-43.14	
908	Spectrogram 1	1	1207.310701441	1208.032435150	183.864	345.665	0.7217	161.801	-51.98	
909	Spectrogram 1	1	1208.749615639	1209.224269340	191.219	411.856	0.4747	220.637	-47.31	
910	Spectrogram 1	1	1210.108555687	1210.765268341	529.530	647.203	0.6567	117.673	-51.56	
911	Spectrogram 1	1	1210.531192543	1211.812107325	389.793	889.904	1.2809	500.111	-46.77	
912	Spectrogram 1	1	1211.057863088	1211.708073637	183.864	301.538	0.6502	117.673	-52.00	
913	Spectrogram 1	1	1210.459669383	1210.875804134	88.255	213.283	0.4161	125.028	-44.21	
914	Spectrogram 1	1	1213.553645449	1213.794223352	117.673	433.920	0.2406	316.247	-46.00	
915	Spectrogram 1	1	1213.800725458	1215.367732881	433.920	860.486	1.5670	426.566	-47.51	
916	Spectrogram 1	1	1216.678253162	1217.029366859	242.701	301.538	0.3511	58.837	-53.36	
917	Spectrogram 1	1	1217.530028981	1217.842130045	183.864	779.585	0.3121	595.721	-51.49	
918	Spectrogram 1	1	1218.498842699	1219.051521666	154.446	308.892	0.5527	154.446	-51.80	
919	Spectrogram 1	1	1219.071027982	1219.935808012	522.175	926.677	0.8648	404.502	-44.00	
920	Spectrogram 1	1	1221.841569643	1222.075645440	117.673	581.012	0.2341	463.338	-48.72	
921	Spectrogram 1	1	1222.049637018	1222.933923365	205.928	286.829	0.8843	80.900	-49.79	
922	Spectrogram 1	1	1224.878052906	1225.118630809	125.028	448.629	0.2406	323.601	-45.38	
923	Spectrogram 1	1	1224.058787615	1224.110804458	353.020	544.239	0.0520	191.219	-40.46	
924	Spectrogram 1	1	1224.507432893	1224.559449737	382.438	639.848	0.0520	257.410	-43.97	
925	Spectrogram 1	1	1224.832538168	1224.878052906	323.601	544.239	0.0455	220.637	-42.74	
926	Spectrogram 1	1	1225.359208712	1225.417727662	330.956	529.530	0.0585	198.574	-43.03	
927	Spectrogram 1	1	1225.722207805	1226.515464675	500.111	610.430	0.7933	110.319	-55.58	
928	Spectrogram 1	1	1226.938101532	1227.139666802	73.546	566.302	0.2016	492.757	-46.54	
929	Spectrogram 1	1	1228.477270970	1229.361557316	154.446	301.538	0.8843	147.092	-50.80	
930	Spectrogram 1	1	1229.446084688	1229.686662591	110.319	558.948	0.2406	448.629	-47.14	
931	Spectrogram 1	1	1230.987083689	1232.254994259	595.721	926.677	1.2679	330.956	-44.32	
932	Spectrogram 1	1	1232.840976832	1233.081554735	110.319	683.976	0.2406	573.657	-46.43	
933	Spectrogram 1	1	1234.999675854	1236.124540104	382.438	1007.577	1.1249	625.139	-47.84	
934	Spectrogram 1	1	1237.473467277	1237.779066235	132.382	764.876	0.3056	632.494	-49.84	
935	Spectrogram 1	1	1237.584003070	1238.162690459	514.820	588.366	0.5787	73.546	-52.26	
936	Spectrogram 1	1	1239.495622084	1240.204351582	147.092	316.247	0.7087	169.155	-52.41	
937	Spectrogram 1	1	1239.989782101	1240.945591608	492.757	941.386	0.9558	448.629	-47.32	
938	Spectrogram 1	1	1241.441265789	1242.475100562	433.920	573.657	1.0338	139.737	-53.40	
939	Spectrogram 1	1	1241.486780528	1241.746864747	139.737	735.458	0.2601	595.721	-49.95	
940	Spectrogram 1	1	1243.814534293	1244.022601669	110.319	198.574	0.2081	88.255	-41.53	
941	Spectrogram 1	1	1243.638977445	1243.756015344	360.374	522.175	0.1170	161.801	-44.84	
942	Spectrogram 1	1	1244.263179572	1244.347706943	330.956	514.820	0.0845	183.864	-42.02	
943	Spectrogram 1	1	1245.186478551	1245.264503817	308.892	470.693	0.0780	161.801	-47.26	
944	Spectrogram 1	1	1246.002439097	1246.106472785	353.020	536.884	0.1040	183.864	-41.15	
945	Spectrogram 1	1	1246.425075954	1246.633143329	102.964	507.466	0.2081	404.502	-47.12	
946	Spectrogram 1	1	1246.958248604	1247.023269659	330.956	558.948	0.0650	227.992	-42.40	
947	Spectrogram 1	1	1247.146809663	1247.536935992	235.346	286.829	0.3901	51.482	-47.71	
948	Spectrogram 1	1	1247.588952836	1247.660475996	330.956	544.239	0.0715	213.283	-40.64	
949	Spectrogram 1	1	1249.266496052	1249.364027635	360.374	522.175	0.0975	161.801	-44.82	
950	Spectrogram 1	1	1249.643618171	1249.936212918	110.319	522.175	0.2926	411.856	-46.50	
951	Spectrogram 1	1	1249.753469870	1250.696275166	522.175	603.075	0.9428	80.900	-53.48	
952	Spectrogram 1	1	1251.593565724	1251.808135205	102.964	205.928	0.2146	102.964	-45.09	
953	Spectrogram 1	1	1254.896558949	1255.982410566	919.322	1492.979	1.0859	573.657	-61.29	
954	Spectrogram 1	1	1256.879701123	1257.068262183	176.510	544.239	0.1886	367.729	-43.22	
955	Spectrogram 1	1	1258.875816485	1259.142402810	95.610	191.219	0.2666	95.610	-41.94	
956	Spectrogram 1	1	1260.364798642	1260.839452343	1235.569	1743.035	0.4747	507.466	-49.26	
957	Spectrogram 1	1	1260.969494452	1261.749747111	470.693	551.593	0.7803	80.900	-47.80	
958	Spectrogram 1	1	1261.541679735	1261.704232373	169.155	463.338	0.1626	294.183	-41.95	
959	Spectrogram 1	1	1262.100860808	1262.178886073	308.892	647.203	0.0780	338.311	-40.53	
960	Spectrogram 1	1	1264.358286199	1264.858948322	205.928	272.119	0.5007	66.191	-47.72	
961	Spectrogram 1	1	1271.817878032	1273.040273864	433.920	566.302	1.2224	132.382	-52.60	
962	Spectrogram 1	1	1273.916502580	1274.560211023	1073.768	1456.206	0.6437	382.438	-56.10	
963	Spectrogram 1	1	1274.501692074	1274.872312087	1287.051	1794.517	0.3706	507.466	-53.40	
964	Spectrogram 1	1	1274.514696285	1275.158404728	448.629	514.820	0.6437	66.191	-54.36	
965	Spectrogram 1	1	1276.839545023	1277.756341897	1147.314	1522.398	0.9168	375.083	-56.28	
966	Spectrogram 1	1	1278.432560868	1278.640628243	117.673	389.793	0.2081	272.119	-41.02	
