Selection	View	Channel	Begin Time (s)	End Time (s)	Low Freq (Hz)	High Freq (Hz)	Delta Time (s)	Delta Freq (Hz)	Avg Power Density (dB FS/Hz)	Annotation
1	Spectrogram 1	1	0.249850541	1.374177973	749.272	2176.456	1.1243	1427.184	-59.25	
2	Spectrogram 1	1	2.391426603	2.962513553	624.393	1721.541	0.5711	1097.148	-53.80	
3	Spectrogram 1	1	4.907778477	5.568097763	490.595	1534.223	0.6603	1043.629	-56.50	
4	Spectrogram 1	1	8.021984996	9.467548838	668.993	1552.063	1.4456	883.070	-56.54	
5	Spectrogram 1	1	10.716791253	11.921427788	535.194	1489.624	1.2046	954.430	-57.94	
6	Spectrogram 1	1	12.822674381	13.402684565	597.633	1801.820	0.5800	1204.187	-57.82	
7	Spectrogram 1	1	13.955925048	14.419933195	606.553	1070.388	0.4640	463.835	-58.65	
8	Spectrogram 1	1	0.517547548	1.383101207	80.279	472.755	0.8656	392.476	-38.18	
9	Spectrogram 1	1	3.292673196	9.851249888	0.000	477.390	6.5586	477.390	-43.00	
10	Spectrogram 1	1	15.901177177	16.641805566	486.397	1576.287	0.7406	1089.890	-55.31	
11	Spectrogram 1	1	17.632274483	18.265824068	531.434	1188.971	0.6335	657.537	-46.74	
12	Spectrogram 1	1	19.327688866	20.755406241	675.551	2098.713	1.4277	1423.162	-62.07	
13	Spectrogram 1	1	21.415725527	23.503762188	567.463	2197.794	2.0880	1630.331	-67.60	
14	Spectrogram 1	1	24.387153068	24.913623850	612.500	1945.588	0.5265	1333.088	-70.27	
15	Spectrogram 1	1	26.466266495	26.867812007	495.404	1972.610	0.4015	1477.206	-65.87	
16	Spectrogram 1	1	27.474591891	28.134911177	540.441	1225.000	0.6603	684.559	-69.00	
17	Spectrogram 1	1	29.089697172	29.509089151	1288.051	1810.478	0.4194	522.426	-70.64	
18	Spectrogram 1	1	28.920155734	30.802958022	495.404	927.757	1.8828	432.353	-64.65	
19	Spectrogram 1	1	31.713122610	32.650062138	567.463	1720.404	0.9369	1152.941	-65.20	
20	Spectrogram 1	1	32.998068248	33.488846096	441.360	1116.912	0.4908	675.551	-60.32	
21	Spectrogram 1	1	33.640541067	34.113472447	432.353	2486.029	0.4729	2053.676	-63.29	
22	Spectrogram 1	1	34.042086578	34.425785623	414.338	981.801	0.3837	567.463	-63.75	
23	Spectrogram 1	1	35.764262007	36.540583330	495.404	1999.632	0.7763	1504.228	-63.44	
24	Spectrogram 1	1	39.369248379	40.431113177	594.485	1972.610	1.0619	1378.125	-65.06	
25	Spectrogram 1	1	42.171136327	43.411465796	432.353	1684.375	1.2403	1252.022	-64.58	
26	Spectrogram 1	1	43.598853702	44.045015381	333.272	1215.993	0.4462	882.721	-68.08	
27	Spectrogram 1	1	44.232403287	44.776720536	279.228	1089.890	0.5443	810.662	-67.20	
28	Spectrogram 1	1	46.588133127	47.194913012	495.404	1306.066	0.6068	810.662	-66.88	
29	Spectrogram 1	1	47.266298881	47.658921159	495.404	927.757	0.3926	432.353	-62.08	
30	Spectrogram 1	1	47.757076728	48.149699006	378.309	1071.875	0.3926	693.566	-64.74	
31	Spectrogram 1	1	48.676169788	50.210965967	387.316	1792.463	1.5348	1405.147	-65.89	
32	Spectrogram 1	1	51.103281830	51.995605190	387.316	909.743	0.8923	522.426	-64.69	
33	Spectrogram 1	1	52.004528423	52.691617410	396.324	810.662	0.6871	414.338	-61.97	
34	Spectrogram 1	1	52.950391184	53.807021609	378.309	1188.971	0.8566	810.662	-65.20	
35	Spectrogram 1	1	54.940272276	55.636284496	351.287	936.765	0.6960	585.478	-62.34	
36	Spectrogram 1	1	56.332296716	57.072925105	369.301	1125.919	0.7406	756.618	-63.03	
37	Spectrogram 1	1	57.162150309	58.063396902	477.390	1107.904	0.9012	630.515	-67.11	
38	Spectrogram 1	1	59.785580986	61.373916566	387.316	1981.618	1.5883	1594.301	-64.76	
39	Spectrogram 1	1	62.801631024	64.015190793	468.382	765.625	1.2136	297.243	-64.55	
40	Spectrogram 1	1	64.149039297	64.934283853	351.287	1576.287	0.7852	1225.000	-65.93	
41	Spectrogram 1	1	64.836128283	65.728451643	459.375	1062.868	0.8923	603.493	-62.77	
42	Spectrogram 1	1	66.656467937	67.120476084	441.360	1179.963	0.4640	738.603	-64.12	
43	Spectrogram 1	1	65.728451643	66.424463863	396.324	855.699	0.6960	459.375	-67.35	
44	Spectrogram 1	1	61.356067182	62.641012819	369.301	864.706	1.2849	495.404	-70.38	
45	Spectrogram 1	1	58.322167760	59.419725492	324.265	1035.846	1.0976	711.581	-68.94	
46	Spectrogram 1	1	62.944402762	64.166885764	1486.213	1990.625	1.2225	504.412	-73.69	
47	Spectrogram 1	1	67.771862886	68.226947799	261.213	1576.287	0.4551	1315.074	-63.63	
48	Spectrogram 1	1	68.262640734	69.610049006	360.294	1252.022	1.3474	891.728	-65.44	
49	Spectrogram 1	1	69.779590445	71.135921951	351.287	1044.853	1.3563	693.566	-64.56	
50	Spectrogram 1	1	71.385772492	72.287019085	324.265	1945.588	0.9012	1621.324	-67.22	
51	Spectrogram 1	1	72.063938245	72.902722203	477.390	1441.176	0.8388	963.787	-66.26	
52	Spectrogram 1	1	73.143640446	74.660590157	324.265	846.691	1.5169	522.426	-64.62	
53	Spectrogram 1	1	75.204907406	75.847380225	297.243	1747.426	0.6425	1450.184	-68.09	
54	Spectrogram 1	1	75.999075196	76.400620708	414.338	1161.949	0.4015	747.610	-62.96	
55	Spectrogram 1	1	78.194190660	79.282825159	459.375	1315.074	1.0886	855.699	-63.81	
56	Spectrogram 1	1	79.256046234	80.648070675	387.316	1053.860	1.3920	666.544	-63.61	
57	Spectrogram 1	1	80.594531273	81.228080859	1053.860	1414.154	0.6335	360.294	-69.26	
58	Spectrogram 1	1	81.834860743	84.788451063	297.243	1306.066	2.9536	1008.824	-65.89	
59	Spectrogram 1	1	85.671844261	87.572493017	270.221	891.728	1.9006	621.507	-64.57	
60	Spectrogram 1	1	89.571297342	90.392234833	369.301	864.706	0.8209	495.404	-67.03	
61	Spectrogram 1	1	90.820550045	91.561178433	360.294	990.809	0.7406	630.515	-64.59	
62	Spectrogram 1	1	87.527876849	88.464816376	315.257	990.809	0.9369	675.551	-66.19	
63	Spectrogram 1	1	93.131659139	93.970443096	360.294	756.618	0.8388	396.324	-62.66	
64	Spectrogram 1	1	94.220293637	95.014461427	315.257	1017.831	0.7942	702.574	-62.02	
65	Spectrogram 1	1	95.451699873	96.745568744	225.184	1008.824	1.2939	783.640	-64.56	
66	Spectrogram 1	1	97.048958686	98.690833668	333.272	1333.088	1.6419	999.816	-63.76	
67	Spectrogram 1	1	98.797907184	99.833002281	243.199	1161.949	1.0351	918.750	-64.86	
68	Spectrogram 1	1	102.179812716	102.831208769	270.221	1125.919	0.6514	855.699	-63.13	
69	Spectrogram 1	1	101.564109598	102.215505651	369.301	1215.993	0.6514	846.691	-65.64	
70	Spectrogram 1	1	104.910315634	105.642020788	315.257	684.559	0.7317	369.301	-59.26	
71	Spectrogram 1	1	105.695560190	106.748501754	252.206	927.757	1.0529	675.551	-61.88	
72	Spectrogram 1	1	106.775271455	107.310665470	288.235	1053.860	0.5354	765.625	-65.37	
73	Spectrogram 1	1	108.354683801	109.470088000	189.154	630.515	1.1154	441.360	-60.22	
74	Spectrogram 1	1	109.425471832	110.505183097	270.221	783.640	1.0797	513.419	-61.75	
75	Spectrogram 1	1	110.621185134	110.933498310	189.154	999.816	0.3123	810.662	-62.42	
76	Spectrogram 1	1	110.879952345	111.647350435	432.353	891.728	0.7674	459.375	-69.13	
77	Spectrogram 1	1	111.888277742	113.039374875	585.478	819.669	1.1511	234.191	-70.93	
78	Spectrogram 1	1	112.967989006	114.824021594	243.199	765.625	1.8560	522.426	-60.90	
79	Spectrogram 1	1	116.251738969	117.161908796	225.184	702.574	0.9102	477.390	-60.81	
80	Spectrogram 1	1	117.277910832	118.518240302	225.184	639.522	1.2403	414.338	-60.72	
81	Spectrogram 1	1	118.910853626	119.428401174	360.294	1206.985	0.5175	846.691	-67.60	
82	Spectrogram 1	1	119.633635547	120.838272082	261.213	729.596	1.2046	468.382	-63.43	
83	Spectrogram 1	1	121.105969090	122.542609699	252.206	801.654	1.4366	549.449	-60.35	
84	Spectrogram 1	1	123.898941205	126.076210202	315.257	1053.860	2.1773	738.603	-63.19	
85	Spectrogram 1	1	127.093452634	129.600881274	234.191	981.801	2.5074	747.610	-62.14	
86	Spectrogram 1	1	130.502127867	131.715687635	180.147	612.500	1.2136	432.353	-59.87	
87	Spectrogram 1	1	126.031587836	126.834678859	576.471	927.757	0.8031	351.287	-69.98	
88	Spectrogram 1	1	132.438461127	133.616327962	234.191	981.801	1.1779	747.610	-65.26	
89	Spectrogram 1	1	133.589558261	134.205261379	369.301	819.669	0.6157	450.368	-68.04	
90	Spectrogram 1	1	134.142798744	134.749578628	198.162	936.765	0.6068	738.603	-64.50	
91	Spectrogram 1	1	134.820964497	135.811443426	270.221	1179.963	0.9905	909.743	-64.33	
92	Spectrogram 1	1	135.757904024	136.382530376	252.206	1062.868	0.6246	810.662	-64.64	
93	Spectrogram 1	1	136.712690019	137.364086071	261.213	1062.868	0.6514	801.654	-68.45	
94	Spectrogram 1	1	137.399779006	137.970865956	288.235	882.721	0.5711	594.485	-65.37	
95	Spectrogram 1	1	138.434874103	140.326599624	189.154	549.449	1.8917	360.294	-60.15	
96	Spectrogram 1	1	141.022602740	141.682922026	180.147	477.390	0.6603	297.243	-53.40	
97	Spectrogram 1	1	141.888156398	143.431875810	225.184	675.551	1.5437	450.368	-61.56	
98	Spectrogram 1	1	144.818181248	146.278381588	180.147	599.681	1.4602	419.534	-55.65	
100	Spectrogram 1	1	146.269407414	148.212788541	189.373	599.681	1.9434	410.308	-63.08	
101	Spectrogram 1	1	148.212788541	149.171859747	236.716	583.900	0.9591	347.184	-62.44	
102	Spectrogram 1	1	149.499963054	151.001666652	126.249	504.994	1.5017	378.746	-60.17	
103	Spectrogram 1	1	151.039525723	151.519061326	47.343	473.432	0.4795	426.089	-57.19	
104	Spectrogram 1	1	151.620016190	152.768377765	142.030	599.681	1.1484	457.651	-63.25	
105	Spectrogram 1	1	152.945048777	153.676971539	126.249	568.119	0.7319	441.870	-54.85	
106	Spectrogram 1	1	154.307939437	154.926287978	200.860	563.525	0.6183	362.664	-54.12	
107	Spectrogram 1	1	155.948455298	158.283036522	178.543	597.002	2.3346	418.459	-61.21	
108	Spectrogram 1	1	158.989720569	161.046675918	145.066	535.628	2.0570	390.562	-58.49	
109	Spectrogram 1	1	160.996198486	161.210727571	161.804	563.525	0.2145	401.721	-62.70	
110	Spectrogram 1	1	163.330779710	164.668431655	172.963	490.992	1.3377	318.029	-56.76	
111	Spectrogram 1	1	165.577029828	167.040875353	150.645	412.880	1.4638	262.234	-58.09	
112	Spectrogram 1	1	164.630577981	165.450836249	340.347	585.843	0.8203	245.496	-65.28	
113	Spectrogram 1	1	166.952539847	167.974707842	172.963	496.571	1.0222	323.608	-60.38	
114	Spectrogram 1	1	168.328049865	168.807585468	200.860	546.786	0.4795	345.926	-52.77	
115	Spectrogram 1	1	169.034733912	170.132618055	223.178	608.160	1.0979	384.982	-55.53	
116	Spectrogram 1	1	170.422863288	171.911947529	172.963	530.048	1.4891	357.085	-63.72	
117	Spectrogram 1	1	172.555534785	172.959354240	217.599	518.889	0.4038	301.290	-54.52	
118	Spectrogram 1	1	173.136032585	173.994148927	0.000	446.356	0.8581	446.356	-47.57	
119	Spectrogram 1	1	173.994148927	174.839645910	22.318	524.469	0.8455	502.151	-60.01	
120	Spectrogram 1	1	174.877503984	177.136369061	0.000	507.730	2.2589	507.730	-52.23	
121	Spectrogram 1	1	177.477091726	179.420472853	156.225	585.843	1.9434	429.618	-57.05	
122	Spectrogram 1	1	177.249943282	179.912627814	0.000	189.701	2.6627	189.701	-50.73	
123	Spectrogram 1	1	179.445711569	180.278589195	200.860	479.833	0.8329	278.973	-60.97	
124	Spectrogram 1	1	180.417402133	182.045299311	0.000	407.300	1.6279	407.300	-47.12	
125	Spectrogram 1	1	181.326001956	182.600557111	167.384	507.730	1.2746	340.347	-57.37	
126	Spectrogram 1	1	182.575318395	183.711060612	0.000	602.581	1.1357	602.581	-49.73	
127	Spectrogram 1	1	184.127499425	186.398983860	0.000	502.151	2.2715	502.151	-49.59	
128	Spectrogram 1	1	186.550416155	188.228790765	167.384	591.422	1.6784	424.038	-57.06	
129	Spectrogram 1	1	188.254029481	189.654778216	189.701	535.628	1.4007	345.926	-59.50	
130	Spectrogram 1	1	190.071217029	191.371010899	195.281	557.945	1.2998	362.664	-57.74	
131	Spectrogram 1	1	194.071559901	196.216850755	0.000	608.160	2.1453	608.160	-45.69	
132	Spectrogram 1	1	192.203894921	193.806553383	0.000	451.936	1.6027	451.936	-46.76	
133	Spectrogram 1	1	196.671147642	198.311664178	0.000	507.730	1.6405	507.730	-44.14	
134	Spectrogram 1	1	199.964800072	201.214116511	0.000	468.674	1.2493	468.674	-50.54	
135	Spectrogram 1	1	198.715483633	199.788129060	0.000	368.244	1.0726	368.244	-45.53	
136	Spectrogram 1	1	201.239362010	202.312007437	0.000	530.048	1.0726	530.048	-46.58	
137	Spectrogram 1	1	204.482537008	208.154770177	0.000	703.011	3.6722	703.011	-48.34	
138	Spectrogram 1	1	208.394537978	210.628164339	0.000	546.786	2.2336	546.786	-48.39	
139	Spectrogram 1	1	202.577013955	204.167053059	83.692	418.459	1.5900	334.767	-48.35	
140	Spectrogram 1	1	211.650340401	213.618960244	0.000	490.992	1.9686	490.992	-42.89	
141	Spectrogram 1	1	215.398289717	216.836896526	100.430	530.048	1.4386	429.618	-57.06	
142	Spectrogram 1	1	217.089283685	218.515271136	630.478	1015.461	1.4260	384.982	-65.27	
143	Spectrogram 1	1	217.707632226	218.338600124	156.225	418.459	0.6310	262.234	-58.40	
144	Spectrogram 1	1	218.830755085	220.193645745	167.384	485.412	1.3629	318.029	-55.91	
145	Spectrogram 1	1	222.490376412	223.701834777	139.486	546.786	1.2115	407.300	-55.70	
146	Spectrogram 1	1	224.938531858	226.238325729	150.645	490.992	1.2998	340.347	-57.18	
147	Spectrogram 1	1	224.383280107	226.553809678	479.833	981.984	2.1705	502.151	-64.12	
148	Spectrogram 1	1	226.680003258	227.639074463	145.066	569.104	0.9591	424.038	-51.81	
149	Spectrogram 1	1	227.159538861	228.446713373	624.899	993.143	1.2872	368.244	-65.20	
150	Spectrogram 1	1	228.585526311	230.617242944	156.225	781.123	2.0317	624.899	-63.58	
151	Spectrogram 1	1	232.081094885	233.027546733	145.066	675.114	0.9465	530.048	-55.47	
152	Spectrogram 1	1	233.973998580	236.497870174	457.515	981.984	2.5239	524.469	-66.92	
153	Spectrogram 1	1	236.270721731	237.267651010	133.907	591.422	0.9969	457.515	-53.73	
154	Spectrogram 1	1	237.280270368	237.810283403	150.645	903.871	0.5300	753.226	-57.97	
155	Spectrogram 1	1	230.554152571	232.169430391	22.318	552.366	1.6153	530.048	-45.65	
156	Spectrogram 1	1	238.163628909	239.299371126	0.000	769.965	1.1357	769.965	-48.01	
157	Spectrogram 1	1	239.450803422	240.271061690	474.254	781.123	0.8203	306.870	-67.66	
158	Spectrogram 1	1	240.472971417	241.116558674	0.000	887.133	0.6436	887.133	-46.73	
159	Spectrogram 1	1	241.482520055	242.353255755	44.636	524.469	0.8707	479.833	-49.43	
160	Spectrogram 1	1	244.536404683	245.558572679	33.477	636.058	1.0222	602.581	-49.77	
161	Spectrogram 1	1	243.173514023	244.347114314	128.327	496.571	1.1736	368.244	-60.63	
162	Spectrogram 1	1	248.498890927	249.205574974	122.748	552.366	0.7067	429.618	-52.84	
163	Spectrogram 1	1	245.407148225	246.404077505	212.019	613.740	0.9969	401.721	-62.25	
164	Spectrogram 1	1	246.669084022	247.552439080	172.963	507.730	0.8834	334.767	-63.49	
165	Spectrogram 1	1	252.612801625	253.332105029	178.543	557.945	0.7193	379.403	-53.99	
166	Spectrogram 1	1	253.937834212	255.603589464	150.645	440.777	1.6658	290.132	-60.88	
167	Spectrogram 1	1	256.512183238	256.815047829	150.645	624.899	0.3029	474.254	-56.17	
168	Spectrogram 1	1	249.344387911	249.874400946	150.645	903.871	0.5300	753.226	-59.81	
169	Spectrogram 1	1	256.991720672	257.534353065	133.907	697.432	0.5426	563.525	-60.10	
170	Spectrogram 1	1	258.089604815	258.695333998	111.589	965.245	0.6057	853.656	-61.90	
171	Spectrogram 1	1	259.553450340	260.247515028	122.748	613.740	0.6941	490.992	-59.17	
172	Spectrogram 1	1	261.118250728	262.392805883	150.645	814.600	1.2746	663.955	-59.06	
173	Spectrogram 1	1	264.159518279	264.512860302	128.327	557.945	0.3533	429.618	-60.05	
174	Spectrogram 1	1	263.086872851	263.705221392	133.907	424.038	0.6183	290.132	-56.53	
175	Spectrogram 1	1	267.011493180	267.503648140	156.225	624.899	0.4922	468.674	-53.67	
176	Spectrogram 1	1	264.790486177	265.118589484	156.225	435.197	0.3281	278.973	-58.34	
177	Spectrogram 1	1	270.898255434	271.251597457	161.804	636.058	0.3533	474.254	-56.92	
178	Spectrogram 1	1	273.825946483	274.217146580	184.122	769.965	0.3912	585.843	-55.64	
179	Spectrogram 1	1	267.768654658	269.068448528	55.795	446.356	1.2998	390.562	-51.51	
180	Spectrogram 1	1	269.106306602	269.535364773	27.897	530.048	0.4291	502.151	-45.98	
181	Spectrogram 1	1	274.709304880	275.390750210	295.711	602.581	0.6814	306.870	-63.40	
182	Spectrogram 1	1	277.965099236	278.936789799	100.430	647.217	0.9717	546.786	-57.32	
183	Spectrogram 1	1	281.902338922	282.432351957	66.953	881.554	0.5300	814.600	-53.59	
184	Spectrogram 1	1	285.776484731	286.445310703	106.010	864.815	0.6688	758.806	-59.74	
185	Spectrogram 1	1	288.994421013	289.726343775	133.907	887.133	0.7319	753.226	-60.09	
186	Spectrogram 1	1	287.227710898	287.606291637	161.804	502.151	0.3786	340.347	-62.62	
187	Spectrogram 1	1	283.441903507	284.577645724	61.374	585.843	1.1357	524.469	-52.32	
188	Spectrogram 1	1	282.558548449	282.924509830	122.748	546.786	0.3660	424.038	-60.78	
189	Spectrogram 1	1	279.239657303	280.287064015	156.225	624.899	1.0474	468.674	-63.38	
190	Spectrogram 1	1	292.288078819	292.868569286	106.010	647.217	0.5805	541.207	-56.63	
191	Spectrogram 1	1	295.177911794	295.935073272	133.907	814.600	0.7572	680.693	-61.10	
192	Spectrogram 1	1	299.342299924	299.998506538	111.589	769.965	0.6562	658.376	-58.40	
193	Spectrogram 1	1	298.673473952	299.102532123	111.589	602.581	0.4291	490.992	-58.38	
194	Spectrogram 1	1	293.777163060	293.953834071	111.589	513.310	0.1767	401.721	-61.43	
195	Spectrogram 1	1	290.003975027	291.568775415	117.169	569.104	1.5648	451.936	-60.53	
196	Spectrogram 1	1	291.366865688	292.439511115	1004.302	1411.602	1.0726	407.300	-74.28	
197	Spectrogram 1	1	295.114815004	296.061266852	1060.096	1378.125	0.9465	318.029	-71.96	
198	Spectrogram 1	1	302.812627662	304.629815210	1115.891	1751.948	1.8172	636.058	-71.70	
199	Spectrogram 1	1	305.891751007	306.585815695	1389.284	1712.892	0.6941	323.608	-70.74	
200	Spectrogram 1	1	310.106616568	310.699726393	1065.676	1807.743	0.5931	742.067	-70.54	
201	Spectrogram 1	1	300.238278637	301.916653247	0.000	574.684	1.6784	574.684	-47.18	
202	Spectrogram 1	1	301.853556457	302.333092060	0.000	942.928	0.4795	942.928	-54.80	
203	Spectrogram 1	1	302.345711418	303.620266572	0.000	836.918	1.2746	836.918	-45.53	
204	Spectrogram 1	1	303.733840794	304.276473187	0.000	747.647	0.5426	747.647	-53.77	
205	Spectrogram 1	1	304.289092545	305.689841279	0.000	769.965	1.4007	769.965	-50.36	
206	Spectrogram 1	1	305.816034859	306.358667252	0.000	518.889	0.5426	518.889	-49.41	
207	Spectrogram 1	1	306.812964139	307.860370850	0.000	597.002	1.0474	597.002	-46.80	
208	Spectrogram 1	1	308.466100032	309.059209857	0.000	580.263	0.5931	580.263	-48.06	
209	Spectrogram 1	1	310.283287580	310.712345751	0.000	859.236	0.4291	859.236	-51.30	
210	Spectrogram 1	1	310.813300615	311.254978144	0.000	981.984	0.4417	981.984	-48.44	
211	Spectrogram 1	1	314.636971241	314.977693906	0.000	669.534	0.3407	669.534	-45.22	
212	Spectrogram 1	1	314.965074548	315.305797213	0.000	825.759	0.3407	825.759	-54.81	
213	Spectrogram 1	1	315.129126202	317.880146239	976.404	1885.855	2.7510	909.451	-72.09	
214	Spectrogram 1	1	313.185745074	313.665280677	2069.977	2856.680	0.4795	786.703	-75.35	
215	Spectrogram 1	1	310.409486321	310.977357430	2092.295	2817.624	0.5679	725.329	-71.08	
216	Spectrogram 1	1	321.135940595	321.615476198	2415.903	2890.157	0.4795	474.254	-74.87	
217	Spectrogram 1	1	318.965411024	320.593308202	1021.040	1768.687	1.6279	747.647	-69.26	
218	Spectrogram 1	1	317.842288165	318.195630188	0.000	663.955	0.3533	663.955	-49.70	
219	Spectrogram 1	1	315.457229509	316.189152271	0.000	524.469	0.7319	524.469	-44.45	
220	Spectrogram 1	1	322.158108590	322.776457131	122.748	981.984	0.6183	859.236	-60.34	
221	Spectrogram 1	1	321.363089038	322.107631158	128.327	970.825	0.7445	842.497	-66.30	
222	Spectrogram 1	1	325.930888551	326.662811314	0.000	703.011	0.7319	703.011	-48.33	
223	Spectrogram 1	1	325.211585147	325.514449738	72.533	703.011	0.3029	630.478	-55.74	
224	Spectrogram 1	1	327.949985826	328.909057032	133.907	658.376	0.9591	524.469	-61.17	
225	Spectrogram 1	1	329.577883004	330.044799249	89.271	892.713	0.4669	803.441	-62.09	
226	Spectrogram 1	1	330.398141272	330.890296233	217.599	691.852	0.4922	474.254	-58.72	
227	Spectrogram 1	1	326.864721041	327.192824348	117.169	663.955	0.3281	546.786	-64.24	
228	Spectrogram 1	1	327.104488843	327.432592150	100.430	424.038	0.3281	323.608	-63.12	
229	Spectrogram 1	1	324.769907618	325.085391568	100.430	552.366	0.3155	451.936	-65.03	
230	Spectrogram 1	1	323.028436219	323.242965304	212.019	552.366	0.2145	340.347	-65.80	
231	Spectrogram 1	1	331.798896240	332.303670559	89.271	809.021	0.5048	719.749	-62.13	
232	Spectrogram 1	1	333.742277367	334.221812970	206.440	636.058	0.4795	429.618	-58.96	
233	Spectrogram 1	1	337.351413746	337.856188065	89.271	714.170	0.5048	624.899	-58.44	
234	Spectrogram 1	1	340.657685534	341.111982421	117.169	703.011	0.4543	585.843	-58.71	
235	Spectrogram 1	1	340.291724153	340.581969386	139.486	613.740	0.2902	474.254	-58.34	
236	Spectrogram 1	1	339.130743220	339.395749737	94.851	652.796	0.2650	557.945	-62.86	
237	Spectrogram 1	1	338.815259271	339.130743220	122.748	546.786	0.3155	424.038	-63.04	
238	Spectrogram 1	1	339.585040107	339.875285340	184.122	703.011	0.2902	518.889	-63.21	
239	Spectrogram 1	1	335.319697113	335.950665012	117.169	619.319	0.6310	502.151	-62.66	
240	Spectrogram 1	1	334.398483982	335.193503534	5.579	608.160	0.7950	602.581	-47.64	
241	Spectrogram 1	1	327.937366285	330.322424941	1004.302	1718.472	2.3851	714.170	-69.93	
242	Spectrogram 1	1	342.045822977	342.853461887	89.271	602.581	0.8076	513.310	-58.52	
243	Spectrogram 1	1	343.181565194	343.585384649	139.486	396.141	0.4038	256.655	-57.11	
244	Spectrogram 1	1	344.140636400	344.493978423	55.795	569.104	0.3533	513.310	-54.30	
245	Spectrogram 1	1	344.393023559	344.998752742	61.374	557.945	0.6057	496.571	-52.41	
246	Spectrogram 1	1	346.260688539	347.043088733	145.066	820.180	0.7824	675.114	-63.40	
247	Spectrogram 1	1	348.153592234	349.011708576	72.533	848.077	0.8581	775.544	-52.06	
248	Spectrogram 1	1	356.002832891	356.734755653	150.645	557.945	0.7319	407.300	-54.72	
249	Spectrogram 1	1	352.847993398	353.554677445	55.795	636.058	0.7067	580.263	-50.90	
250	Spectrogram 1	1	362.741570046	363.624925104	117.169	870.395	0.8834	753.226	-58.59	
251	Spectrogram 1	1	352.898470830	354.816613242	1071.255	1807.743	1.9181	736.488	-67.10	
252	Spectrogram 1	1	355.800923163	357.088097676	853.656	1785.425	1.2872	931.769	-71.76	
253	Spectrogram 1	1	359.813878997	360.192459736	94.851	591.422	0.3786	496.571	-53.88	
254	Spectrogram 1	1	350.475554100	351.586057602	0.000	546.786	1.1105	546.786	-48.94	
255	Spectrogram 1	1	353.807064604	354.665180946	0.000	518.889	0.8581	518.889	-50.85	
256	Spectrogram 1	1	357.163813824	358.450988337	0.000	585.843	1.2872	585.843	-45.43	
257	Spectrogram 1	1	359.031478803	359.662446702	0.000	703.011	0.6310	703.011	-54.32	
258	Spectrogram 1	1	349.390289315	349.920302350	0.000	496.571	0.5300	496.571	-45.05	
259	Spectrogram 1	1	361.025341596	362.388232257	55.795	591.422	1.3629	535.628	-47.58	
260	Spectrogram 1	1	365.871175057	367.107872137	1053.257	1964.787	1.2367	911.531	-68.75	
261	Spectrogram 1	1	364.735432839	365.770220193	1023.040	1944.643	1.0348	921.603	-73.15	
262	Spectrogram 1	1	368.445524082	370.464621357	997.860	1838.885	2.0191	841.025	-72.67	
263	Spectrogram 1	1	382.781114735	384.295437691	1108.653	1919.462	1.5143	810.809	-71.88	
264	Spectrogram 1	1	371.272260267	371.802273302	70.505	851.813	0.5300	781.308	-52.37	
265	Spectrogram 1	1	367.335020581	367.713601320	75.541	634.546	0.3786	559.005	-51.01	
266	Spectrogram 1	1	364.104464941	364.811148987	156.118	423.031	0.7067	266.912	-61.36	
267	Spectrogram 1	1	365.114013578	365.921652488	156.118	1042.469	0.8076	886.350	-65.71	
268	Spectrogram 1	1	369.278401708	370.338427778	211.515	946.783	1.0600	735.268	-67.22	
269	Spectrogram 1	1	373.796131861	374.427099759	216.551	679.871	0.6310	463.319	-63.29	
270	Spectrogram 1	1	372.991213507	374.177433156	705.051	2014.432	1.1862	1309.381	-73.11	
271	Spectrogram 1	1	375.414130237	376.095575568	231.660	876.278	0.6814	644.618	-61.18	
272	Spectrogram 1	1	374.732684907	375.136504362	130.938	498.572	0.4038	367.634	-55.90	
273	Spectrogram 1	1	370.442103197	370.972116232	125.902	392.814	0.5300	266.912	-60.56	
274	Spectrogram 1	1	376.600349886	377.180840353	181.299	634.546	0.5805	453.247	-62.88	
275	Spectrogram 1	1	378.468014866	379.326131208	226.624	795.701	0.8581	569.077	-62.07	
276	Spectrogram 1	1	379.427086071	381.143318755	191.371	443.175	1.7162	251.804	-60.80	
277	Spectrogram 1	1	380.487112141	381.370467199	604.330	881.314	0.8834	276.984	-65.09	
278	Spectrogram 1	1	382.657641711	383.768145213	191.371	886.350	1.1105	694.979	-60.15	
279	Spectrogram 1	1	385.484377896	386.594881398	176.263	569.077	1.1105	392.814	-57.79	
280	Spectrogram 1	1	383.591474201	384.878648714	201.443	649.654	1.2872	448.211	-68.38	
281	Spectrogram 1	1	377.407988796	378.417537434	161.155	684.907	1.0095	523.752	-59.32	
282	Spectrogram 1	1	387.705388634	388.765414704	191.371	468.355	1.0600	276.984	-60.87	
283	Spectrogram 1	1	389.522576182	390.532124819	211.515	639.582	1.0095	428.067	-57.98	
284	Spectrogram 1	1	392.399789799	393.156951277	181.299	679.871	0.7572	498.572	-65.41	
285	Spectrogram 1	1	393.535532016	394.393648358	110.794	579.149	0.8581	468.355	-57.82	
286	Spectrogram 1	1	394.368409642	396.740848940	85.613	458.283	2.3724	372.670	-48.28	
287	Spectrogram 1	1	395.100332404	397.296100691	634.546	1002.180	2.1958	367.634	-70.06	
288	Spectrogram 1	1	398.759946215	400.324746603	629.510	1037.433	1.5648	407.923	-69.25	
289	Spectrogram 1	1	397.245623259	399.592823841	105.758	438.139	2.3472	332.381	-54.83	
290	Spectrogram 1	1	401.107146797	402.217650299	50.361	483.464	1.1105	433.103	-48.48	
291	Spectrogram 1	1	399.920927148	401.056669365	55.397	266.912	1.1357	211.515	-49.60	
292	Spectrogram 1	1	403.050527925	404.514373449	70.505	423.031	1.4638	352.526	-51.53	
293	Spectrogram 1	1	406.684906571	408.199229527	659.727	1012.252	1.5143	352.526	-67.91	
294	Spectrogram 1	1	405.221061046	406.760622719	105.758	513.680	1.5396	407.923	-50.93	
295	Spectrogram 1	1	408.754481278	410.142610654	90.649	513.680	1.3881	423.031	-58.07	
296	Spectrogram 1	1	412.085991781	412.767437112	141.010	543.897	0.6814	402.886	-51.62	
297	Spectrogram 1	1	413.146017851	414.281760068	125.902	458.283	1.1357	332.381	-58.27	
298	Spectrogram 1	1	415.392263569	416.553244502	115.830	513.680	1.1610	397.850	-54.79	
299	Spectrogram 1	1	419.506174267	420.364290609	171.227	594.257	0.8581	423.031	-54.27	
300	Spectrogram 1	1	417.007541389	418.648057925	589.221	1047.505	1.6405	458.283	-70.34	
301	Spectrogram 1	1	410.294042950	410.975488280	95.686	488.500	0.6814	392.814	-61.61	
302	Spectrogram 1	1	422.433870389	423.493896459	151.082	493.536	1.0600	342.453	-60.36	
303	Spectrogram 1	1	423.449700062	424.333055120	65.469	528.788	0.8834	463.319	-48.52	
304	Spectrogram 1	1	425.519274769	426.806449282	1606.510	2130.262	1.2872	523.752	-68.75	
305	Spectrogram 1	1	426.352152395	426.856926713	825.917	1400.030	0.5048	574.113	-69.87	
306	Spectrogram 1	1	429.582708035	430.289392081	1002.180	1470.535	0.7067	468.355	-73.55	
307	Spectrogram 1	1	428.371249670	430.390346945	1460.463	1938.891	2.0191	478.428	-75.77	
308	Spectrogram 1	1	432.485160368	433.242321846	1097.865	2009.396	0.7572	911.531	-70.75	
309	Spectrogram 1	1	425.746423212	427.159791305	171.227	483.464	1.4134	312.237	-60.62	
310	Spectrogram 1	1	424.307816404	424.762113291	20.144	669.799	0.4543	649.654	-56.09	
311	Spectrogram 1	1	424.787352007	425.796900644	458.283	720.159	1.0095	261.876	-68.90	
312	Spectrogram 1	1	427.916952783	429.557469319	166.191	961.891	1.6405	795.701	-62.95	
313	Spectrogram 1	1	429.607946751	430.238914649	201.443	951.819	0.6310	750.376	-67.73	
314	Spectrogram 1	1	430.339869513	430.794166400	171.227	659.727	0.4543	488.500	-67.31	
315	Spectrogram 1	1	430.996076127	431.929908617	216.551	543.897	0.9338	327.345	-58.48	
316	Spectrogram 1	1	431.778476321	432.131818344	518.716	987.072	0.3533	468.355	-69.02	
317	Spectrogram 1	1	434.756644802	435.816670871	80.577	805.773	1.0600	725.196	-50.57	
318	Spectrogram 1	1	436.195251610	437.785290714	513.680	1389.958	1.5900	876.278	-72.05	
319	Spectrogram 1	1	437.861006862	438.693884488	266.912	594.257	0.8329	327.345	-58.21	
320	Spectrogram 1	1	440.056775149	441.192517366	0.000	498.572	1.1357	498.572	-46.96	
321	Spectrogram 1	1	439.880104137	440.940130207	1410.102	1853.278	1.0600	443.175	-70.60	
322	Spectrogram 1	1	442.252543435	442.959227482	161.155	594.257	0.7067	433.103	-57.48	
323	Spectrogram 1	1	443.236857346	444.044496256	594.257	871.242	0.8076	276.984	-64.14	
324	Spectrogram 1	1	443.817347813	445.508341781	141.010	543.897	1.6910	402.886	-61.62	
325	Spectrogram 1	1	446.189787111	448.259361818	493.536	871.242	2.0696	377.706	-66.85	
326	Spectrogram 1	1	446.391696838	447.931258511	1158.298	1470.535	1.5396	312.237	-72.47	
327	Spectrogram 1	1	450.581323684	451.666588469	161.155	1057.577	1.0853	896.422	-56.59	
328	Spectrogram 1	1	448.890329716	450.000833217	151.082	533.825	1.1105	382.742	-60.36	
329	Spectrogram 1	1	453.786640608	454.619518234	423.031	931.675	0.8329	508.644	-64.51	
330	Spectrogram 1	1	452.827569403	453.912834188	156.118	428.067	1.0853	271.948	-63.68	
331	Spectrogram 1	1	454.972860257	456.411467066	387.778	961.891	1.4386	574.113	-65.16	
332	Spectrogram 1	1	457.925790022	459.162487103	423.031	835.989	1.2367	412.959	-68.80	
333	Spectrogram 1	1	459.086770955	459.995364729	171.227	589.221	0.9086	417.995	-57.12	
334	Spectrogram 1	1	460.929197219	461.863029708	327.345	1017.288	0.9338	689.943	-70.25	
335	Spectrogram 1	1	462.115422448	462.569719335	141.010	513.680	0.4543	372.670	-60.16	
336	Spectrogram 1	1	462.822106494	463.503551825	115.830	483.464	0.6814	367.634	-56.86	
337	Spectrogram 1	1	464.538339178	465.144068361	261.876	815.845	0.6057	553.969	-65.78	
338	Spectrogram 1	1	466.406004158	467.011733340	181.299	1002.180	0.6057	820.881	-61.01	
339	Spectrogram 1	1	467.137926920	468.425101433	392.814	1092.829	1.2872	700.015	-69.83	
340	Spectrogram 1	1	471.024689174	472.513773415	483.464	936.711	1.4891	453.247	-65.03	
341	Spectrogram 1	1	472.337102403	473.523322052	261.876	710.087	1.1862	448.211	-65.46	
342	Spectrogram 1	1	475.517180611	476.526729249	337.417	946.783	1.0095	609.366	-66.95	
343	Spectrogram 1	1	476.425774385	477.511039170	423.031	941.747	1.0853	518.716	-65.61	
344	Spectrogram 1	1	473.977618939	474.911451429	146.046	483.464	0.9338	337.417	-62.19	
345	Spectrogram 1	1	479.479659013	481.624949868	1233.840	1692.123	2.1453	458.283	-74.99	
346	Spectrogram 1	1	477.334368159	478.116768353	171.227	463.319	0.7824	292.093	-61.86	
347	Spectrogram 1	1	478.142007069	479.126316990	216.551	528.788	0.9843	312.237	-62.48	
348	Spectrogram 1	1	479.277749286	481.397801425	347.490	710.087	2.1201	362.598	-67.70	
349	Spectrogram 1	1	481.246371539	481.826862005	110.794	498.572	0.5805	387.778	-63.26	
350	Spectrogram 1	1	482.382113756	482.861649359	161.155	644.618	0.4795	483.464	-60.32	
351	Spectrogram 1	1	483.265468814	484.426449747	307.201	785.629	1.1610	478.428	-65.27	
352	Spectrogram 1	1	484.401211031	484.805030486	271.948	528.788	0.4038	256.840	-67.98	
353	Spectrogram 1	1	485.511714532	486.142682431	90.649	689.943	0.6310	599.294	-61.38	
354	Spectrogram 1	1	486.243637294	486.672695465	120.866	624.474	0.4291	503.608	-63.27	
355	Spectrogram 1	1	486.975560057	488.287973285	448.211	1037.433	1.3124	589.221	-68.32	
356	Spectrogram 1	1	486.950321341	488.313212001	130.938	287.057	1.3629	156.118	-60.37	
357	Spectrogram 1	1	488.817986320	490.206115697	518.716	911.531	1.3881	392.814	-65.94	
358	Spectrogram 1	1	488.616076593	489.297521923	80.577	508.644	0.6814	428.067	-56.31	
359	Spectrogram 1	1	490.029444685	490.710890015	151.082	689.943	0.6814	538.861	-62.57	
360	Spectrogram 1	1	491.417574062	492.376645267	307.201	584.185	0.9591	276.984	-61.84	
361	Spectrogram 1	1	490.710895089	491.417579135	75.541	221.588	0.7067	146.046	-47.51	
362	Spectrogram 1	1	491.720443726	493.007618239	50.361	251.804	1.2872	201.443	-42.16	
363	Spectrogram 1	1	495.354818821	496.061502867	292.093	548.933	0.7067	256.840	-58.90	
364	Spectrogram 1	1	498.787284189	499.493968235	382.742	755.412	0.7067	372.670	-63.31	
365	Spectrogram 1	1	494.143360456	494.597657343	85.613	513.680	0.4543	428.067	-54.29	
366	Spectrogram 1	1	495.531489833	497.045812789	120.866	317.273	1.5143	196.407	-51.30	
367	Spectrogram 1	1	494.572418627	495.783876992	1898.602	2256.164	1.2115	357.562	-69.52	
368	Spectrogram 1	1	510.725196827	511.709506749	191.371	589.221	0.9843	397.850	-60.05	
369	Spectrogram 1	1	509.135157723	510.245661224	40.289	533.825	1.1105	493.536	-52.17	
370	Spectrogram 1	1	505.955079515	508.731338268	125.902	569.077	2.7763	443.175	-61.08	
371	Spectrogram 1	1	500.856858896	502.674046443	105.758	634.546	1.8172	528.788	-60.18	
372	Spectrogram 1	1	516.706772505	517.539650130	166.191	372.670	0.8329	206.479	-59.23	
373	Spectrogram 1	1	513.223829705	514.940062389	75.541	458.283	1.7162	382.742	-46.03	
374	Spectrogram 1	1	295.923995220	298.094524791	135.974	428.067	2.1705	292.093	-59.48	
375	Spectrogram 1	1	280.099320327	281.512688420	65.469	866.206	1.4134	800.737	-52.45	
376	Spectrogram 1	1	287.443786665	289.589077520	1289.237	1807.953	2.1453	518.716	-68.33	
377	Spectrogram 1	1	294.359194832	294.838730435	241.732	664.763	0.4795	423.031	-65.24	
378	Spectrogram 1	1	518.403423410	519.084868740	166.191	443.175	0.6814	276.984	-59.56	
379	Spectrogram 1	1	518.024842671	518.403423410	1354.706	2074.865	0.3786	720.159	-72.13	
380	Spectrogram 1	1	520.422520685	521.179682163	1601.474	2044.649	0.7572	443.175	-71.39	
381	Spectrogram 1	1	530.063710173	531.401362118	468.355	770.520	1.3377	302.165	-62.62	
382	Spectrogram 1	1	533.369981961	534.430008030	423.031	790.665	1.0600	367.634	-60.13	
383	Spectrogram 1	1	537.332460363	538.720589740	453.247	765.484	1.3881	312.237	-57.85	
384	Spectrogram 1	1	523.854986052	524.662624962	231.660	503.608	0.8076	271.948	-61.38	
385	Spectrogram 1	1	531.880897720	532.739014062	171.227	402.886	0.8581	231.660	-53.12	
386	Spectrogram 1	1	535.919092270	536.751969896	151.082	513.680	0.8329	362.598	-59.97	
387	Spectrogram 1	1	519.110107456	521.331114458	151.082	392.814	2.2210	241.732	-60.36	
388	Spectrogram 1	1	522.668766403	523.249256870	105.758	443.175	0.5805	337.417	-59.98	
389	Spectrogram 1	1	526.025515623	526.833154533	50.361	503.608	0.8076	453.247	-55.89	
390	Spectrogram 1	1	525.167399281	526.101231771	95.686	261.876	0.9338	166.191	-58.01	
391	Spectrogram 1	1	538.190580498	538.897264544	55.397	423.031	0.7067	367.634	-55.36	
392	Spectrogram 1	1	540.260155205	542.960697810	428.067	815.845	2.7005	387.778	-62.84	
393	Spectrogram 1	1	539.856335750	541.017316683	135.974	307.201	1.1610	171.227	-57.05	
394	Spectrogram 1	1	541.244465126	541.774478161	45.325	206.479	0.5300	161.155	-47.42	
395	Spectrogram 1	1	542.127820184	542.657833219	35.253	428.067	0.5300	392.814	-44.74	
396	Spectrogram 1	1	542.758788082	543.490710845	125.902	468.355	0.7319	342.453	-54.62	
397	Spectrogram 1	1	544.071201311	545.282659676	347.490	800.737	1.2115	453.247	-60.66	
398	Spectrogram 1	1	547.629860258	550.178970568	372.670	694.979	2.5491	322.309	-61.41	
399	Spectrogram 1	1	546.468879325	547.377473099	221.588	1012.252	0.9086	790.665	-58.38	
400	Spectrogram 1	1	545.938866291	547.175563371	15.108	221.588	1.2367	206.479	-48.74	
401	Spectrogram 1	1	550.027540993	550.835179903	171.227	715.123	0.8076	543.897	-58.54	
402	Spectrogram 1	1	550.910896051	552.601890019	256.840	669.799	1.6910	412.959	-61.67	
403	Spectrogram 1	1	552.702844883	553.359051497	65.469	468.355	0.6562	402.886	-51.57	
404	Spectrogram 1	1	553.687154804	555.882923091	181.299	543.897	2.1958	362.598	-58.61	
405	Spectrogram 1	1	556.816755581	557.523439627	191.371	463.319	0.7067	271.948	-55.28	
406	Spectrogram 1	1	557.372007331	557.801065502	95.686	785.629	0.4291	689.943	-60.09	
407	Spectrogram 1	1	557.750588070	559.921117641	302.165	599.294	2.1705	297.129	-60.62	
408	Spectrogram 1	1	561.410201881	563.555492736	135.974	574.113	2.1453	438.139	-55.41	
409	Spectrogram 1	1	565.120293124	567.341300127	166.191	488.500	2.2210	322.309	-58.12	
410	Spectrogram 1	1	567.820839522	569.663265786	171.227	518.716	1.8424	347.490	-60.21	
411	Spectrogram 1	1	571.909511504	572.540479403	90.649	347.490	0.6310	256.840	-60.12	
412	Spectrogram 1	1	574.887679985	575.771035043	201.443	478.428	0.8834	276.984	-54.95	
413	Spectrogram 1	1	576.326286793	577.638700022	156.118	463.319	1.3124	307.201	-57.39	
414	Spectrogram 1	1	579.708274729	580.515913639	478.428	800.737	0.8076	322.309	-63.80	
415	Spectrogram 1	1	580.137332900	581.096404105	206.479	523.752	0.9591	317.273	-53.18	
416	Spectrogram 1	1	581.323552549	582.661204494	50.361	352.526	1.3377	302.165	-46.41	
417	Spectrogram 1	1	583.090262665	584.301721030	125.902	392.814	1.2115	266.912	-57.64	
418	Spectrogram 1	1	584.251243598	584.932688928	186.335	528.788	0.6814	342.453	-57.37	
419	Spectrogram 1	1	585.437463247	588.011812272	135.974	533.825	2.5743	397.850	-56.71	
420	Spectrogram 1	1	588.895171827	589.601855873	171.227	493.536	0.7067	322.309	-55.70	
421	Spectrogram 1	1	589.652333305	590.636643226	176.263	483.464	0.9843	307.201	-55.87	
422	Spectrogram 1	1	590.333778635	592.807172797	347.490	987.072	2.4734	639.582	-61.80	
423	Spectrogram 1	1	594.069108594	597.552051393	412.959	1022.324	3.4829	609.366	-59.40	
424	Spectrogram 1	1	592.933366377	593.665289139	130.938	488.500	0.7319	357.562	-58.35	
425	Spectrogram 1	1	593.892437582	595.785341278	10.072	347.490	1.8929	337.417	-43.49	
426	Spectrogram 1	1	595.684386414	597.173470654	191.371	397.850	1.4891	206.479	-55.07	
427	Spectrogram 1	1	597.526812677	598.334451587	141.010	493.536	0.8076	352.526	-54.15	
428	Spectrogram 1	1	599.444955089	600.908800613	125.902	412.959	1.4638	287.057	-55.22	
429	Spectrogram 1	1	600.580697306	601.766916955	352.526	1354.706	1.1862	1002.180	-63.55	
430	Spectrogram 1	1	605.451769482	606.107976096	15.108	488.500	0.6562	473.392	-51.65	
431	Spectrogram 1	1	603.937446526	605.174143607	0.000	402.886	1.2367	402.886	-45.21	
432	Spectrogram 1	1	608.959950997	610.449035238	176.263	508.644	1.4891	332.381	-57.18	
433	Spectrogram 1	1	611.382868845	613.073862812	50.361	423.031	1.6910	372.670	-50.58	
434	Spectrogram 1	1	612.493372346	614.285321177	528.788	901.458	1.7919	372.670	-60.38	
435	Spectrogram 1	1	616.127747441	617.465399386	523.752	931.675	1.3377	407.923	-58.86	
436	Spectrogram 1	1	614.613424485	615.951076429	181.299	513.680	1.3377	332.381	-55.52	
437	Spectrogram 1	1	618.373993159	619.787361252	151.082	433.103	1.4134	282.020	-61.57	
438	Spectrogram 1	1	619.635928956	621.251206776	533.825	896.422	1.6153	362.598	-67.28	
439	Spectrogram 1	1	621.276445492	622.311232846	412.959	1238.876	1.0348	825.917	-64.24	
440	Spectrogram 1	1	623.093636521	625.415598388	438.139	856.134	2.3220	417.995	-66.47	
441	Spectrogram 1	1	623.648888272	625.163211228	171.227	402.886	1.5143	231.660	-58.07	
442	Spectrogram 1	1	627.535650527	629.706180097	513.680	866.206	2.1705	352.526	-64.02	
443	Spectrogram 1	1	631.977664532	633.340555192	1158.298	1964.071	1.3629	805.773	-67.46	
444	Spectrogram 1	1	635.157742740	636.924452855	1082.757	2074.865	1.7667	992.108	-65.87	
445	Spectrogram 1	1	640.356918223	641.745047599	1112.974	1984.216	1.3881	871.242	-65.62	
446	Spectrogram 1	1	633.441510056	634.728684569	559.005	861.170	1.2872	302.165	-63.82	
447	Spectrogram 1	1	631.170025622	633.062929317	151.082	453.247	1.8929	302.165	-53.88	
448	Spectrogram 1	1	628.721870176	630.690490019	120.866	412.959	1.9686	292.093	-54.31	
449	Spectrogram 1	1	627.258024651	628.191857141	130.938	423.031	0.9338	292.093	-60.23	
450	Spectrogram 1	1	635.233458888	636.470155968	141.010	468.355	1.2367	327.345	-57.87	
451	Spectrogram 1	1	638.691167917	640.003581146	584.185	835.989	1.3124	251.804	-66.74	
452	Spectrogram 1	1	637.681619280	639.397851964	90.649	498.572	1.7162	407.923	-56.86	
453	Spectrogram 1	1	640.457878033	641.719813830	211.515	866.206	1.2619	654.690	-65.04	
454	Spectrogram 1	1	642.022678421	645.530859937	483.464	901.458	3.5082	417.995	-66.28	
455	Spectrogram 1	1	643.234136786	644.773698458	115.830	473.392	1.5396	357.562	-61.62	
456	Spectrogram 1	1	646.237543983	647.120899041	171.227	503.608	0.8834	332.381	-61.69	
457	Spectrogram 1	1	647.120899041	649.695248066	367.634	992.108	2.5743	624.474	-64.97	
458	Spectrogram 1	1	653.329623161	655.247765573	1133.118	2442.499	1.9181	1309.381	-67.08	
459	Spectrogram 1	1	656.307791642	658.680230940	1178.443	2336.741	2.3724	1158.298	-66.87	
460	Spectrogram 1	1	653.026758570	654.970139697	478.428	835.989	1.9434	357.562	-64.68	
461	Spectrogram 1	1	651.714345341	652.320074524	100.722	916.567	0.6057	815.845	-65.32	
462	Spectrogram 1	1	656.762092334	658.352131438	594.257	901.458	1.5900	307.201	-69.58	
463	Spectrogram 1	1	659.033576768	661.027435327	538.861	941.747	1.9939	402.886	-70.04	
464	Spectrogram 1	1	658.781189609	660.396467429	80.577	498.572	1.6153	417.995	-49.32	
465	Spectrogram 1	1	656.938763345	658.478325018	176.263	569.077	1.5396	392.814	-65.09	
466	Spectrogram 1	1	654.742995059	655.676827548	80.577	710.087	0.9338	629.510	-54.69	
467	Spectrogram 1	1	655.903975992	656.358272879	141.010	795.701	0.4543	654.690	-67.65	
468	Spectrogram 1	1	660.951719179	662.566996999	1097.865	2608.690	1.6153	1510.824	-67.01	
469	Spectrogram 1	1	661.557448362	664.131797388	161.155	528.788	2.5743	367.634	-56.19	
470	Spectrogram 1	1	662.036983965	663.122248750	589.221	891.386	1.0853	302.165	-69.58	
471	Spectrogram 1	1	663.652261785	664.384184547	589.221	946.783	0.7319	357.562	-69.09	
472	Spectrogram 1	1	667.791411199	669.886224621	423.031	946.783	2.0948	523.752	-64.48	
473	Spectrogram 1	1	671.173399134	672.914870534	458.283	861.170	1.7415	402.886	-63.80	
474	Spectrogram 1	1	673.419644853	675.211593684	1092.829	2034.576	1.7919	941.747	-65.59	
475	Spectrogram 1	1	676.776399526	678.038335323	503.608	861.170	1.2619	357.562	-66.44	
476	Spectrogram 1	1	676.322102639	677.735470732	1158.298	1989.252	1.4134	830.953	-65.03	
477	Spectrogram 1	1	677.886903027	679.174077540	1193.551	2044.649	1.2872	851.098	-65.63	
478	Spectrogram 1	1	681.571755554	682.808452635	1208.659	2205.803	1.2367	997.144	-63.55	
479	Spectrogram 1	1	681.748426566	683.489897966	528.788	951.819	1.7415	423.031	-67.76	
480	Spectrogram 1	1	678.088812755	679.476942131	599.294	971.963	1.3881	372.670	-68.00	
481	Spectrogram 1	1	686.644737458	687.603808663	574.113	951.819	0.9591	377.706	-68.37	
482	Spectrogram 1	1	691.212945042	692.853461578	594.257	815.845	1.6405	221.588	-63.41	
483	Spectrogram 1	1	694.165874807	695.528765468	533.825	891.386	1.3629	357.562	-63.85	
484	Spectrogram 1	1	676.725923109	677.432607155	156.118	453.247	0.7067	297.129	-62.95	
485	Spectrogram 1	1	688.159061429	689.294803646	171.227	327.345	1.1357	156.118	-62.70	
486	Spectrogram 1	1	692.348688274	692.979656173	115.830	362.598	0.6310	246.768	-65.57	
487	Spectrogram 1	1	697.699296053	698.910754418	523.752	936.711	1.2115	412.959	-65.80	
488	Spectrogram 1	1	699.466006169	700.475554806	473.392	876.278	1.0095	402.886	-65.66	
489	Spectrogram 1	1	696.336405393	698.153592940	1253.984	2266.236	1.8172	1012.252	-65.84	
490	Spectrogram 1	1	699.566966740	700.828902537	1138.154	1863.350	1.2619	725.196	-68.05	
491	Spectrogram 1	1	701.157005844	702.090838334	1128.082	1787.808	0.9338	659.727	-65.80	
492	Spectrogram 1	1	704.109935609	705.069006814	1022.324	1818.025	0.9591	795.701	-66.13	
493	Spectrogram 1	1	709.182917512	710.621524321	1012.252	1913.711	1.4386	901.458	-66.49	
494	Spectrogram 1	1	711.176776071	712.716337743	1208.659	2105.082	1.5396	896.422	-68.54	
495	Spectrogram 1	1	713.448260506	714.760673734	1012.252	1818.025	1.3124	805.773	-68.33	
496	Spectrogram 1	1	720.287952525	721.978946493	1092.829	2246.092	1.6910	1153.262	-65.99	
497	Spectrogram 1	1	715.871177236	716.451667702	971.963	1838.169	0.5805	866.206	-69.05	
498	Spectrogram 1	1	719.076494160	720.035565365	151.082	760.448	0.9591	609.366	-59.30	
499	Spectrogram 1	1	718.193139102	719.000778012	70.505	881.314	0.8076	810.809	-56.38	
500	Spectrogram 1	1	717.107874317	717.789319647	115.830	971.963	0.6814	856.134	-61.24	
501	Spectrogram 1	1	720.590817116	721.171307583	80.577	911.531	0.5805	830.953	-50.17	
502	Spectrogram 1	1	723.064216605	724.124242674	1146.657	1780.523	1.0600	633.866	-66.30	
503	Spectrogram 1	1	724.528062129	726.017146370	1046.948	2471.366	1.4891	1424.419	-69.88	
504	Spectrogram 1	1	727.607185474	728.995314850	883.140	2506.977	1.3881	1623.837	-67.72	
505	Spectrogram 1	1	730.080579636	732.831599673	1139.535	2407.267	2.7510	1267.733	-72.19	
506	Spectrogram 1	1	732.680167377	734.396400061	1025.581	2279.070	1.7162	1253.488	-72.40	
507	Spectrogram 1	1	735.103084107	735.658335858	1018.459	2150.872	0.5553	1132.413	-70.94	
508	Spectrogram 1	1	740.680840329	742.548505309	982.849	2336.047	1.8677	1353.198	-66.15	
509	Spectrogram 1	1	743.936634685	744.946183323	1125.291	2101.017	1.0095	975.727	-66.40	
510	Spectrogram 1	1	730.383444227	731.519186444	149.564	462.936	1.1357	313.372	-56.15	
511	Spectrogram 1	1	744.592841300	745.703344801	113.953	356.105	1.1105	242.151	-58.67	
512	Spectrogram 1	1	745.602395898	746.965286559	854.651	2136.628	1.3629	1281.977	-65.18	
513	Spectrogram 1	1	749.312487141	750.473468074	669.477	2058.285	1.1610	1388.808	-67.07	
514	Spectrogram 1	1	752.442087917	754.158320601	697.965	1979.942	1.7162	1281.977	-64.80	
515	Spectrogram 1	1	755.344540250	756.783147059	754.942	2336.047	1.4386	1581.105	-68.09	
516	Spectrogram 1	1	756.959818070	758.524618458	861.773	2051.163	1.5648	1189.390	-64.12	
517	Spectrogram 1	1	759.180825073	760.190373710	662.355	1809.012	1.0095	1146.657	-62.25	
518	Spectrogram 1	1	760.846580325	761.553264371	648.110	1887.355	0.7067	1239.244	-66.41	
519	Spectrogram 1	1	761.376593359	762.537574293	505.669	1011.337	1.1610	505.669	-69.94	
520	Spectrogram 1	1	763.042348611	763.900464953	555.523	1830.378	0.8581	1274.855	-67.26	
521	Spectrogram 1	1	765.667175069	766.954349582	612.500	1873.110	1.2872	1260.610	-64.22	
522	Spectrogram 1	1	766.752439854	767.787227208	576.890	911.628	1.0348	334.738	-65.90	
523	Spectrogram 1	1	768.342478958	769.907279346	840.407	2421.512	1.5648	1581.105	-70.32	
524	Spectrogram 1	1	769.276317282	770.487775647	434.448	904.506	1.2115	470.058	-69.37	
525	Spectrogram 1	1	770.916833818	771.901143740	534.157	2093.895	0.9843	1559.738	-67.72	
526	Spectrogram 1	1	773.743570003	774.980267084	605.378	2229.215	1.2367	1623.837	-68.98	
527	Spectrogram 1	1	777.049841791	779.346564941	619.622	1403.052	2.2967	783.430	-65.26	
528	Spectrogram 1	1	779.674668248	781.693765524	455.814	1609.593	2.0191	1153.779	-65.88	
529	Spectrogram 1	1	781.390900932	783.258565912	142.442	1951.453	1.8677	1809.012	-66.39	
530	Spectrogram 1	1	783.965249958	784.949559879	562.645	2122.384	0.9843	1559.738	-69.71	
531	Spectrogram 1	1	783.056656184	783.940011242	427.326	1032.703	0.8834	605.378	-67.93	
532	Spectrogram 1	1	784.848605016	785.832914937	135.320	982.849	0.9843	847.529	-65.97	
533	Spectrogram 1	1	786.564837699	787.852012212	448.692	1901.599	1.2872	1452.907	-67.16	
534	Spectrogram 1	1	788.180120593	789.139191798	163.808	776.308	0.9591	612.500	-66.24	
535	Spectrogram 1	1	789.214907946	792.066882847	427.326	1723.547	2.8520	1296.221	-67.86	
536	Spectrogram 1	1	792.294031291	794.641231873	491.424	1809.012	2.3472	1317.587	-66.03	
537	Spectrogram 1	1	794.565515725	795.877928954	313.372	1844.622	1.3124	1531.250	-69.00	
538	Spectrogram 1	1	796.837000159	798.250368252	455.814	1908.721	1.4134	1452.907	-67.60	
539	Spectrogram 1	1	799.184200742	801.329491596	427.326	1460.029	2.1453	1032.703	-64.45	
540	Spectrogram 1	1	803.752408326	804.787195680	605.378	1630.959	1.0348	1025.581	-66.19	
541	Spectrogram 1	1	801.632356188	803.222395292	348.983	868.895	1.5900	519.913	-63.10	
542	Spectrogram 1	1	805.620073306	807.184873694	505.669	1460.029	1.5648	954.360	-60.78	
543	Spectrogram 1	1	807.916796456	810.238758322	420.203	1210.756	2.3220	790.552	-60.75	
544	Spectrogram 1	1	811.500699066	814.504106262	512.791	1153.779	3.0034	640.988	-60.13	
545	Spectrogram 1	1	815.160312877	816.851306844	484.302	1032.703	1.6910	548.401	-55.22	
546	Spectrogram 1	1	816.775590697	818.441345948	413.081	1566.860	1.6658	1153.779	-59.63	
547	Spectrogram 1	1	819.097552563	820.359488360	441.570	1189.390	1.2619	747.820	-55.93	
548	Spectrogram 1	1	822.530017930	823.615282716	391.715	1417.297	1.0853	1025.581	-56.91	
549	Spectrogram 1	1	825.533425127	828.057296721	455.814	1481.395	2.5239	1025.581	-56.33	
550	Spectrogram 1	1	828.738742051	831.161658781	327.616	1581.105	2.4229	1253.488	-59.77	
551	Spectrogram 1	1	833.306954582	834.644606527	398.837	2029.797	1.3377	1630.959	-56.93	
552	Spectrogram 1	1	836.411316643	839.061381816	363.227	1032.703	2.6501	669.477	-55.77	
553	Spectrogram 1	1	839.742827146	841.963834149	292.006	1851.744	2.2210	1559.738	-59.69	
554	Spectrogram 1	1	844.740092902	845.926312551	462.936	1253.488	1.1862	790.552	-56.35	
555	Spectrogram 1	1	842.317176172	843.629589401	327.616	1168.023	1.3124	840.407	-66.48	
556	Spectrogram 1	1	834.695083959	836.537510222	341.860	683.721	1.8424	341.860	-65.02	
557	Spectrogram 1	1	846.052506131	847.137770916	227.907	519.913	1.0853	292.006	-63.33	
558	Spectrogram 1	1	847.390158075	850.191655545	292.006	819.041	2.8015	527.035	-56.21	
559	Spectrogram 1	1	850.267377273	852.766010151	220.785	1039.826	2.4986	819.041	-57.42	
560	Spectrogram 1	1	855.188926881	856.274191666	327.616	1018.459	1.0853	690.843	-56.94	
561	Spectrogram 1	1	858.520437385	860.791921819	327.616	982.849	2.2715	655.233	-57.32	
562	Spectrogram 1	1	861.750993025	864.401058198	327.616	1225.000	2.6501	897.384	-59.98	
563	Spectrogram 1	1	866.975407224	868.035433293	327.616	1054.070	1.0600	726.453	-58.25	
564	Spectrogram 1	1	869.171175510	871.846479400	320.494	1004.215	2.6753	683.721	-58.14	
565	Spectrogram 1	1	872.401736097	875.405143293	384.593	1452.907	3.0034	1068.314	-59.24	
566	Spectrogram 1	1	877.651389012	879.089995820	292.006	1068.314	1.4386	776.308	-59.03	
567	Spectrogram 1	1	881.008138232	882.951519359	313.372	783.430	1.9434	470.058	-55.89	
568	Spectrogram 1	1	884.289171303	886.434462158	213.663	754.942	2.1453	541.279	-55.42	
569	Spectrogram 1	1	882.951519359	884.364887451	99.709	655.233	1.4134	555.523	-56.54	
570	Spectrogram 1	1	888.756424024	889.866927526	170.930	1046.948	1.1105	876.017	-56.73	
571	Spectrogram 1	1	890.598850288	893.501302621	156.686	968.605	2.9025	811.919	-58.32	
572	Spectrogram 1	1	894.738005409	896.227089649	270.640	1054.070	1.4891	783.430	-55.66	
573	Spectrogram 1	1	901.274832837	903.521078555	121.076	705.087	2.2462	584.012	-52.74	
574	Spectrogram 1	1	902.890110657	906.221621161	227.907	1054.070	3.3315	826.163	-58.58	
575	Spectrogram 1	1	906.070188865	906.877827775	178.052	1132.413	0.8076	954.360	-59.87	
576	Spectrogram 1	1	906.953543923	907.609750537	178.052	498.547	0.6562	320.494	-55.48	
577	Spectrogram 1	1	908.896925050	910.057905983	156.686	1039.826	1.1610	883.140	-57.77	
578	Spectrogram 1	1	911.950809679	914.348487693	156.686	826.163	2.3977	669.477	-57.59	
579	Spectrogram 1	1	915.029937589	916.948080000	128.198	584.012	1.9181	455.814	-56.65	
580	Spectrogram 1	1	920.102919492	921.465810153	199.419	712.209	1.3629	512.791	-55.74	
581	Spectrogram 1	1	922.828700814	924.166352758	170.930	655.233	1.3377	484.302	-56.51	
582	Spectrogram 1	1	916.821886420	917.780957626	227.907	797.674	0.9591	569.767	-60.17	
583	Spectrogram 1	1	925.731153147	927.497863262	113.953	932.994	1.7667	819.041	-57.30	
584	Spectrogram 1	1	924.141114042	924.645888361	178.052	1004.215	0.5048	826.163	-59.94	
585	Spectrogram 1	1	927.295953535	927.901682717	135.320	989.971	0.6057	854.651	-60.16	
586	Spectrogram 1	1	929.012186218	929.769347697	163.808	548.401	0.7572	384.593	-56.44	
587	Spectrogram 1	1	930.122689720	931.308909369	206.541	940.116	1.1862	733.576	-59.73	
588	Spectrogram 1	1	932.848475861	934.943289283	206.541	612.500	2.0948	405.959	-56.30	
589	Spectrogram 1	1	936.709999399	938.325277219	163.808	584.012	1.6153	420.203	-54.13	
590	Spectrogram 1	1	940.495806790	941.984891030	178.052	569.767	1.4891	391.715	-56.66	
591	Spectrogram 1	1	943.347781691	945.543549977	163.808	584.012	2.1958	420.203	-55.47	
592	Spectrogram 1	1	946.679292194	948.168376435	170.930	498.547	1.4891	327.616	-56.17	
593	Spectrogram 1	1	948.647912038	949.304118652	156.686	519.913	0.6562	363.227	-58.06	
594	Spectrogram 1	1	931.763211075	932.848475861	156.686	477.180	1.0853	320.494	-55.24	
595	Spectrogram 1	1	950.288433647	951.550369444	113.953	491.424	1.2619	377.471	-54.43	
596	Spectrogram 1	1	951.928950183	953.140408548	170.930	619.622	1.2115	448.692	-57.41	
597	Spectrogram 1	1	953.594705435	955.058550959	163.808	605.378	1.4638	441.570	-59.34	
598	Spectrogram 1	1	955.487609130	956.320486756	113.953	626.744	0.8329	512.791	-57.20	
599	Spectrogram 1	1	956.774783643	958.415300179	156.686	541.279	1.6405	384.593	-55.63	
600	Spectrogram 1	1	959.803429555	960.459636170	170.930	584.012	0.6562	413.081	-54.20	
601	Spectrogram 1	1	961.040126636	961.948720410	185.174	541.279	0.9086	356.105	-56.18	
602	Spectrogram 1	1	962.251585001	963.715430526	128.198	626.744	1.4638	498.547	-57.33	
603	Spectrogram 1	1	964.523069436	965.885960096	170.930	541.279	1.3629	370.349	-54.11	
604	Spectrogram 1	1	965.936437528	967.450760484	185.174	562.645	1.5143	377.471	-56.65	
605	Spectrogram 1	1	967.753628881	969.469861564	128.198	441.570	1.7162	313.372	-58.83	
606	Spectrogram 1	1	970.428932770	971.261810396	185.174	612.500	0.8329	427.326	-52.79	
607	Spectrogram 1	1	971.842300862	973.609010978	163.808	420.203	1.7667	256.395	-53.01	
608	Spectrogram 1	1	974.366172456	975.224288798	206.541	605.378	0.8581	398.837	-51.68	
609	Spectrogram 1	1	978.328650859	979.111051053	235.029	591.134	0.7824	356.105	-51.50	
610	Spectrogram 1	1	982.291129261	983.452110194	242.151	648.110	1.1610	405.959	-52.90	
611	Spectrogram 1	1	983.654019921	984.310226536	491.424	883.140	0.6562	391.715	-61.14	
612	Spectrogram 1	1	980.877761168	981.609683930	1310.465	1858.866	0.7319	548.401	-69.83	
613	Spectrogram 1	1	971.287049112	972.498507477	1296.221	1994.186	1.2115	697.965	-69.72	
614	Spectrogram 1	1	966.668364095	968.636983938	1239.244	1922.965	1.9686	683.721	-70.24	
615	Spectrogram 1	1	980.600135293	981.811593658	113.953	455.814	1.2115	341.860	-54.20	
616	Spectrogram 1	1	975.148572650	975.981450276	698.349	1181.250	0.8329	482.901	-68.11	
617	Spectrogram 1	1	976.839566618	977.798637824	943.514	1218.396	0.9591	274.882	-67.78	
618	Spectrogram 1	1	978.631515450	980.953477316	846.934	1188.679	2.3220	341.745	-69.54	
619	Spectrogram 1	1	969.797964872	970.403694054	824.646	1255.542	0.6057	430.896	-68.44	
620	Spectrogram 1	1	964.674505536	965.961680049	898.939	1240.684	1.2872	341.745	-66.23	
621	Spectrogram 1	1	987.086485289	987.944601631	401.179	965.802	0.8581	564.623	-64.50	
622	Spectrogram 1	1	985.698355912	987.793169335	133.726	601.769	2.0948	468.042	-56.13	
623	Spectrogram 1	1	992.487575288	994.229046687	1188.679	1879.599	1.7415	690.920	-69.36	
624	Spectrogram 1	1	990.796581320	992.184710696	237.736	742.925	1.3881	505.189	-56.84	
625	Spectrogram 1	1	994.683343574	995.920040655	245.165	802.358	1.2367	557.193	-59.53	
626	Spectrogram 1	1	992.664246299	993.875704664	156.014	505.189	1.2115	349.175	-54.83	
627	Spectrogram 1	1	998.242002522	999.226312443	260.024	735.495	0.9843	475.472	-52.60	
628	Spectrogram 1	1	1005.864094735	1007.403656407	1248.113	1916.745	1.5396	668.632	-66.02	
629	Spectrogram 1	1	1010.104199012	1011.366134809	1307.547	1946.462	1.2619	638.915	-63.14	
630	Spectrogram 1	1	1008.589876056	1010.608973331	163.443	609.198	2.0191	445.755	-55.85	
631	Spectrogram 1	1	1001.825900185	1002.911164970	260.024	586.910	1.0853	326.887	-52.50	
632	Spectrogram 1	1	1004.955500961	1007.050314384	222.877	549.764	2.0948	326.887	-55.34	
633	Spectrogram 1	1	1012.249494548	1013.763817504	185.731	534.906	1.5143	349.175	-56.15	
634	Spectrogram 1	1	1014.520978982	1015.177185596	156.014	616.627	0.6562	460.613	-55.68	
635	Spectrogram 1	1	1016.237211666	1017.271999019	163.443	534.906	1.0348	371.462	-54.56	
636	Spectrogram 1	1	1018.533934816	1020.452077227	1084.670	2035.613	1.9181	950.943	-63.09	
637	Spectrogram 1	1	1021.663535592	1023.935020027	1144.104	1820.165	2.2715	676.061	-60.57	
638	Spectrogram 1	1	1017.877728202	1018.912515555	133.726	475.472	1.0348	341.745	-53.58	
639	Spectrogram 1	1	1019.114425283	1020.401599796	170.873	527.476	1.2872	356.604	-56.33	
640	Spectrogram 1	1	1021.512103297	1022.445935787	163.443	475.472	0.9338	312.028	-54.07	
641	Spectrogram 1	1	1023.480723140	1024.944568664	133.726	527.476	1.4638	393.750	-52.21	
642	Spectrogram 1	1	1031.557112240	1032.566660878	572.052	884.080	1.0095	312.028	-64.72	
643	Spectrogram 1	1	1029.538014965	1030.724234614	126.297	468.042	1.1862	341.745	-53.26	
644	Spectrogram 1	1	1033.071435196	1034.434325857	661.203	1352.123	1.3629	690.920	-65.58	
645	Spectrogram 1	1	1033.651926756	1034.535281814	200.590	482.901	0.8834	282.311	-52.60	
646	Spectrogram 1	1	1035.544830451	1037.059153408	705.778	1010.377	1.5143	304.599	-62.61	
647	Spectrogram 1	1	1036.453424225	1037.614405158	111.439	408.608	1.1610	297.170	-51.52	
648	Spectrogram 1	1	1039.759696013	1041.198302821	141.156	460.613	1.4386	319.458	-52.47	
649	Spectrogram 1	1	1040.113038036	1040.870199514	594.340	1701.297	0.7572	1106.958	-62.28	
650	Spectrogram 1	1	1045.716032974	1047.407026942	668.632	1054.953	1.6910	386.321	-65.38	
651	Spectrogram 1	1	1044.883155348	1045.589839395	208.019	475.472	0.7067	267.453	-50.82	
652	Spectrogram 1	1	1045.589839395	1046.523671884	200.590	505.189	0.9338	304.599	-54.33	
653	Spectrogram 1	1	1046.473194452	1047.356549510	118.868	520.047	0.8834	401.179	-57.99	
654	Spectrogram 1	1	1041.703077140	1042.662148346	193.160	475.472	0.9591	282.311	-54.32	
655	Spectrogram 1	1	1037.614405158	1038.018224613	215.448	468.042	0.4038	252.594	-51.00	
656	Spectrogram 1	1	1048.618485307	1049.602795229	185.731	482.901	0.9843	297.170	-54.36	
657	Spectrogram 1	1	1049.375646785	1050.940447173	624.057	1002.948	1.5648	378.892	-58.62	
658	Spectrogram 1	1	1050.031853400	1050.965685889	200.590	460.613	0.9338	260.024	-55.82	
659	Spectrogram 1	1	1051.218073049	1052.429531414	148.585	341.745	1.2115	193.160	-53.20	
660	Spectrogram 1	1	1053.842899506	1055.054357871	557.193	1136.675	1.2115	579.481	-62.50	
661	Spectrogram 1	1	1053.666228495	1055.180551451	141.156	445.755	1.5143	304.599	-52.58	
662	Spectrogram 1	1	1057.704426077	1059.016839305	163.443	475.472	1.3124	312.028	-55.86	
663	Spectrogram 1	1	1065.907008756	1067.320376849	475.472	817.217	1.4134	341.745	-61.65	
664	Spectrogram 1	1	1071.106184239	1073.226236378	423.467	936.085	2.1201	512.618	-60.53	
665	Spectrogram 1	1	1063.130750003	1064.670311675	163.443	505.189	1.5396	341.745	-54.12	
666	Spectrogram 1	1	1075.342833875	1076.680485820	416.038	965.802	1.3377	549.764	-62.36	
667	Spectrogram 1	1	1083.949236010	1085.968333285	118.868	1508.137	2.0191	1389.269	-62.94	
668	Spectrogram 1	1	1079.961518892	1080.996306245	1158.962	2407.075	1.0348	1248.113	-72.31	
669	Spectrogram 1	1	1080.112951188	1081.627274144	163.443	869.222	1.5143	705.778	-59.22	
670	Spectrogram 1	1	1076.428098661	1077.286215003	59.434	757.783	0.8581	698.349	-51.79	
671	Spectrogram 1	1	1077.488124730	1079.254834846	37.146	683.491	1.7667	646.344	-51.39	
672	Spectrogram 1	1	1082.838732509	1083.646371419	156.014	1047.524	0.8076	891.509	-61.41	
673	Spectrogram 1	1	1086.775975215	1090.359872878	118.868	698.349	3.5839	579.481	-58.87	
674	Spectrogram 1	1	1095.205706338	1097.401474625	349.175	698.349	2.1958	349.175	-60.61	
675	Spectrogram 1	1	1103.458766450	1104.392598939	326.887	854.363	0.9338	527.476	-64.36	
676	Spectrogram 1	1	1104.493553803	1105.149760418	1092.099	2072.759	0.6562	980.660	-71.87	
677	Spectrogram 1	1	1102.348262948	1103.332572870	81.722	965.802	0.9843	884.080	-52.15	
678	Spectrogram 1	1	1107.623154579	1108.657941933	297.170	683.491	1.0348	386.321	-59.79	
679	Spectrogram 1	1	1108.885090376	1110.172264889	118.868	757.783	1.2872	638.915	-60.10	
680	Spectrogram 1	1	1098.537216842	1101.767772482	252.594	690.920	3.2306	438.325	-62.92	
681	Spectrogram 1	1	1100.152494662	1101.742533766	1396.698	1656.722	1.5900	260.024	-72.23	
682	Spectrogram 1	1	1097.199564897	1098.335307114	1188.679	1842.453	1.1357	653.774	-71.30	
683	Spectrogram 1	1	1092.378970153	1093.464234938	185.731	683.491	1.0853	497.759	-59.87	
684	Spectrogram 1	1	1091.621808675	1092.530402449	341.745	1478.420	0.9086	1136.675	-71.57	
685	Spectrogram 1	1	1093.590428518	1094.120441553	111.439	913.797	0.5300	802.358	-55.67	
686	Spectrogram 1	1	1110.876833209	1113.224033791	245.165	742.925	2.3472	497.759	-63.79	
687	Spectrogram 1	1	1115.520756941	1116.530305579	237.736	757.783	1.0095	520.047	-60.51	
688	Spectrogram 1	1	1119.230848184	1121.123751879	222.877	750.354	1.8929	527.476	-60.61	
689	Spectrogram 1	1	1122.461403824	1125.111468998	230.307	720.637	2.6501	490.330	-62.21	
690	Spectrogram 1	1	1126.575317219	1127.307239981	170.873	780.071	0.7319	609.198	-59.24	
691	Spectrogram 1	1	1127.483910992	1128.518698346	148.585	973.231	1.0348	824.646	-64.31	
692	Spectrogram 1	1	1131.294957099	1133.288815658	193.160	698.349	1.9939	505.189	-64.56	
693	Spectrogram 1	1	1130.108737450	1130.764944064	237.736	906.368	0.6562	668.632	-60.76	
694	Spectrogram 1	1	1134.803138614	1137.528919936	104.009	861.792	2.7258	757.783	-62.69	
695	Spectrogram 1	1	1138.715139585	1139.573255927	178.302	1047.524	0.8581	869.222	-65.09	
696	Spectrogram 1	1	1140.784714292	1141.920456509	252.594	1359.552	1.1357	1106.958	-65.34	
697	Spectrogram 1	1	1141.794262929	1142.652379271	178.302	505.189	0.8581	326.887	-57.55	
698	Spectrogram 1	1	1142.778572851	1143.813360204	163.443	1114.387	1.0348	950.943	-56.10	
699	Spectrogram 1	1	1144.116224795	1145.050057285	89.151	1069.811	0.9338	980.660	-62.61	
700	Spectrogram 1	1	1145.428638024	1146.816767401	104.009	1396.698	1.3881	1292.689	-63.78	
701	Spectrogram 1	1	1147.243783996	1147.748558315	133.726	728.066	0.5048	594.340	-55.11	
702	Spectrogram 1	1	1148.278571349	1148.960016680	52.005	728.066	0.6814	676.061	-56.25	
703	Spectrogram 1	1	1149.086210259	1149.818133022	66.863	824.646	0.7319	757.783	-53.43	
704	Spectrogram 1	1	1150.474339636	1151.736275433	126.297	869.222	1.2619	742.925	-64.87	
705	Spectrogram 1	1	1152.215811036	1153.603940412	178.302	750.354	1.3881	572.052	-65.35	
706	Spectrogram 1	1	1154.260147027	1154.588250334	118.868	653.774	0.3281	534.906	-61.68	
707	Spectrogram 1	1	1156.001618426	1156.884973484	735.495	921.226	0.8834	185.731	-66.98	
708	Spectrogram 1	1	1157.414986519	1158.929309475	869.222	1106.958	1.5143	237.736	-70.73	
709	Spectrogram 1	1	1159.610754805	1161.377464921	170.873	616.627	1.7667	445.755	-61.17	
710	Spectrogram 1	1	1160.847451886	1161.655090796	601.769	2473.939	0.8076	1872.170	-70.60	
711	Spectrogram 1	1	1165.188511028	1166.147582233	1240.684	1842.453	0.9591	601.769	-70.35	
712	Spectrogram 1	1	1162.538445854	1164.153723674	126.297	534.906	1.6153	408.608	-57.77	
713	Spectrogram 1	1	1166.374733943	1167.106656705	74.292	505.189	0.7319	430.896	-49.26	
714	Spectrogram 1	1	1168.393831218	1169.857676743	1248.113	1783.019	1.4638	534.906	-67.12	
715	Spectrogram 1	1	1175.763536272	1177.202143081	1218.396	1575.000	1.4386	356.604	-68.64	
716	Spectrogram 1	1	1170.640076937	1171.397238415	74.292	742.925	0.7572	668.632	-54.81	
717	Spectrogram 1	1	1178.060259422	1178.716466037	111.439	653.774	0.6562	542.335	-55.56	
718	Spectrogram 1	1	1180.129834129	1180.937473039	1196.108	1812.736	0.8076	616.627	-74.25	
719	Spectrogram 1	1	1179.019330628	1181.593679654	59.434	475.472	2.5743	416.038	-52.46	
720	Spectrogram 1	1	1183.486583349	1183.991357668	111.439	601.769	0.5048	490.330	-58.91	
721	Spectrogram 1	1	1184.344704118	1186.464756257	104.009	416.038	2.1201	312.028	-57.49	
722	Spectrogram 1	1	1186.742382132	1189.417686021	163.443	757.783	2.6753	594.340	-63.74	
723	Spectrogram 1	1	1189.871982908	1192.395854502	178.302	1181.250	2.5239	1002.948	-68.10	
724	Spectrogram 1	1	1195.146874539	1195.752603722	557.193	1084.670	0.6057	527.476	-69.68	
725	Spectrogram 1	1	1194.313996913	1195.273068119	170.873	557.193	0.9591	386.321	-59.03	
726	Spectrogram 1	1	1196.863107223	1197.544552553	126.297	936.085	0.6814	809.788	-62.56	
727	Spectrogram 1	1	1198.276475316	1200.472243602	445.755	839.505	2.1958	393.750	-70.52	
728	Spectrogram 1	1	1201.128450217	1202.819444184	148.585	787.500	1.6910	638.915	-58.62	
729	Spectrogram 1	1	1205.949047497	1206.630492828	505.189	980.660	0.6814	475.472	-66.27	
730	Spectrogram 1	1	1205.393795747	1206.529537964	118.868	497.759	1.1357	378.892	-63.06	
731	Spectrogram 1	1	1206.554776680	1208.674828819	74.292	638.915	2.1201	564.623	-51.16	
732	Spectrogram 1	1	1209.734854888	1211.627758583	482.901	921.226	1.8929	438.325	-71.00	
733	Spectrogram 1	1	1210.492016366	1211.274416560	133.726	341.745	0.7824	208.019	-59.12	
734	Spectrogram 1	1	1208.901977262	1210.239629207	118.868	364.033	1.3377	245.165	-59.58	
735	Spectrogram 1	1	1202.945640301	1203.576608199	460.613	735.495	0.6310	274.882	-69.40	
736	Spectrogram 1	1	1038.750227946	1040.163596039	1322.406	2325.354	1.4134	1002.948	-71.23	
737	Spectrogram 1	1	1015.334923029	1016.420187815	1366.981	2057.901	1.0853	690.920	-65.12	
738	Spectrogram 1	1	1012.785812720	1013.492496766	958.373	2087.618	0.7067	1129.245	-66.69	
739	Spectrogram 1	1	997.390195998	998.096880044	1099.528	1953.892	0.7067	854.363	-70.06	
740	Spectrogram 1	1	1000.141216035	1000.696467785	1203.538	2095.047	0.5553	891.509	-69.90	
741	Spectrogram 1	1	1002.362223037	1003.296055527	1099.528	2154.481	0.9338	1054.953	-74.16	
742	Spectrogram 1	1	989.894297364	990.323355535	1337.264	2273.349	0.4291	936.085	-71.61	
