Selection	View	Channel	Begin Time (s)	End Time (s)	Low Freq (Hz)	High Freq (Hz)	Delta Time (s)	Delta Freq (Hz)	Avg Power Density (dB FS/Hz)	Annotation
1	Spectrogram 1	1	0.803019536	1.564808475	286.829	411.856	0.7618	125.027	-54.27	
2	Spectrogram 1	1	1.525332950	1.770798274	110.319	191.219	0.2455	80.900	-48.64	
3	Spectrogram 1	1	2.549515857	3.031982185	470.693	809.004	0.4825	338.311	-58.14	
4	Spectrogram 1	1	2.371765104	2.693409323	102.964	463.338	0.3216	360.374	-48.84	
5	Spectrogram 1	1	2.879624397	3.345162082	95.610	382.438	0.4655	286.828	-52.64	
6	Spectrogram 1	1	3.986533248	4.316641788	205.928	367.729	0.3301	161.801	-54.61	
7	Spectrogram 1	1	4.316641788	5.010716155	250.056	367.729	0.6941	117.673	-58.01	
8	Spectrogram 1	1	5.227138798	5.481068445	139.737	345.665	0.2539	205.928	-53.88	
9	Spectrogram 1	1	5.887355879	6.132821204	213.283	404.502	0.2455	191.219	-51.67	
10	Spectrogram 1	1	6.309838106	7.012376794	257.410	338.311	0.7025	80.901	-58.74	
11	Spectrogram 1	1	7.652288568	7.846967964	345.665	441.275	0.1947	95.610	-57.31	
12	Spectrogram 1	1	9.759501391	9.937252144	220.637	389.793	0.1778	169.156	-51.13	
13	Spectrogram 1	1	11.051237779	11.652204609	147.092	639.848	0.6010	492.756	-56.34	
14	Spectrogram 1	1	9.959340300	10.805772455	500.111	735.458	0.8464	235.347	-51.19	
15	Spectrogram 1	1	11.699195074	12.562555872	257.410	338.311	0.8634	80.901	-58.75	
16	Spectrogram 1	1	13.155058380	14.467028220	507.466	757.521	1.3120	250.055	-49.63	
17	Spectrogram 1	1	13.967610150	14.128432260	183.864	353.020	0.1608	169.156	-50.11	
18	Spectrogram 1	1	17.720501062	17.855930207	455.984	676.621	0.1354	220.637	-55.26	
19	Spectrogram 1	1	18.076074422	18.617791001	573.657	816.358	0.5417	242.701	-49.89	
20	Spectrogram 1	1	20.099047272	20.801585960	470.693	625.139	0.7025	154.446	-57.02	
21	Spectrogram 1	1	20.183690487	20.716942745	220.637	419.211	0.5333	198.574	-57.26	
22	Spectrogram 1	1	23.047449954	23.242129349	205.928	316.247	0.1947	110.319	-49.45	
23	Spectrogram 1	1	23.680655932	23.849942363	455.984	566.302	0.1693	110.318	-55.13	
24	Spectrogram 1	1	25.260189385	25.421011494	375.083	507.466	0.1608	132.383	-58.08	
25	Spectrogram 1	1	26.716052691	26.885339122	205.928	301.538	0.1693	95.610	-49.01	
26	Spectrogram 1	1	22.733267047	22.936410764	404.502	514.820	0.2031	110.318	-56.31	
27	Spectrogram 1	1	30.532639814	30.710390567	514.820	603.075	0.1778	88.255	-54.01	
28	Spectrogram 1	1	31.142070966	31.328286040	536.884	617.785	0.1862	80.901	-56.44	
29	Spectrogram 1	1	32.113099128	32.256992595	147.092	250.056	0.1439	102.964	-47.50	
30	Spectrogram 1	1	31.780339466	32.897629910	632.494	963.450	1.1173	330.956	-49.40	
31	Spectrogram 1	1	35.453855017	35.893999737	603.075	838.422	0.4401	235.347	-48.70	
32	Spectrogram 1	1	35.936321345	36.368001744	632.494	860.486	0.4317	227.992	-50.21	
33	Spectrogram 1	1	34.916131389	35.026167569	683.976	801.649	0.1100	117.673	-50.51	
34	Spectrogram 1	1	36.863314776	37.049529850	588.366	809.004	0.1862	220.638	-55.72	
35	Spectrogram 1	1	39.935863497	40.418329825	470.693	698.685	0.4825	227.992	-55.06	
36	Spectrogram 1	1	40.265972038	40.782295652	735.458	970.804	0.5163	235.346	-53.48	
37	Spectrogram 1	1	38.248707757	39.103604233	661.912	764.876	0.8549	102.964	-61.54	
38	Spectrogram 1	1	37.757777107	38.231779114	588.366	713.394	0.4740	125.028	-63.63	
39	Spectrogram 1	1	39.535284632	39.975429353	308.892	419.211	0.4401	110.319	-58.62	
40	Spectrogram 1	1	41.008923893	41.398282684	514.820	625.139	0.3894	110.319	-62.47	
41	Spectrogram 1	1	47.381582737	47.787870172	242.701	558.948	0.4063	316.247	-59.21	
42	Spectrogram 1	1	46.399721438	46.780615907	272.119	507.466	0.3809	235.347	-54.80	
43	Spectrogram 1	1	48.298374348	48.603089924	286.829	360.374	0.3047	73.545	-51.93	
44	Spectrogram 1	1	49.457986400	49.678058760	463.338	588.366	0.2201	125.028	-55.23	
45	Spectrogram 1	1	50.118203481	50.372133127	360.374	573.657	0.2539	213.283	-54.46	
46	Spectrogram 1	1	52.657284480	52.987393020	213.283	294.183	0.3301	80.900	-56.71	
47	Spectrogram 1	1	53.740428213	54.256751828	985.513	1110.541	0.5163	125.028	-61.81	d
48	Spectrogram 1	1	53.511891532	54.324466400	1125.250	1250.278	0.8126	125.028	-62.37	d
49	Spectrogram 1	1	55.511946999	56.112913829	654.557	735.458	0.6010	80.901	-57.84	
50	Spectrogram 1	1	56.236551168	56.871375284	1264.987	1382.661	0.6348	117.674	-63.34	d
51	Spectrogram 1	1	57.912486834	58.149487837	419.211	558.948	0.2370	139.737	-51.09	
52	Spectrogram 1	1	58.657057706	59.249560214	963.450	1463.561	0.5925	500.111	-59.53	d
53	Spectrogram 1	1	59.228092124	59.448164484	595.721	742.812	0.2201	147.091	-52.49	
54	Spectrogram 1	1	63.567617383	64.490228432	514.820	610.430	0.9226	95.610	-58.79	
55	Spectrogram 1	1	60.841619423	61.535693790	625.139	772.231	0.6941	147.092	-57.86	
56	Spectrogram 1	1	64.942505699	65.196435345	529.530	603.075	0.2539	73.545	-57.91	
57	Spectrogram 1	1	67.037150770	67.748153780	492.757	595.721	0.7110	102.964	-57.28	
58	Spectrogram 1	1	68.129048249	68.408370861	529.530	603.075	0.2793	73.545	-58.86	
59	Spectrogram 1	1	68.315263323	68.890837189	1206.151	1264.987	0.5756	58.836	-67.14	d
60	Spectrogram 1	1	72.524291183	73.277615801	205.928	316.247	0.7533	110.319	-59.58	
61	Spectrogram 1	1	71.593215813	71.940252996	455.984	544.239	0.3470	88.255	-59.14	
62	Spectrogram 1	1	74.452160708	75.950345621	470.693	514.820	1.4982	44.127	-53.35	
63	Spectrogram 1	1	77.897665535	78.439382114	433.920	492.757	0.5417	58.837	-51.62	
64	Spectrogram 1	1	79.061868384	79.620513606	1331.179	1779.808	0.5586	448.629	-63.44	d
65	Spectrogram 1	1	85.490028244	86.768140797	375.083	500.111	1.2781	125.028	-57.36	
66	Spectrogram 1	1	88.926542792	89.857618162	360.374	500.111	0.9311	139.737	-57.22	
67	Spectrogram 1	1	86.629803425	87.019162216	1500.334	1676.844	0.3894	176.510	-59.99	d
68	Spectrogram 1	1	89.865321334	90.136179624	1625.362	1801.872	0.2709	176.510	-62.99	d
69	Spectrogram 1	1	95.440880311	95.644024028	1448.852	1618.007	0.2031	169.155	-59.94	d
70	Spectrogram 1	1	99.808470229	100.705688313	345.665	463.338	0.8972	117.673	-54.44	
71	Spectrogram 1	1	97.650068235	98.039427026	353.020	433.920	0.3894	80.900	-56.88	
72	Spectrogram 1	1	95.923346639	97.125280299	360.374	507.466	1.2019	147.092	-55.73	
73	Spectrogram 1	1	97.743175772	97.980176775	706.039	889.904	0.2370	183.865	-60.36	un
74	Spectrogram 1	1	98.691179785	98.962038075	1924.175	2028.184	0.2709	104.009	-57.73	d
75	Spectrogram 1	1	99.309075258	99.639183799	1944.976	2059.387	0.3301	114.411	-58.64	d
76	Spectrogram 1	1	98.035228253	98.670052369	1612.146	1840.967	0.6348	228.821	-64.51	d
77	Spectrogram 1	1	100.760749046	100.904642512	2267.406	2402.618	0.1439	135.212	-60.37	d
78	Spectrogram 1	1	101.886487440	102.013452264	613.656	863.278	0.1270	249.622	-55.88	
79	Spectrogram 1	1	102.998169322	103.700708011	1029.693	1456.132	0.7025	426.439	-62.66	
80	Spectrogram 1	1	106.217105990	106.885787392	332.830	478.443	0.6687	145.613	-54.59	
81	Spectrogram 1	1	106.961966286	107.749148190	301.627	405.637	0.7872	104.010	-53.16	
82	Spectrogram 1	1	109.738263753	110.847089876	270.425	488.844	1.1088	218.419	-54.91	
83	Spectrogram 1	1	106.414687375	106.660152699	1612.146	1965.778	0.2455	353.632	-62.92	d
84	Spectrogram 1	1	108.592639342	109.108962956	1050.495	1424.929	0.5163	374.434	-63.21	
85	Spectrogram 1	1	109.608357928	110.903399124	249.623	478.443	1.2950	228.820	-55.28	
86	Spectrogram 1	1	114.085787881	114.585182852	291.226	447.241	0.4994	156.015	-57.64	
87	Spectrogram 1	1	116.131599141	116.495564968	1268.915	1414.528	0.3640	145.613	-58.62	
88	Spectrogram 1	1	116.622529791	116.927245367	332.830	416.038	0.3047	83.208	-54.68	
89	Spectrogram 1	1	117.072486900	117.470310013	1851.368	2007.382	0.3978	156.014	-60.72	d
90	Spectrogram 1	1	120.373572303	121.507791391	1237.712	1414.528	1.1342	176.816	-63.42	
91	Spectrogram 1	1	124.839645656	125.499862737	239.222	374.434	0.6602	135.212	-55.06	
92	Spectrogram 1	1	125.754526722	126.076170941	1154.505	1331.321	0.3216	176.816	-58.56	
93	Spectrogram 1	1	127.545422186	128.510354842	1185.708	1456.132	0.9649	270.424	-60.91	
94	Spectrogram 1	1	133.708170805	135.527999938	1289.717	1809.764	1.8198	520.047	-67.01	
95	Spectrogram 1	1	135.824251192	136.061252195	1601.745	1726.557	0.2370	124.812	-62.61	
96	Spectrogram 1	1	136.323646163	136.763790884	1466.533	1580.943	0.4401	114.410	-66.37	
97	Spectrogram 1	1	128.515636258	129.329620625	220.637	330.956	0.8140	110.319	-47.14	
98	Spectrogram 1	1	132.430116955	133.399715980	198.574	301.538	0.9696	102.964	-47.37	
99	Spectrogram 1	1	136.954813403	137.409687020	205.928	353.020	0.4549	147.092	-52.11	
100	Spectrogram 1	1	139.770344755	140.763884497	183.864	301.538	0.9935	117.674	-52.77	
101	Spectrogram 1	1	142.009397306	142.284715547	897.258	1264.987	0.2753	367.729	-62.03	d
102	Spectrogram 1	1	143.362047797	144.235883955	183.864	345.665	0.8738	161.801	-53.02	
103	Spectrogram 1	1	145.592567881	146.466404039	1132.605	1382.661	0.8738	250.056	-65.09	d
104	Spectrogram 1	1	145.951678631	146.286848664	1390.015	1581.234	0.3352	191.219	-65.98	d
105	Spectrogram 1	1	147.615558438	148.297868863	183.864	353.020	0.6823	169.156	-54.91	
106	Spectrogram 1	1	151.474412567	152.120811917	147.092	220.637	0.6464	73.545	-49.18	
107	Spectrogram 1	1	153.182511104	153.936643679	801.649	1036.995	0.7541	235.346	-59.16	d
108	Spectrogram 1	1	154.913746116	155.308767941	169.155	294.183	0.3950	125.028	-51.69	
109	Spectrogram 1	1	158.820326003	159.155496036	242.701	323.601	0.3352	80.900	-51.35	
110	Spectrogram 1	1	161.245439434	161.987601650	88.255	257.410	0.7422	169.155	-53.93	
111	Spectrogram 1	1	161.987601650	162.861437808	639.848	742.812	0.8738	102.964	-50.13	
112	Spectrogram 1	1	163.969824776	164.508490901	250.056	323.601	0.5387	73.545	-50.05	
113	Spectrogram 1	1	165.350868693	165.769831235	639.848	742.812	0.4190	102.964	-59.15	d
114	Spectrogram 1	1	167.916298716	168.598609141	220.637	382.438	0.6823	161.801	-54.29	
115	Spectrogram 1	1	168.984577027	169.403539569	404.502	478.048	0.4190	73.546	-59.15	
116	Spectrogram 1	1	169.367628494	170.181612860	536.884	603.075	0.8140	66.191	-59.31	
117	Spectrogram 1	1	171.054866881	171.557621930	154.446	257.410	0.5028	102.964	-55.88	
118	Spectrogram 1	1	173.671533687	174.497488411	198.574	367.729	0.8260	169.155	-56.40	
119	Spectrogram 1	1	176.742665043	177.293301526	544.239	610.430	0.5506	66.191	-58.99	
120	Spectrogram 1	1	177.867878725	178.334722700	272.119	345.665	0.4668	73.546	-50.54	
121	Spectrogram 1	1	178.167137684	179.112795992	470.693	617.785	0.9457	147.092	-57.81	
122	Spectrogram 1	1	179.424025308	179.783136058	419.211	492.757	0.3591	73.546	-56.64	
123	Spectrogram 1	1	179.687373191	180.130276449	110.319	257.410	0.4429	147.091	-55.06	
124	Spectrogram 1	1	181.051994041	181.949770915	353.020	536.884	0.8978	183.864	-55.64	
125	Spectrogram 1	1	181.985681990	182.225089157	367.729	566.302	0.2394	198.573	-54.67	
126	Spectrogram 1	1	184.568450446	185.178938720	404.502	581.012	0.6105	176.510	-51.57	
127	Spectrogram 1	1	186.083591379	186.382850337	286.829	375.083	0.2993	88.254	-46.23	
128	Spectrogram 1	1	188.070670861	188.752981286	308.892	419.211	0.6823	110.319	-51.54	
129	Spectrogram 1	1	190.680208977	191.829363376	250.056	411.856	1.1492	161.800	-47.30	
130	Spectrogram 1	1	189.745699389	190.104810139	286.829	455.984	0.3591	169.155	-55.55	
131	Spectrogram 1	1	193.926336012	194.381209628	375.083	470.693	0.4549	95.610	-58.36	
132	Spectrogram 1	1	194.357268911	194.776231453	272.119	360.374	0.4190	88.255	-46.75	
133	Spectrogram 1	1	194.596676078	194.943816469	375.083	419.211	0.3471	44.128	-47.40	
134	Spectrogram 1	1	197.720939601	198.259605726	279.474	375.083	0.5387	95.609	-46.27	
135	Spectrogram 1	1	198.319457518	199.420730484	205.928	330.956	1.1013	125.028	-40.74	
136	Spectrogram 1	1	200.545263029	201.167721662	279.474	360.374	0.6225	80.900	-56.20	
137	Spectrogram 1	1	201.383188112	202.831601470	191.219	345.665	1.4484	154.446	-38.43	
138	Spectrogram 1	1	205.668576394	206.422708968	198.574	323.601	0.7541	125.027	-37.35	
139	Spectrogram 1	1	205.145699459	205.468899134	382.438	522.175	0.3232	139.737	-58.42	
140	Spectrogram 1	1	208.854860561	211.224991510	147.092	294.183	2.3701	147.091	-40.70	
141	Spectrogram 1	1	212.314294118	213.631033534	161.801	257.410	1.3167	95.609	-38.32	
142	Spectrogram 1	1	212.876900959	213.559211384	360.374	470.693	0.6823	110.319	-56.17	
143	Spectrogram 1	1	215.677964808	216.623623116	161.801	345.665	0.9457	183.864	-43.14	
144	Spectrogram 1	1	219.187304644	220.887095527	147.092	264.765	1.6998	117.673	-39.34	
145	Spectrogram 1	1	222.395360676	223.496633642	139.737	264.765	1.1013	125.028	-37.12	
146	Spectrogram 1	1	225.652862526	226.586550476	169.155	338.311	0.9337	169.156	-39.18	
147	Spectrogram 1	1	228.130726700	228.729244616	125.028	235.346	0.5985	110.318	-50.71	
148	Spectrogram 1	1	228.972827002	229.954396385	88.255	242.701	0.9816	154.446	-42.27	
149	Spectrogram 1	1	230.014248177	230.636706810	102.964	191.219	0.6225	88.255	-44.34	
150	Spectrogram 1	1	231.390839384	231.857683359	169.155	308.892	0.4668	139.737	-46.40	
151	Spectrogram 1	1	232.013298017	232.911074892	147.092	250.056	0.8978	102.964	-35.50	
152	Spectrogram 1	1	235.736079457	236.514152749	183.864	272.119	0.7781	88.255	-35.63	
153	Spectrogram 1	1	235.341309255	235.736331080	463.338	581.012	0.3950	117.674	-58.96	
154	Spectrogram 1	1	238.659714766	239.772958091	102.964	264.765	1.1132	161.801	-46.69	
155	Spectrogram 1	1	241.819889365	242.466288714	139.737	264.765	0.6464	125.028	-38.53	
156	Spectrogram 1	1	244.752627155	245.674344746	132.382	301.538	0.9217	169.156	-40.61	
157	Spectrogram 1	1	243.239505649	243.466942457	88.255	242.701	0.2274	154.446	-48.83	
158	Spectrogram 1	1	245.635485619	246.042477802	1691.553	1985.736	0.4070	294.183	-61.96	d
159	Spectrogram 1	1	247.191632202	248.508371618	80.900	264.765	1.3167	183.865	-47.54	
160	Spectrogram 1	1	247.945764776	248.771719501	205.928	353.020	0.8260	147.092	-53.95	
161	Spectrogram 1	1	250.351806800	251.321405825	154.446	301.538	0.9696	147.092	-38.42	
162	Spectrogram 1	1	245.827011352	246.198092461	639.848	742.812	0.3711	102.964	-60.27	
163	Spectrogram 1	1	254.061056663	254.707456012	132.382	301.538	0.6464	169.156	-37.96	
164	Spectrogram 1	1	254.970803896	256.107987937	316.247	492.757	1.1372	176.510	-56.18	
165	Spectrogram 1	1	255.126418554	256.107987937	720.749	882.549	0.9816	161.800	-58.22	
166	Spectrogram 1	1	256.957883378	258.095067419	73.546	257.410	1.1372	183.864	-49.99	
167	Spectrogram 1	1	258.561911394	259.088607160	301.538	426.566	0.5267	125.028	-56.85	
168	Spectrogram 1	1	258.585852111	259.112547877	691.330	831.067	0.5267	139.737	-55.99	
169	Spectrogram 1	1	259.926532243	260.752486968	176.510	279.474	0.8260	102.964	-36.21	
170	Spectrogram 1	1	261.996111580	262.175666955	573.657	816.358	0.1796	242.701	-50.66	
171	Spectrogram 1	1	263.178103191	263.980117199	169.155	272.119	0.8020	102.964	-33.79	
172	Spectrogram 1	1	264.830012641	266.158722415	338.311	492.757	1.3287	154.446	-55.63	
173	Spectrogram 1	1	264.949716224	265.871433815	676.621	867.840	0.9217	191.219	-60.59	
174	Spectrogram 1	1	265.739759874	266.757240331	73.546	250.056	1.0175	176.510	-48.42	
175	Spectrogram 1	1	267.870483656	268.169742614	213.219	270.425	0.2993	57.206	-44.03	
176	Spectrogram 1	1	268.504912647	269.067519489	171.616	270.425	0.5626	98.809	-36.49	
177	Spectrogram 1	1	269.103430564	269.438600597	234.021	348.432	0.3352	114.411	-54.80	
178	Spectrogram 1	1	271.413901617	272.203945266	166.415	291.226	0.7900	124.811	-36.95	
179	Spectrogram 1	1	273.819599720	274.178710470	176.816	244.422	0.3591	67.606	-51.08	
180	Spectrogram 1	1	274.370236203	275.028605911	166.415	275.625	0.6584	109.210	-50.22	
181	Spectrogram 1	1	274.298414053	275.112398420	52.005	161.215	0.8140	109.210	-51.05	
182	Spectrogram 1	1	275.621515768	276.650966584	301.627	436.840	1.0295	135.213	-56.78	
183	Spectrogram 1	1	276.160181893	276.363677984	208.019	260.024	0.2035	52.005	-45.76	
184	Spectrogram 1	1	275.537723260	276.052448668	717.665	847.677	0.5147	130.012	-56.28	
185	Spectrogram 1	1	277.069929126	277.824061700	171.616	275.625	0.7541	104.009	-33.31	
186	Spectrogram 1	1	279.978726199	280.242074082	119.611	192.417	0.2633	72.806	-42.72	
187	Spectrogram 1	1	280.720888416	281.439109915	192.417	301.627	0.7182	109.210	-37.36	
188	Spectrogram 1	1	278.588955806	278.972007272	681.262	733.267	0.3831	52.005	-57.96	
189	Spectrogram 1	1	279.283236589	279.414910530	483.644	577.252	0.1317	93.608	-56.12	
190	Spectrogram 1	1	279.510673397	279.785991638	499.245	540.849	0.2753	41.604	-57.27	
191	Spectrogram 1	1	279.546584472	279.821902713	764.469	816.474	0.2753	52.005	-49.98	
193	Spectrogram 1	1	284.080292910	284.451374018	202.251	250.056	0.3711	47.805	-42.64	
194	Spectrogram 1	1	284.379551868	285.193536235	88.255	169.155	0.8140	80.900	-46.73	
195	Spectrogram 1	1	286.221860766	286.569001157	198.574	283.151	0.3471	84.577	-43.41	
196	Spectrogram 1	1	286.820378682	287.227370865	202.251	294.183	0.4070	91.932	-36.50	
197	Spectrogram 1	1	287.239341223	287.394955882	172.833	216.960	0.1556	44.127	-45.16	
198	Spectrogram 1	1	286.820378682	287.789977706	581.012	672.944	0.9696	91.932	-56.86	
199	Spectrogram 1	1	288.815305012	289.162445403	209.605	308.892	0.3471	99.287	-43.33	
200	Spectrogram 1	1	288.827275370	289.006830745	99.287	136.060	0.1796	36.773	-42.79	
201	Spectrogram 1	1	289.449353517	289.664819967	139.737	220.637	0.2155	80.900	-45.97	
202	Spectrogram 1	1	289.615537464	290.022529647	316.247	364.052	0.4070	47.805	-56.01	
203	Spectrogram 1	1	293.680209500	294.063260966	169.155	386.115	0.3831	216.960	-45.43	
204	Spectrogram 1	1	292.674699400	292.902136208	139.737	360.374	0.2274	220.637	-44.58	
205	Spectrogram 1	1	294.673749241	294.973008199	169.155	268.442	0.2993	99.287	-46.49	
206	Spectrogram 1	1	299.209747824	299.748413949	62.514	176.510	0.5387	113.996	-46.76	
207	Spectrogram 1	1	301.459981180	301.759240138	161.801	279.474	0.2993	117.673	-42.28	
208	Spectrogram 1	1	302.795650079	303.094909037	356.697	400.824	0.2993	44.127	-57.07	
209	Spectrogram 1	1	303.394167996	303.693426954	467.016	514.820	0.2993	47.804	-55.09	
210	Spectrogram 1	1	304.613407542	304.996459009	172.833	511.143	0.3831	338.310	-47.08	
211	Spectrogram 1	1	306.265316992	306.612457383	62.514	143.414	0.3471	80.900	-43.08	
212	Spectrogram 1	1	307.965107874	308.336188982	172.833	426.566	0.3711	253.733	-45.64	
213	Spectrogram 1	1	308.316066299	309.381428190	239.024	334.633	1.0654	95.609	-56.65	
214	Spectrogram 1	1	309.913993847	310.213252805	66.191	411.856	0.2993	345.665	-47.41	
215	Spectrogram 1	1	310.624965779	311.199542979	308.892	422.888	0.5746	113.996	-53.07	
216	Spectrogram 1	1	311.486831579	312.133230928	239.024	330.956	0.6464	91.932	-50.82	
217	Spectrogram 1	1	312.285475062	312.596704379	128.705	356.697	0.3112	227.992	-45.52	
218	Spectrogram 1	1	313.686006987	314.176791678	55.159	139.737	0.4908	84.578	-46.99	
219	Spectrogram 1	1	316.030973217	316.282350742	227.992	367.729	0.2514	139.737	-53.79	
220	Spectrogram 1	1	317.816995310	318.259898568	110.319	209.605	0.4429	99.286	-44.33	
221	Spectrogram 1	1	318.654920393	319.268802805	305.215	349.342	0.6139	44.127	-44.32	
222	Spectrogram 1	1	320.130668605	320.298253621	261.088	356.697	0.1676	95.609	-42.46	
223	Spectrogram 1	1	321.831914173	322.071321340	283.151	338.311	0.2394	55.160	-47.01	
224	Spectrogram 1	1	321.903736323	322.382550656	51.482	143.414	0.4788	91.932	-46.95	
225	Spectrogram 1	1	324.096214437	324.311680887	172.833	264.765	0.2155	91.932	-45.24	
226	Spectrogram 1	1	327.452321503	327.763550819	125.028	272.119	0.3112	147.091	-45.02	
227	Spectrogram 1	1	328.242365153	328.565564827	297.860	356.697	0.3232	58.837	-46.79	
228	Spectrogram 1	1	328.589505544	328.757090561	231.669	319.924	0.1676	88.255	-47.66	
229	Spectrogram 1	1	328.745120202	329.307727044	55.159	194.896	0.5626	139.737	-44.80	
230	Spectrogram 1	1	326.000829801	326.898606675	286.829	360.374	0.8978	73.545	-55.88	
231	Spectrogram 1	1	330.933346773	331.196694656	158.123	261.088	0.2633	102.965	-43.99	
232	Spectrogram 1	1	333.801534311	334.017000761	172.833	231.669	0.2155	58.836	-46.00	
233	Spectrogram 1	1	335.321769819	335.704821285	128.705	275.797	0.3831	147.092	-44.51	
234	Spectrogram 1	1	336.710331385	337.213086434	62.514	147.092	0.5028	84.578	-46.50	
235	Spectrogram 1	1	331.504785901	331.875867009	268.442	338.311	0.3711	69.869	-47.92	
236	Spectrogram 1	1	333.576560303	333.827937828	113.996	172.833	0.2514	58.837	-46.36	
237	Spectrogram 1	1	337.761591192	338.767101292	290.506	426.566	1.0055	136.060	-54.14	
239	Spectrogram 1	1	339.545174583	340.383099666	283.151	382.438	0.8379	99.287	-55.83	
240	Spectrogram 1	1	341.400580124	341.759690873	283.151	319.924	0.3591	36.773	-49.79	
241	Spectrogram 1	1	339.114241683	339.437441358	172.833	452.307	0.3232	279.474	-43.64	
242	Spectrogram 1	1	341.837345863	342.483745213	209.605	301.538	0.6464	91.933	-56.12	
243	Spectrogram 1	1	342.830885604	343.094233487	154.446	375.083	0.2633	220.637	-46.24	
244	Spectrogram 1	1	338.762465718	339.073695035	761.199	809.004	0.3112	47.805	-52.99	un
245	Spectrogram 1	1	341.755055300	342.030373542	768.553	809.004	0.2753	40.451	-50.36	un
246	Spectrogram 1	1	344.517664122	344.888745230	51.482	158.123	0.3711	106.641	-44.85	
247	Spectrogram 1	1	350.144879868	350.408227751	102.964	261.088	0.2633	158.124	-45.18	
248	Spectrogram 1	1	346.206314863	346.469662747	88.255	253.733	0.2633	165.478	-47.87	
249	Spectrogram 1	1	348.913524150	349.296575617	275.797	360.374	0.3831	84.577	-55.75	
250	Spectrogram 1	1	349.607804933	349.919034250	290.506	341.988	0.3112	51.482	-47.07	
251	Spectrogram 1	1	352.394369646	352.813332188	551.593	759.269	0.4190	207.676	-51.80	un
252	Spectrogram 1	1	351.298736341	351.526173149	57.205	135.212	0.2274	78.007	-45.32	
253	Spectrogram 1	1	353.101793502	353.269378519	239.222	390.035	0.1676	150.813	-45.73	
254	Spectrogram 1	1	353.125734219	353.233467444	150.814	223.620	0.1077	72.806	-42.88	
255	Spectrogram 1	1	355.307464208	355.822189616	327.630	447.241	0.5147	119.611	-59.27	
256	Spectrogram 1	1	356.576322191	356.827699716	171.616	322.429	0.2514	150.813	-44.14	
257	Spectrogram 1	1	359.277609846	360.442361993	239.222	317.229	1.1648	78.007	-55.84	
258	Spectrogram 1	1	360.509214927	360.844384960	306.828	369.233	0.3352	62.405	-51.83	
259	Spectrogram 1	1	361.670339685	362.137183660	275.625	317.229	0.4668	41.604	-51.63	
260	Spectrogram 1	1	358.214802083	358.609823908	46.804	135.212	0.3950	88.408	-48.28	
261	Spectrogram 1	1	366.168413984	366.503584017	52.005	161.215	0.3352	109.210	-46.77	
262	Spectrogram 1	1	367.799619896	368.218582437	296.427	379.634	0.4190	83.207	-49.10	
263	Spectrogram 1	1	368.565722829	368.912863220	150.814	374.434	0.3471	223.620	-44.17	
264	Spectrogram 1	1	370.770343887	370.937928904	93.608	176.816	0.1676	83.208	-44.96	
265	Spectrogram 1	1	371.608268970	372.170875811	312.028	431.639	0.5626	119.611	-57.93	
266	Spectrogram 1	1	372.182846170	372.601808711	228.821	384.835	0.4190	156.014	-54.88	
267	Spectrogram 1	1	373.320030211	373.547467019	135.212	348.432	0.2274	213.220	-44.27	
268	Spectrogram 1	1	375.031791452	375.821835101	202.818	260.024	0.7900	57.206	-50.54	
269	Spectrogram 1	1	371.476438070	372.146778136	228.821	312.028	0.6703	83.207	-51.65	
270	Spectrogram 1	1	376.046130333	376.273567141	88.408	249.623	0.2274	161.215	-49.81	
271	Spectrogram 1	1	378.488083431	378.883105256	244.422	312.028	0.3950	67.606	-46.36	
272	Spectrogram 1	1	378.069120890	378.284587340	140.413	260.024	0.2155	119.611	-43.57	
273	Spectrogram 1	1	379.062660631	379.218275289	156.014	249.623	0.1556	93.609	-45.27	
274	Spectrogram 1	1	379.904396905	380.455033388	291.226	343.231	0.5506	52.005	-54.48	
275	Spectrogram 1	1	381.720222417	382.306769975	46.804	156.014	0.5865	109.210	-49.22	
276	Spectrogram 1	1	382.342681050	382.989080400	176.816	228.821	0.6464	52.005	-49.83	
277	Spectrogram 1	1	380.654860526	380.774564109	156.014	208.019	0.1197	52.005	-45.40	
278	Spectrogram 1	1	383.252847212	383.851365129	228.821	358.833	0.5985	130.012	-58.44	
279	Spectrogram 1	1	384.210475879	384.689290212	286.026	400.436	0.4788	114.410	-56.22	
280	Spectrogram 1	1	387.939841861	388.119397236	156.014	244.422	0.1796	88.408	-43.70	
281	Spectrogram 1	1	391.674593659	391.985822976	140.413	369.233	0.3112	228.820	-44.34	
282	Spectrogram 1	1	392.572370534	392.668133401	192.417	275.625	0.0958	83.208	-44.74	
283	Spectrogram 1	1	392.692074117	392.835718417	145.613	218.420	0.1436	72.807	-45.21	
284	Spectrogram 1	1	389.660993427	390.032074535	67.606	130.012	0.3711	62.406	-50.18	
285	Spectrogram 1	1	395.804405240	396.139575273	88.408	312.028	0.3352	223.620	-47.36	
286	Spectrogram 1	1	397.091639634	397.450750383	52.005	145.613	0.3591	93.608	-50.75	
287	Spectrogram 1	1	399.713148107	399.868762766	135.212	228.821	0.1556	93.609	-44.49	
288	Spectrogram 1	1	397.989416508	398.396408691	327.630	405.637	0.4070	78.007	-52.48	
289	Spectrogram 1	1	400.299695665	400.946095015	478.443	525.248	0.6464	46.805	-54.45	
290	Spectrogram 1	1	401.065798598	401.891753323	239.222	322.429	0.8260	83.207	-52.71	
291	Spectrogram 1	1	403.918516876	404.205805475	114.410	364.033	0.2873	249.623	-47.39	
292	Spectrogram 1	1	402.633439212	403.160134979	369.233	421.238	0.5267	52.005	-53.33	
293	Spectrogram 1	1	408.357887685	408.561383776	140.413	239.222	0.2035	98.809	-45.36	
294	Spectrogram 1	1	415.711416939	416.285994139	270.425	317.229	0.5746	46.804	-53.23	
295	Spectrogram 1	1	417.137551681	417.424840281	135.212	260.024	0.2873	124.812	-55.04	
296	Spectrogram 1	1	426.060322878	426.610959361	228.821	280.825	0.5506	52.004	-54.95	
297	Spectrogram 1	1	427.700261969	428.047402361	182.017	254.823	0.3471	72.806	-54.00	
298	Spectrogram 1	1	429.556442827	429.712057485	140.413	254.823	0.1556	114.410	-48.93	
299	Spectrogram 1	1	444.483305089	445.309259814	416.038	561.651	0.8260	145.613	-52.25	
300	Spectrogram 1	1	445.321228276	445.823983325	275.625	338.031	0.5028	62.406	-50.90	
301	Spectrogram 1	1	447.078290917	447.628927400	202.818	275.625	0.5506	72.807	-54.44	
302	Spectrogram 1	1	448.773598741	449.419998091	390.035	592.854	0.6464	202.819	-46.20	
303	Spectrogram 1	1	461.383701563	462.401182021	379.634	551.250	1.0175	171.616	-51.47	
304	Spectrogram 1	1	473.860211062	474.470699337	395.236	613.656	0.6105	218.420	-51.30	
305	Spectrogram 1	1	487.396049283	488.174122574	390.035	592.854	0.7781	202.819	-47.76	
306	Spectrogram 1	1	489.259061233	489.713934849	239.222	332.830	0.4549	93.608	-56.67	
307	Spectrogram 1	1	490.791267099	491.724955048	374.434	629.257	0.9337	254.823	-50.75	
308	Spectrogram 1	1	493.915530622	494.585870688	239.222	317.229	0.6703	78.007	-53.46	
309	Spectrogram 1	1	495.627291863	496.620831604	327.630	634.458	0.9935	306.828	-49.56	
310	Spectrogram 1	1	497.408530731	498.282366889	260.024	332.830	0.8738	72.806	-56.61	
311	Spectrogram 1	1	508.178321753	508.932454328	400.436	629.257	0.7541	228.821	-49.69	
312	Spectrogram 1	1	512.972939443	513.607368434	1323.824	1412.079	0.6344	88.255	-60.66	
313	Spectrogram 1	1	515.389879017	516.012337650	404.502	595.721	0.6225	191.219	-53.62	
314	Spectrogram 1	1	523.980110671	524.267399271	1279.697	1345.888	0.2873	66.191	-65.20	
315	Spectrogram 1	1	526.117426982	526.225160207	330.956	478.048	0.1077	147.092	-49.66	
316	Spectrogram 1	1	527.003233499	527.158848157	213.283	367.729	0.1556	154.446	-45.81	
317	Spectrogram 1	1	527.398255323	527.529929265	367.729	492.757	0.1317	125.028	-47.04	
318	Spectrogram 1	1	528.272091481	528.367854348	330.956	419.211	0.0958	88.255	-44.87	
319	Spectrogram 1	1	530.175378455	530.283111680	301.538	360.374	0.1077	58.836	-47.08	
320	Spectrogram 1	1	530.402815264	530.498578130	338.311	433.920	0.0958	95.609	-45.54	
321	Spectrogram 1	1	530.857688880	531.001333180	338.311	448.629	0.1436	110.318	-47.75	
322	Spectrogram 1	1	532.521568688	532.737035138	426.566	522.175	0.2155	95.609	-49.47	
323	Spectrogram 1	1	525.767216233	525.886919816	213.283	470.693	0.1197	257.410	-51.35	
324	Spectrogram 1	1	528.716204020	528.895759395	389.793	492.757	0.1796	102.964	-50.26	
325	Spectrogram 1	1	531.114903342	531.114903342	911.968	911.968	0.0000	0.000	-66.21	
326	Spectrogram 1	1	536.552349897	538.264111138	507.466	750.167	1.7118	242.701	-50.63	
327	Spectrogram 1	1	536.408705597	537.067075305	1169.378	1242.924	0.6584	73.546	-58.69	
328	Spectrogram 1	1	539.758995450	540.154017275	1588.589	1662.135	0.3950	73.546	-60.83	
329	Spectrogram 1	1	540.538799494	541.903420344	338.311	706.039	1.3646	367.728	-49.13	
330	Spectrogram 1	1	545.171328167	546.260630775	323.601	691.330	1.0893	367.729	-46.76	
331	Spectrogram 1	1	544.278093247	544.529470772	654.557	882.549	0.2514	227.992	-54.97	
332	Spectrogram 1	1	548.614344528	549.057247786	286.829	338.311	0.4429	51.482	-57.96	
333	Spectrogram 1	1	550.396331902	550.875146235	272.119	323.601	0.4788	51.482	-56.85	
334	Spectrogram 1	1	549.235207144	549.414762519	353.020	455.984	0.1796	102.964	-48.31	
335	Spectrogram 1	1	550.864870063	550.960632930	316.247	411.856	0.0958	95.609	-44.49	
336	Spectrogram 1	1	551.247921530	551.403536188	375.083	522.175	0.1556	147.092	-46.00	
337	Spectrogram 1	1	549.943235813	550.122791188	345.665	551.593	0.1796	205.928	-52.66	
338	Spectrogram 1	1	552.090874272	552.605599680	213.283	345.665	0.5147	132.382	-55.57	
339	Spectrogram 1	1	552.976680788	553.048502938	316.247	426.566	0.0718	110.319	-45.79	
340	Spectrogram 1	1	558.173413850	559.430301474	294.183	794.294	1.2569	500.111	-47.09	
341	Spectrogram 1	1	561.596936332	562.782001806	257.410	691.330	1.1851	433.920	-49.97	
342	Spectrogram 1	1	562.793972165	563.356579006	588.366	661.912	0.5626	73.546	-55.22	
343	Spectrogram 1	1	564.481075923	565.067623481	242.701	345.665	0.5865	102.964	-56.54	
344	Spectrogram 1	1	565.837477878	565.957181461	330.956	448.629	0.1197	117.673	-43.71	
345	Spectrogram 1	1	566.040973969	566.208558986	279.474	558.948	0.1676	279.474	-43.23	
346	Spectrogram 1	1	566.639491886	567.776675927	404.502	786.940	1.1372	382.438	-45.14	
347	Spectrogram 1	1	570.069665340	570.213309640	301.538	397.147	0.1436	95.609	-46.20	
348	Spectrogram 1	1	570.608331465	570.763946123	426.566	514.820	0.1556	88.254	-48.95	
349	Spectrogram 1	1	571.530049056	571.673693356	345.665	500.111	0.1436	154.446	-45.61	
350	Spectrogram 1	1	571.996893031	572.212359481	338.311	514.820	0.2155	176.509	-49.19	
351	Spectrogram 1	1	572.882699547	573.038314205	353.020	433.920	0.1556	80.900	-47.69	
352	Spectrogram 1	1	573.481217463	573.612891405	345.665	433.920	0.1317	88.255	-46.00	
353	Spectrogram 1	1	575.099602799	575.243247099	308.892	492.757	0.1436	183.865	-47.49	
354	Spectrogram 1	1	577.589437331	579.265287497	279.474	757.521	1.6759	478.047	-48.51	
355	Spectrogram 1	1	581.018423835	582.634422209	500.111	809.004	1.6160	308.893	-43.50	
356	Spectrogram 1	1	581.952111784	583.220969767	426.566	492.757	1.2689	66.191	-51.94	
357	Spectrogram 1	1	585.136227099	585.866418957	389.793	478.048	0.7302	88.255	-57.28	
358	Spectrogram 1	1	586.141737199	587.087395507	397.147	786.940	0.9457	389.793	-45.57	
359	Spectrogram 1	1	589.322502098	589.956931090	478.048	654.557	0.6344	176.509	-57.54	
360	Spectrogram 1	1	590.804703035	590.984258410	286.829	492.757	0.1796	205.928	-51.95	
361	Spectrogram 1	1	591.493209179	591.588972045	286.829	551.593	0.0958	264.764	-48.24	
362	Spectrogram 1	1	592.223401037	592.438867487	308.892	485.402	0.2155	176.510	-52.62	
363	Spectrogram 1	1	592.893741103	593.037385403	338.311	463.338	0.1436	125.027	-46.89	
364	Spectrogram 1	1	593.839399411	594.808998436	404.502	478.048	0.9696	73.546	-48.52	
365	Spectrogram 1	1	596.975633293	598.292372709	382.438	500.111	1.3167	117.673	-58.29	
366	Spectrogram 1	1	595.226335097	595.477712621	389.793	661.912	0.2514	272.119	-58.68	
367	Spectrogram 1	1	596.453972028	596.609586686	323.601	463.338	0.1556	139.737	-48.19	
368	Spectrogram 1	1	598.427514999	598.631011090	514.820	750.167	0.2035	235.347	-56.07	
369	Spectrogram 1	1	599.229529007	600.857497739	308.892	713.394	1.6280	404.502	-46.47	
370	Spectrogram 1	1	602.653051488	603.981761263	441.275	786.940	1.3287	345.665	-44.11	
371	Spectrogram 1	1	601.786694644	601.942309302	389.793	551.593	0.1556	161.800	-50.46	
372	Spectrogram 1	1	604.016991200	605.321760258	330.956	492.757	1.3048	161.801	-53.10	
373	Spectrogram 1	1	605.465404558	605.956189249	301.538	375.083	0.4908	73.545	-54.37	
374	Spectrogram 1	1	607.380661890	608.541786648	404.502	853.131	1.1611	448.629	-45.68	
375	Spectrogram 1	1	610.121119677	610.707667235	1426.788	1728.326	0.5865	301.538	-66.00	
376	Spectrogram 1	1	611.814310497	612.412828413	338.311	485.402	0.5985	147.091	-52.05	
377	Spectrogram 1	1	612.448739488	612.676176297	279.474	419.211	0.2274	139.737	-49.12	
378	Spectrogram 1	1	613.370457080	613.550012455	301.538	397.147	0.1796	95.609	-43.32	
379	Spectrogram 1	1	613.957004638	614.124589654	301.538	492.757	0.1676	191.219	-48.15	
380	Spectrogram 1	1	614.818870437	614.950544379	338.311	463.338	0.1317	125.027	-46.70	
381	Spectrogram 1	1	615.154040471	615.956054479	330.956	419.211	0.8020	88.255	-49.69	
382	Spectrogram 1	1	615.956054479	616.386987378	213.283	308.892	0.4309	95.609	-53.95	
383	Spectrogram 1	1	616.458809528	617.248853178	242.701	353.020	0.7900	110.319	-54.41	
384	Spectrogram 1	1	618.566851048	618.937932156	330.956	404.502	0.3711	73.546	-56.05	
385	Spectrogram 1	1	619.021724664	619.883590464	257.410	375.083	0.8619	117.673	-55.18	
386	Spectrogram 1	1	619.277767243	619.744611218	588.366	669.267	0.4668	80.901	-58.98	
387	Spectrogram 1	1	619.953341101	620.587770092	558.948	867.840	0.6344	308.892	-54.73	
388	Spectrogram 1	1	620.444125792	620.898999409	301.538	426.566	0.4549	125.028	-55.31	
389	Spectrogram 1	1	623.158577599	623.781036232	345.665	411.856	0.6225	66.191	-50.18	
390	Spectrogram 1	1	623.409955123	623.625421573	441.275	698.685	0.2155	257.410	-56.12	
391	Spectrogram 1	1	623.804976948	624.235909848	1014.932	1088.477	0.4309	73.545	-56.69	
392	Spectrogram 1	1	626.486932757	626.702399207	1029.641	1103.187	0.2155	73.546	-58.82	
393	Spectrogram 1	1	626.774221357	627.755790739	205.928	375.083	0.9816	169.155	-54.51	
394	Spectrogram 1	1	628.232614678	629.082510120	764.876	1213.505	0.8499	448.629	-56.43	
395	Spectrogram 1	1	630.315457027	630.758360286	257.410	360.374	0.4429	102.964	-52.41	
396	Spectrogram 1	1	630.806241719	631.249144977	220.637	294.183	0.4429	73.546	-49.51	
397	Spectrogram 1	1	631.656137160	632.422240093	1088.477	1595.943	0.7661	507.466	-59.90	
398	Spectrogram 1	1	634.727310987	635.553265711	250.056	419.211	0.8260	169.155	-54.78	
399	Spectrogram 1	1	637.617745055	638.060648313	213.283	353.020	0.4429	139.737	-54.92	
400	Spectrogram 1	1	641.005356462	641.879192620	176.510	353.020	0.8738	176.510	-54.14	
401	Spectrogram 1	1	640.071668512	640.358957112	1309.115	1382.661	0.2873	73.546	-54.38	
402	Spectrogram 1	1	644.761988647	645.097158681	1309.115	1456.206	0.3352	147.091	-66.09	
403	Spectrogram 1	1	645.061247606	645.803409822	198.574	404.502	0.7422	205.928	-54.48	
404	Spectrogram 1	1	648.101718621	649.226932304	1132.605	1441.497	1.1252	308.892	-50.65	
405	Spectrogram 1	1	648.843880837	649.298754454	205.928	279.474	0.4549	73.546	-55.02	
406	Spectrogram 1	1	649.684900830	650.403122330	1257.633	1485.625	0.7182	227.992	-64.50	
407	Spectrogram 1	1	651.121343829	652.067002137	1198.796	1375.306	0.9457	176.510	-65.55	
408	Spectrogram 1	1	652.078972496	653.000690087	1132.605	1287.051	0.9217	154.446	-65.41	
409	Spectrogram 1	1	651.336810279	652.450053604	213.283	345.665	1.1132	132.382	-52.20	
410	Spectrogram 1	1	655.004145378	655.913892611	338.311	419.211	0.9097	80.900	-55.58	
411	Spectrogram 1	1	655.794189027	656.320884794	191.219	338.311	0.5267	147.092	-52.84	
412	Spectrogram 1	1	656.141329419	656.991224860	1162.023	1779.808	0.8499	617.785	-62.00	
413	Spectrogram 1	1	659.233090834	659.891460542	205.928	338.311	0.6584	132.383	-55.76	
414	Spectrogram 1	1	661.124407450	661.962332533	205.928	382.438	0.8379	176.510	-53.38	
415	Spectrogram 1	1	665.402071343	665.833751742	242.701	375.083	0.4317	132.382	-52.87	
416	Spectrogram 1	1	664.420210043	664.750318584	272.119	345.665	0.3301	73.546	-56.81	
417	Spectrogram 1	1	663.171335587	663.492979805	257.410	338.311	0.3216	80.901	-55.51	
418	Spectrogram 1	1	664.213061354	664.390812106	264.765	330.956	0.1778	66.191	-58.69	
419	Spectrogram 1	1	670.226740622	670.963136597	1191.442	1345.888	0.7364	154.446	-55.49	
420	Spectrogram 1	1	670.379098410	671.030851169	264.765	411.856	0.6518	147.091	-48.67	
421	Spectrogram 1	1	672.063498398	672.402071260	1264.987	1397.370	0.3386	132.383	-60.51	
422	Spectrogram 1	1	672.808358694	674.289614965	1081.123	1162.023	1.4813	80.900	-57.20	
423	Spectrogram 1	1	674.329405282	675.023479649	1095.832	1301.760	0.6941	205.928	-65.55	
424	Spectrogram 1	1	674.684906787	675.201230402	235.346	404.502	0.5163	169.156	-53.19	
425	Spectrogram 1	1	677.598143618	678.292217985	1066.414	1551.816	0.6941	485.402	-58.00	
426	Spectrogram 1	1	678.190646127	678.613862204	1684.953	1924.175	0.4232	239.222	-59.69	
427	Spectrogram 1	1	679.384115465	679.875046114	270.425	447.241	0.4909	176.816	-51.61	
428	Spectrogram 1	1	681.034658166	681.737196855	176.816	343.231	0.7025	166.415	-55.46	
429	Spectrogram 1	1	683.608784827	684.065858191	166.415	405.637	0.4571	239.222	-53.43	
430	Spectrogram 1	1	684.192823014	684.582181805	1206.509	1362.524	0.3894	156.015	-59.19	
431	Spectrogram 1	1	688.095338604	688.721698398	228.821	426.439	0.6264	197.618	-52.45	
432	Spectrogram 1	1	689.991346630	690.439955672	1133.703	1289.717	0.4486	156.014	-58.18	
433	Spectrogram 1	1	692.581429024	693.520968715	1102.500	1341.722	0.9395	239.222	-64.05	
434	Spectrogram 1	1	692.107427017	692.429071236	208.019	332.830	0.3216	124.811	-55.35	
435	Spectrogram 1	1	690.676956676	691.624960689	1164.906	1320.920	0.9480	156.014	-62.23	
436	Spectrogram 1	1	693.935572594	694.494217816	1289.717	2194.599	0.5586	904.882	-63.72	
437	Spectrogram 1	1	694.240288170	694.646575604	1102.500	1196.108	0.4063	93.608	-61.82	
438	Spectrogram 1	1	694.502682138	695.069791681	1227.311	1414.528	0.5671	187.217	-61.85	
439	Spectrogram 1	1	696.280189663	696.796513277	239.222	426.439	0.5163	187.217	-52.04	
440	Spectrogram 1	1	697.152014782	697.312836891	1071.297	1164.906	0.1608	93.609	-56.39	
441	Spectrogram 1	1	697.160479103	697.414408750	1175.307	1404.127	0.2539	228.820	-57.03	
443	Spectrogram 1	1	700.137338874	700.653662488	280.825	416.038	0.5163	135.213	-53.92	
444	Spectrogram 1	1	702.989815235	703.387638348	228.821	301.627	0.3978	72.806	-52.58	
445	Spectrogram 1	1	702.989815235	704.022462464	62.406	187.217	1.0326	124.811	-53.09	
446	Spectrogram 1	1	704.225606181	704.962002156	977.689	1424.929	0.7364	447.240	-57.36	
447	Spectrogram 1	1	705.652913261	706.177701197	1216.910	1341.722	0.5248	124.812	-59.70	
448	Spectrogram 1	1	705.432840901	705.796806727	93.608	197.618	0.3640	104.010	-53.41	
449	Spectrogram 1	1	705.635984618	706.067665017	260.024	457.642	0.4317	197.618	-53.92	
450	Spectrogram 1	1	706.931025815	707.354241892	239.222	353.632	0.4232	114.410	-55.31	
451	Spectrogram 1	1	706.626310239	707.159562496	884.080	1060.896	0.5333	176.816	-61.57	
452	Spectrogram 1	1	706.169236876	706.490881094	1081.698	1227.311	0.3216	145.613	-64.28	
453	Spectrogram 1	1	707.252670034	707.548921288	1133.703	1830.566	0.2963	696.863	-64.73	
455	Spectrogram 1	1	699.700041148	700.182507476	821.675	967.288	0.4825	145.613	-62.53	
456	Spectrogram 1	1	709.823288616	710.102611227	312.028	426.439	0.2793	114.411	-55.93	
457	Spectrogram 1	1	710.043360976	710.322683588	832.075	1081.698	0.2793	249.623	-54.14	
458	Spectrogram 1	1	710.229576051	710.407326803	1268.915	1726.557	0.1778	457.642	-60.00	
459	Spectrogram 1	1	711.499224283	712.167905685	738.467	936.085	0.6687	197.618	-59.44	
460	Spectrogram 1	1	713.369839344	713.615304669	811.274	1008.892	0.2455	197.618	-55.91	
461	Spectrogram 1	1	713.327517737	713.886162959	197.618	312.028	0.5586	114.410	-53.74	
462	Spectrogram 1	1	713.319053415	713.886162959	332.830	416.038	0.5671	83.208	-54.71	
464	Spectrogram 1	1	715.361871627	716.538412322	759.269	936.085	1.1765	176.816	-56.31	
465	Spectrogram 1	1	717.088593223	717.401773120	270.425	468.042	0.3132	197.617	-53.00	
466	Spectrogram 1	1	717.393308798	717.850382162	218.420	322.429	0.4571	104.009	-56.31	
467	Spectrogram 1	1	718.434420349	719.179280645	748.868	946.486	0.7449	197.618	-58.34	
468	Spectrogram 1	1	718.510599243	718.840707783	624.057	748.868	0.3301	124.811	-57.95	
469	Spectrogram 1	1	721.299372002	721.544837327	374.434	468.042	0.2455	93.608	-52.06	
470	Spectrogram 1	1	721.451729790	721.731052401	707.264	832.075	0.2793	124.811	-57.67	
471	Spectrogram 1	1	721.621016221	721.815695616	894.481	988.090	0.1947	93.609	-52.99	
472	Spectrogram 1	1	722.205054408	722.560555912	728.066	821.675	0.3555	93.609	-54.70	
473	Spectrogram 1	1	722.695985057	722.899128774	759.269	811.274	0.2031	52.005	-51.31	
474	Spectrogram 1	1	725.692354885	725.997070460	665.660	873.679	0.3047	208.019	-57.01	
475	Spectrogram 1	1	726.140963927	726.504929753	270.425	364.033	0.3640	93.608	-52.70	
476	Spectrogram 1	1	723.842378687	724.214808835	218.420	312.028	0.3724	93.608	-52.30	
477	Spectrogram 1	1	729.222442854	729.704909182	686.462	852.877	0.4825	166.415	-53.44	
478	Spectrogram 1	1	729.738766468	730.178911188	780.071	946.486	0.4401	166.415	-55.31	
479	Spectrogram 1	1	731.363916205	732.007204642	551.250	998.491	0.6433	447.241	-54.18	
480	Spectrogram 1	1	732.362706147	733.107566444	728.066	852.877	0.7449	124.811	-57.18	
481	Spectrogram 1	1	733.319174482	733.801640810	187.217	353.632	0.4825	166.415	-53.26	
482	Spectrogram 1	1	738.974566668	739.770212893	551.250	624.057	0.7956	72.807	-56.53	
483	Spectrogram 1	1	739.804070179	740.269607865	509.646	686.462	0.4655	176.816	-52.55	
484	Spectrogram 1	1	739.981820932	740.557394797	738.467	884.080	0.5756	145.613	-54.09	
485	Spectrogram 1	1	742.428009859	743.206727441	468.042	977.689	0.7787	509.647	-51.22	
486	Spectrogram 1	1	745.942676877	747.243280895	468.042	603.255	1.3006	135.213	-51.97	
487	Spectrogram 1	1	747.285602502	748.174356265	436.840	998.491	0.8888	561.651	-47.20	
488	Spectrogram 1	1	748.115106014	748.360571339	530.448	728.066	0.2455	197.618	-51.28	
489	Spectrogram 1	1	749.444004497	749.918006504	488.844	603.255	0.4740	114.411	-57.32	
490	Spectrogram 1	1	750.138078864	751.060689912	364.033	956.887	0.9226	592.854	-48.38	
491	Spectrogram 1	1	751.069154234	751.517763276	603.255	832.075	0.4486	228.820	-54.68	
492	Spectrogram 1	1	751.610870813	751.915586389	572.052	821.675	0.3047	249.623	-55.10	
493	Spectrogram 1	1	751.974836639	752.448838646	676.061	873.679	0.4740	197.618	-56.27	
494	Spectrogram 1	1	752.360418441	753.130671702	166.415	291.226	0.7703	124.811	-52.99	
495	Spectrogram 1	1	755.272145053	755.898504848	551.250	894.481	0.6264	343.231	-55.23	
496	Spectrogram 1	1	756.515284586	757.378645384	447.241	582.453	0.8634	135.212	-52.16	
497	Spectrogram 1	1	757.404038349	758.157362967	488.844	696.863	0.7533	208.019	-46.03	
498	Spectrogram 1	1	759.443939842	760.112621244	395.236	717.665	0.6687	322.429	-50.59	
499	Spectrogram 1	1	761.746235302	762.194844344	696.863	811.274	0.4486	114.411	-57.29	
500	Spectrogram 1	1	762.357299322	762.712800827	239.222	301.627	0.3555	62.405	-51.95	
501	Spectrogram 1	1	762.501192788	762.932873187	457.642	655.259	0.4317	197.617	-48.78	
502	Spectrogram 1	1	763.262981728	763.474589766	197.618	800.873	0.2116	603.255	-56.07	
503	Spectrogram 1	1	764.625737497	765.226704326	426.439	572.052	0.6010	145.613	-48.45	
504	Spectrogram 1	1	765.226704326	765.802278192	582.453	832.075	0.5756	249.622	-57.32	
505	Spectrogram 1	1	765.243632969	766.022350552	364.033	509.646	0.7787	145.613	-48.72	
506	Spectrogram 1	1	766.081600803	766.521745523	395.236	520.047	0.4401	124.811	-47.33	
507	Spectrogram 1	1	765.971564622	766.369387735	166.415	312.028	0.3978	145.613	-53.96	
508	Spectrogram 1	1	764.693452069	765.099739503	1861.769	2028.184	0.4063	166.415	-60.26	
509	Spectrogram 1	1	767.429567857	767.564997002	239.222	748.868	0.1354	509.646	-55.41	
510	Spectrogram 1	1	768.030534687	768.445286442	384.835	499.245	0.4148	114.410	-56.94	
511	Spectrogram 1	1	768.555322622	769.740327639	332.830	551.250	1.1850	218.420	-46.78	
512	Spectrogram 1	1	769.300182919	769.562576887	707.264	811.274	0.2624	104.010	-57.73	
513	Spectrogram 1	1	771.687121595	772.211909531	187.217	468.042	0.5248	280.825	-55.23	
514	Spectrogram 1	1	771.839479383	772.296552746	613.656	738.467	0.4571	124.811	-53.84	
515	Spectrogram 1	1	772.228838174	772.719768824	488.844	821.675	0.4909	332.831	-47.31	
516	Spectrogram 1	1	772.760941922	773.387301716	748.868	852.877	0.6264	104.009	-56.23	
517	Spectrogram 1	1	774.806012149	775.830195056	374.434	499.245	1.0242	124.811	-49.31	
518	Spectrogram 1	1	775.974088522	776.803592034	686.462	811.274	0.8295	124.812	-55.90	
519	Spectrogram 1	1	775.923302593	776.947485500	322.429	509.646	1.0242	187.217	-48.68	
520	Spectrogram 1	1	778.369491520	779.461388999	312.028	478.443	1.0919	166.415	-46.41	
521	Spectrogram 1	1	775.127455625	775.474492808	644.858	738.467	0.3470	93.609	-55.13	
522	Spectrogram 1	1	780.768704745	780.887205247	208.019	426.439	0.1185	218.420	-55.09	
523	Spectrogram 1	1	781.234242431	781.640529865	218.420	322.429	0.4063	104.009	-53.01	
524	Spectrogram 1	1	781.522029363	781.852137903	343.231	457.642	0.3301	114.411	-39.93	
525	Spectrogram 1	1	782.859392168	784.052861506	624.057	780.071	1.1935	156.014	-54.22	
527	Spectrogram 1	1	784.239076580	785.957333854	249.623	468.042	1.7183	218.419	-46.54	
528	Spectrogram 1	1	786.500296852	786.737297856	582.453	665.660	0.2370	83.207	-56.30	
529	Spectrogram 1	1	788.108517946	788.455555130	634.458	728.066	0.3470	93.608	-56.53	
530	Spectrogram 1	1	787.583730010	788.938021458	260.024	436.840	1.3543	176.816	-45.00	
531	Spectrogram 1	1	791.104887774	791.765104854	301.627	426.439	0.6602	124.812	-39.84	
532	Spectrogram 1	1	792.264499826	792.848538012	540.849	759.269	0.5840	218.420	-56.95	
533	Spectrogram 1	1	793.619189503	794.186299046	644.858	780.071	0.5671	135.213	-54.67	
534	Spectrogram 1	1	794.558729194	795.058124166	592.854	676.061	0.4994	83.207	-56.46	
535	Spectrogram 1	1	795.091981452	795.405161349	603.255	686.462	0.3132	83.207	-58.20	
536	Spectrogram 1	1	793.432974429	794.397907085	260.024	468.042	0.9649	208.018	-45.28	
537	Spectrogram 1	1	794.482550300	795.786055819	208.019	374.434	1.3035	166.415	-42.55	
538	Spectrogram 1	1	795.779910404	796.101554622	540.849	728.066	0.3216	187.217	-59.80	
539	Spectrogram 1	1	796.592485272	797.210380745	270.425	384.835	0.6179	114.410	-48.63	
540	Spectrogram 1	1	797.311952604	798.767815910	218.420	436.840	1.4559	218.420	-40.92	
541	Spectrogram 1	1	799.928703751	800.334991186	187.217	312.028	0.4063	124.811	-52.18	
542	Spectrogram 1	1	801.316852485	802.171748961	176.816	364.033	0.8549	187.217	-41.22	
543	Spectrogram 1	1	804.524214494	806.750331061	176.816	312.028	2.2261	135.212	-38.22	
544	Spectrogram 1	1	805.751541118	806.301722019	416.038	499.245	0.5502	83.207	-52.08	
545	Spectrogram 1	1	807.512120000	808.028443614	187.217	374.434	0.5163	187.217	-50.26	
546	Spectrogram 1	1	808.079229543	809.289627525	187.217	301.627	1.2104	114.410	-36.59	
547	Spectrogram 1	1	811.163213845	812.365147505	166.415	332.830	1.2019	166.415	-37.66	
548	Spectrogram 1	1	811.442536456	811.772644997	436.840	551.250	0.3301	114.410	-57.22	
549	Spectrogram 1	1	813.008435942	813.761760560	176.816	322.429	0.7533	145.613	-55.36	
550	Spectrogram 1	1	813.812546489	815.886305268	145.613	312.028	2.0738	166.415	-44.35	
551	Spectrogram 1	1	817.089016912	817.588411883	187.217	301.627	0.4994	114.410	-46.88	
552	Spectrogram 1	1	817.647662134	818.595666147	156.014	312.028	0.9480	156.014	-37.53	
553	Spectrogram 1	1	818.147057105	818.553344539	343.231	468.042	0.4063	124.811	-55.46	
554	Spectrogram 1	1	819.162775691	819.450562623	218.420	312.028	0.2878	93.608	-53.18	
555	Spectrogram 1	1	821.118033968	821.939073158	374.434	540.849	0.8210	166.415	-56.36	
556	Spectrogram 1	1	821.329642007	822.286110341	166.415	332.830	0.9565	166.415	-36.59	
557	Spectrogram 1	1	822.590825917	822.895541493	228.821	301.627	0.3047	72.806	-53.49	
558	Spectrogram 1	1	823.535416291	823.704702722	239.222	873.679	0.1693	634.457	-56.26	
559	Spectrogram 1	1	823.636988150	824.102525835	197.618	301.627	0.4655	104.009	-52.99	
560	Spectrogram 1	1	824.246419301	824.957422311	166.415	291.226	0.7110	124.811	-47.73	
561	Spectrogram 1	1	825.126708742	826.201677579	114.410	270.425	1.0750	156.015	-40.55	
562	Spectrogram 1	1	827.420539881	827.750648422	187.217	280.825	0.3301	93.608	-44.64	
563	Spectrogram 1	1	827.903006209	829.003368011	114.410	301.627	1.1004	187.217	-39.40	
564	Spectrogram 1	1	831.360878393	832.275025120	161.801	338.311	0.9141	176.510	-39.37	
565	Spectrogram 1	1	836.041714984	836.448002418	161.801	294.183	0.4063	132.382	-45.58	
566	Spectrogram 1	1	836.354894881	836.888147139	257.410	419.211	0.5333	161.801	-54.77	
567	Spectrogram 1	1	837.641471757	838.242438586	205.928	323.601	0.6010	117.673	-45.35	
568	Spectrogram 1	1	838.284760194	839.055013455	169.155	308.892	0.7703	139.737	-36.72	
569	Spectrogram 1	1	841.391166202	842.203741070	169.155	308.892	0.8126	139.737	-37.97	
570	Spectrogram 1	1	843.897958045	844.287316836	80.900	161.801	0.3894	80.900	-52.56	
571	Spectrogram 1	1	844.067244476	844.778247485	132.382	301.538	0.7110	169.155	-49.73	
572	Spectrogram 1	1	844.955998238	845.387678637	117.673	198.574	0.4317	80.900	-47.04	
573	Spectrogram 1	1	847.038221338	848.003153995	132.382	345.665	0.9649	213.283	-37.85	
574	Spectrogram 1	1	851.195400914	852.075690355	161.801	345.665	0.8803	183.864	-38.91	
575	Spectrogram 1	1	852.843963743	853.174072283	264.765	382.438	0.3301	117.673	-53.78	
576	Spectrogram 1	1	855.053151667	855.340938599	301.538	404.502	0.2878	102.964	-54.65	
577	Spectrogram 1	1	854.732088856	855.248412471	191.219	360.374	0.5163	169.155	-48.07	
578	Spectrogram 1	1	854.765946143	855.358448651	58.837	191.219	0.5925	132.382	-46.34	
579	Spectrogram 1	1	856.628096883	857.135956176	154.446	353.020	0.5079	198.574	-44.08	
580	Spectrogram 1	1	859.891572136	860.027001281	139.212	197.827	0.1354	58.615	-47.96	
581	Spectrogram 1	1	861.161220368	861.516721873	124.558	395.654	0.3555	271.096	-47.28	
582	Spectrogram 1	1	862.061037562	862.662004392	43.962	190.500	0.6010	146.539	-48.43	
583	Spectrogram 1	1	864.168653627	864.617262669	87.923	432.289	0.4486	344.366	-47.80	
584	Spectrogram 1	1	866.037307142	866.239304596	168.519	439.616	0.2020	271.096	-52.27	
586	Spectrogram 1	1	867.703632223	868.126848301	102.577	461.597	0.4232	359.020	-49.12	
587	Spectrogram 1	1	868.814797402	869.339585337	58.615	241.789	0.5248	183.173	-46.95	
588	Spectrogram 1	1	871.083235576	871.464130046	80.596	490.904	0.3809	410.308	-47.78	
589	Spectrogram 1	1	871.564381989	871.979133745	256.443	351.693	0.4148	95.250	-54.35	
590	Spectrogram 1	1	872.046848317	872.275384999	271.096	381.000	0.2285	109.904	-53.35	
591	Spectrogram 1	1	873.388025094	873.506525596	512.885	637.443	0.1185	124.558	-46.06	
592	Spectrogram 1	1	873.066380875	873.421882380	344.366	439.616	0.3555	95.250	-50.92	
593	Spectrogram 1	1	873.049452232	873.269524593	168.519	249.116	0.2201	80.596	-48.12	
594	Spectrogram 1	1	876.383575795	876.993006946	58.615	175.846	0.6094	117.231	-45.86	
595	Spectrogram 1	1	878.502140985	878.942285705	87.923	446.943	0.4401	359.020	-47.28	
596	Spectrogram 1	1	882.136190265	882.415512876	102.577	424.962	0.2793	322.385	-46.51	
597	Spectrogram 1	1	884.236979078	884.753302692	227.135	322.385	0.5163	95.250	-53.56	
598	Spectrogram 1	1	883.737584106	884.287765007	58.615	175.846	0.5502	117.231	-45.14	
599	Spectrogram 1	1	885.709771027	885.946772030	234.462	505.558	0.2370	271.096	-51.71	
600	Spectrogram 1	1	886.141451426	886.547738860	87.923	571.500	0.4063	483.577	-47.47	
601	Spectrogram 1	1	887.297107932	887.542573257	131.885	381.000	0.2455	249.116	-51.48	
603	Spectrogram 1	1	889.858287526	890.205324710	87.923	498.231	0.3470	410.308	-46.62	
604	Spectrogram 1	1	891.405308322	892.090918368	36.635	249.116	0.6856	212.481	-46.81	
605	Spectrogram 1	1	893.512924387	893.919211822	87.923	512.885	0.4063	424.962	-46.65	
606	Spectrogram 1	1	894.505760437	894.785083048	271.096	476.250	0.2793	205.154	-53.98	
607	Spectrogram 1	1	895.760553634	896.006018958	131.885	212.481	0.2455	80.596	-48.67	
608	Spectrogram 1	1	895.214645888	895.477039855	58.615	322.385	0.2624	263.769	-48.57	
609	Spectrogram 1	1	897.074872206	897.523481248	58.615	424.962	0.4486	366.346	-45.71	
610	Spectrogram 1	1	898.192162650	898.903165660	36.635	278.423	0.7110	241.789	-47.38	
611	Spectrogram 1	1	903.734533975	904.132357088	146.539	498.231	0.3978	351.693	-46.74	
612	Spectrogram 1	1	904.437072664	904.826431455	241.789	300.404	0.3894	58.615	-50.28	
613	Spectrogram 1	1	905.647470645	906.231508832	36.635	205.154	0.5840	168.519	-45.53	
614	Spectrogram 1	1	908.133081750	908.446261648	73.269	366.346	0.3132	293.077	-45.04	
615	Spectrogram 1	1	910.409984247	910.723164144	95.250	461.597	0.3132	366.346	-46.32	
616	Spectrogram 1	1	912.793961315	913.090212570	139.212	718.039	0.2963	578.827	-46.38	
617	Spectrogram 1	1	913.843537187	914.520682911	36.635	249.116	0.6771	212.481	-46.94	
618	Spectrogram 1	1	916.171225613	916.492869831	58.615	571.500	0.3216	512.885	-46.52	
619	Spectrogram 1	1	917.145898380	917.323649133	131.885	293.077	0.1778	161.192	-47.85	
620	Spectrogram 1	1	920.680214947	921.027252131	87.923	659.424	0.3470	571.500	-45.55	
621	Spectrogram 1	1	921.779997867	922.516393841	43.962	219.808	0.7364	175.846	-44.20	
622	Spectrogram 1	1	924.082293328	924.463187797	80.596	578.827	0.3809	498.231	-45.64	
623	Spectrogram 1	1	925.081083270	925.351941560	161.192	241.789	0.2709	80.596	-44.45	
624	Spectrogram 1	1	927.696558628	927.925095310	146.539	249.116	0.2285	102.577	-52.39	
625	Spectrogram 1	1	928.223278111	928.511065043	80.596	366.346	0.2878	285.750	-47.57	
626	Spectrogram 1	1	928.983855203	929.821823036	183.173	329.712	0.8380	146.539	-53.59	
627	Spectrogram 1	1	930.101145647	930.693648155	43.962	234.462	0.5925	190.500	-45.73	
628	Spectrogram 1	1	932.386512464	932.716621005	73.269	564.174	0.3301	490.904	-46.16	
629	Spectrogram 1	1	932.868978793	933.334516478	183.173	256.443	0.4655	73.269	-49.25	
630	Spectrogram 1	1	935.779550168	936.075801422	124.558	527.539	0.2963	402.981	-44.09	
631	Spectrogram 1	1	936.930697898	937.827915982	36.635	168.519	0.8972	131.885	-46.19	
632	Spectrogram 1	1	939.424159565	939.838911320	80.596	622.789	0.4148	542.193	-48.64	
633	Spectrogram 1	1	937.845731440	938.429769626	175.846	285.750	0.5840	109.904	-48.84	
634	Spectrogram 1	1	939.666239005	940.343384729	139.212	234.462	0.6771	95.250	-49.29	
635	Spectrogram 1	1	940.696663589	941.449988207	95.250	227.135	0.7533	131.885	-48.19	
636	Spectrogram 1	1	942.563120863	942.842443474	80.596	476.250	0.2793	395.654	-44.53	
637	Spectrogram 1	1	944.298306780	944.890809289	43.962	190.500	0.5925	146.539	-46.69	
638	Spectrogram 1	1	946.448244453	946.778352994	65.942	725.366	0.3301	659.424	-45.81	
639	Spectrogram 1	1	947.530682000	947.767683003	307.731	410.308	0.2370	102.577	-51.93	
640	Spectrogram 1	1	947.462967427	947.742290038	153.866	227.135	0.2793	73.269	-47.55	
641	Spectrogram 1	1	947.810004611	948.157041794	278.423	344.366	0.3470	65.942	-49.03	
642	Spectrogram 1	1	950.764052831	951.017982477	241.789	703.385	0.2539	461.597	-45.54	
643	Spectrogram 1	1	951.689054185	951.993769761	139.212	205.154	0.3047	65.942	-49.87	
644	Spectrogram 1	1	952.137663227	952.772487343	36.635	234.462	0.6348	197.827	-44.96	
645	Spectrogram 1	1	953.754348642	954.270672257	256.443	322.385	0.5163	65.942	-47.99	
646	Spectrogram 1	1	954.592316475	954.964746624	29.308	571.500	0.3724	542.193	-46.26	
647	Spectrogram 1	1	955.870429029	956.031251138	271.096	359.020	0.1608	87.923	-48.66	
648	Spectrogram 1	1	957.011180866	957.307432120	80.596	542.193	0.2963	461.597	-46.64	
649	Spectrogram 1	1	957.104288403	957.265110512	564.174	710.712	0.1608	146.539	-46.65	
650	Spectrogram 1	1	957.347739009	957.796348051	278.423	344.366	0.4486	65.942	-55.85	
651	Spectrogram 1	1	957.923312874	958.228028450	131.885	278.423	0.3047	146.539	-49.08	
652	Spectrogram 1	1	959.517412361	959.881378187	73.269	498.231	0.3640	424.962	-45.30	
653	Spectrogram 1	1	959.906771152	960.524666625	842.597	915.866	0.6179	73.269	-62.17	
654	Spectrogram 1	1	960.668560091	961.167955062	51.289	205.154	0.4994	153.866	-47.69	
655	Spectrogram 1	1	961.765529280	962.256459930	109.904	212.481	0.4909	102.577	-50.52	?
656	Spectrogram 1	1	962.928835149	963.411301477	65.942	549.520	0.4825	483.577	-48.63	
657	Spectrogram 1	1	964.697878352	965.239594931	139.212	263.769	0.5417	124.558	-48.31	
658	Spectrogram 1	1	967.050959742	967.516497427	95.250	476.250	0.4655	381.000	-45.23	
659	Spectrogram 1	1	965.129558751	965.332702468	329.712	410.308	0.2031	80.596	-46.51	
660	Spectrogram 1	1	964.088447201	964.325448204	300.404	381.000	0.2370	80.596	-49.84	
661	Spectrogram 1	1	968.538795564	969.175847229	249.116	337.039	0.6371	87.923	-50.68	
662	Spectrogram 1	1	971.609250562	972.040930961	95.250	476.250	0.4317	381.000	-46.20	
663	Spectrogram 1	1	974.733949228	975.766596457	153.866	278.423	1.0326	124.558	-51.29	
664	Spectrogram 1	1	975.902025601	976.181348212	124.558	534.866	0.2793	410.308	-48.18	
665	Spectrogram 1	1	979.726984405	979.938592443	395.654	652.097	0.2116	256.443	-49.75	
666	Spectrogram 1	1	979.210660790	979.710055762	197.827	285.750	0.4994	87.923	-47.89	
667	Spectrogram 1	1	984.331515708	984.703945856	95.250	234.462	0.3724	139.212	-48.71	
668	Spectrogram 1	1	984.924018216	985.313377007	80.596	205.154	0.3894	124.558	-50.32	
669	Spectrogram 1	1	985.651949869	986.312166950	161.192	293.077	0.6602	131.885	-49.31	
670	Spectrogram 1	1	986.425952398	986.789918224	65.942	542.193	0.3640	476.250	-48.08	
671	Spectrogram 1	1	988.361727478	988.674907375	109.904	197.827	0.3132	87.923	-48.29	
672	Spectrogram 1	1	987.545854951	987.698212739	139.212	219.808	0.1524	80.596	-46.58	
673	Spectrogram 1	1	989.390579242	989.847652606	190.500	285.750	0.4571	95.250	-49.09	
674	Spectrogram 1	1	989.839188284	990.287797326	95.250	556.847	0.4486	461.597	-48.90	
675	Spectrogram 1	1	991.105518709	991.698021217	58.615	183.173	0.5925	124.558	-47.71	
676	Spectrogram 1	1	991.808057397	992.527524728	109.904	212.481	0.7195	102.577	-50.22	
677	Spectrogram 1	1	993.330169613	993.592563580	95.250	468.923	0.2624	373.673	-51.73	
678	Spectrogram 1	1	994.498245986	994.955319349	190.500	263.769	0.4571	73.269	-42.47	
679	Spectrogram 1	1	996.850349080	997.112743048	95.250	608.135	0.2624	512.885	-52.88	
680	Spectrogram 1	1	998.981706741	999.523423320	51.289	175.846	0.5417	124.558	-48.15	
681	Spectrogram 1	1	1002.621737610	1002.884131578	175.846	256.443	0.2624	80.596	-47.26	
682	Spectrogram 1	1	1004.957890357	1005.338784827	161.192	271.096	0.3809	109.904	-49.69	
683	Spectrogram 1	1	1005.338784827	1005.668893367	87.923	337.039	0.3301	249.116	-49.20	
684	Spectrogram 1	1	1006.930077278	1007.285578783	87.923	161.192	0.3555	73.269	-49.67	
685	Spectrogram 1	1	1000.182262541	1000.503906760	263.769	344.366	0.3216	80.596	-56.11	
686	Spectrogram 1	1	1007.722229277	1008.221624248	212.481	300.404	0.4994	87.923	-47.57	
687	Spectrogram 1	1	1008.737947863	1009.093449367	161.192	381.000	0.3555	219.808	-47.07	
688	Spectrogram 1	1	1009.804452377	1010.473133780	109.904	219.808	0.6687	109.904	-49.82	
689	Spectrogram 1	1	1012.398439040	1012.847048082	197.827	307.731	0.4486	109.904	-50.75	
690	Spectrogram 1	1	1013.321050089	1013.583444057	212.481	366.346	0.2624	153.866	-45.39	
691	Spectrogram 1	1	1010.680075521	1010.857826274	271.096	337.039	0.1778	65.942	-52.72	
692	Spectrogram 1	1	1016.582461295	1017.014141694	227.135	373.673	0.4317	146.539	-51.22	
693	Spectrogram 1	1	1017.976812659	1018.247670948	256.443	337.039	0.2709	80.596	-51.44	
694	Spectrogram 1	1	1018.332314164	1018.586243810	161.192	359.020	0.2539	197.827	-47.12	
695	Spectrogram 1	1	1018.758860708	1019.088969248	153.866	219.808	0.3301	65.942	-50.93	
696	Spectrogram 1	1	1019.241327036	1019.986187332	95.250	183.173	0.7449	87.923	-44.66	
697	Spectrogram 1	1	1021.746766214	1022.237696864	263.769	373.673	0.4909	109.904	-44.60	
698	Spectrogram 1	1	1022.330804401	1023.117986305	256.443	329.712	0.7872	73.269	-55.98	
699	Spectrogram 1	1	1025.848922008	1026.365245622	263.769	359.020	0.5163	95.250	-49.84	
700	Spectrogram 1	1	1026.737675770	1026.881569237	439.616	505.558	0.1439	65.942	-52.55	
701	Spectrogram 1	1	1028.328968221	1028.540576260	131.885	205.154	0.2116	73.269	-50.75	
702	Spectrogram 1	1	1028.591362189	1028.777577263	117.231	190.500	0.1862	73.269	-46.25	
703	Spectrogram 1	1	1028.864650287	1029.135508576	263.769	388.327	0.2709	124.558	-57.94	
704	Spectrogram 1	1	1030.020772703	1030.139273204	278.423	322.385	0.1185	43.962	-49.25	
705	Spectrogram 1	1	1030.917990787	1031.121134504	271.096	381.000	0.2031	109.904	-48.92	
706	Spectrogram 1	1	1031.690963280	1032.012607499	80.596	388.327	0.3216	307.731	-47.71	
707	Spectrogram 1	1	1034.605587680	1035.629770588	388.327	542.193	1.0242	153.866	-57.47	
708	Spectrogram 1	1	1036.749737812	1037.223739819	271.096	337.039	0.4740	65.942	-49.99	
709	Spectrogram 1	1	1037.824706649	1038.815032270	329.712	446.943	0.9903	117.231	-55.19	
710	Spectrogram 1	1	1039.310696449	1039.564626095	307.731	381.000	0.2539	73.269	-48.89	
711	Spectrogram 1	1	1041.467391623	1042.440788601	373.673	710.712	0.9734	337.039	-49.17	
712	Spectrogram 1	1	1042.624634827	1042.810849901	285.750	381.000	0.1862	95.250	-50.72	
713	Spectrogram 1	1	1045.429859907	1046.225506132	307.731	410.308	0.7956	102.577	-52.61	
714	Spectrogram 1	1	1046.360935277	1046.470971457	190.500	263.769	0.1100	73.269	-48.21	
715	Spectrogram 1	1	1046.800767897	1047.097019151	146.539	344.366	0.2963	197.827	-50.09	
716	Spectrogram 1	1	1047.638735730	1047.765700554	197.827	344.366	0.1270	146.539	-49.95	
717	Spectrogram 1	1	1047.867272412	1048.561346779	373.673	454.270	0.6941	80.596	-57.69	
718	Spectrogram 1	1	1048.239702560	1048.392060348	87.923	366.346	0.1524	278.423	-49.24	
719	Spectrogram 1	1	1049.026884464	1049.704030188	263.769	388.327	0.6771	124.558	-52.58	
720	Spectrogram 1	1	1051.531464557	1051.726143953	175.846	351.693	0.1947	175.846	-49.42	
721	Spectrogram 1	1	1051.988537920	1052.090109779	205.154	307.731	0.1016	102.577	-49.24	
722	Spectrogram 1	1	1052.640290680	1053.029649471	351.693	432.289	0.3894	80.596	-53.19	
723	Spectrogram 1	1	1053.466582530	1054.465372472	637.443	725.366	0.9988	87.923	-56.27	
724	Spectrogram 1	1	1054.160656896	1055.421840807	373.673	637.443	1.2612	263.769	-46.77	
725	Spectrogram 1	1	1056.716214896	1057.156359616	263.769	337.039	0.4401	73.269	-48.74	
726	Spectrogram 1	1	1058.078970665	1059.263975682	329.712	578.827	1.1850	249.116	-49.36	
727	Spectrogram 1	1	1059.881871155	1060.499766627	219.808	337.039	0.6179	117.231	-49.04	
728	Spectrogram 1	1	1062.276109239	1063.080219786	307.731	490.904	0.8041	183.173	-57.63	
729	Spectrogram 1	1	1063.071755464	1064.002830834	351.693	732.693	0.9311	381.000	-47.49	
730	Spectrogram 1	1	1068.295814438	1068.558208406	153.866	337.039	0.2624	183.173	-48.17	
731	Spectrogram 1	1	1068.905245589	1069.082996342	190.500	359.020	0.1778	168.519	-46.56	
732	Spectrogram 1	1	1069.269211416	1069.455426490	234.462	542.193	0.1862	307.731	-48.88	
733	Spectrogram 1	1	1070.226004054	1070.319111591	227.135	322.385	0.0931	95.250	-42.85	
734	Spectrogram 1	1	1071.394080427	1071.504116607	249.116	322.385	0.1100	73.269	-38.94	
735	Spectrogram 1	1	1072.130476402	1072.282834190	183.173	315.058	0.1524	131.885	-42.76	
736	Spectrogram 1	1	1072.604478409	1072.748371875	234.462	410.308	0.1439	175.846	-46.66	
737	Spectrogram 1	1	1073.696375888	1073.823340711	205.154	359.020	0.1270	153.866	-45.86	
738	Spectrogram 1	1	1075.132993492	1075.894782431	139.212	241.789	0.7618	102.577	-52.33	
739	Spectrogram 1	1	1078.409198466	1079.289487907	710.712	791.308	0.8803	80.596	-60.93	
740	Spectrogram 1	1	1079.543417554	1080.592993425	410.308	747.347	1.0496	337.039	-49.06	
741	Spectrogram 1	1	1081.100852718	1082.277393413	153.866	315.058	1.1765	161.192	-52.41	
742	Spectrogram 1	1	1084.961475178	1085.545513365	227.135	307.731	0.5840	80.596	-51.27	
743	Spectrogram 1	1	1085.333921730	1086.256532779	2447.194	2696.310	0.9226	249.116	-50.32	un
744	Spectrogram 1	1	1088.757792993	1089.477260325	520.212	783.981	0.7195	263.769	-48.07	
746	Spectrogram 1	1	1090.055027920	1091.134228918	1362.809	1465.386	1.0792	102.577	-61.40	un
747	Spectrogram 1	1	1099.398657571	1100.482090729	1472.713	1553.309	1.0834	80.596	-59.53	
748	Spectrogram 1	1	1102.604001323	1103.475826443	402.981	674.077	0.8718	271.096	-47.36	
749	Spectrogram 1	1	1105.242727621	1105.538978875	234.462	307.731	0.2963	73.269	-47.40	
750	Spectrogram 1	1	1106.427732638	1107.511165796	424.962	615.462	1.0834	190.500	-47.09	
751	Spectrogram 1	1	1111.504065490	1112.096567998	454.270	703.385	0.5925	249.116	-47.12	
752	Spectrogram 1	1	1114.621420622	1115.019243735	241.789	337.039	0.3978	95.250	-51.24	
753	Spectrogram 1	1	1121.698397044	1122.561757842	307.731	622.789	0.8634	315.058	-52.32	
754	Spectrogram 1	1	1124.202184853	1124.447650178	263.769	556.847	0.2455	293.077	-49.88	
755	Spectrogram 1	1	1124.583079323	1124.938580828	234.462	293.077	0.3555	58.615	-49.99	
756	Spectrogram 1	1	1129.527560925	1130.170849363	446.943	688.731	0.6433	241.789	-54.98	
757	Spectrogram 1	1	1130.652334926	1131.414123865	153.866	322.385	0.7618	168.519	-53.61	
758	Spectrogram 1	1	1133.443296942	1134.281264775	476.250	710.712	0.8380	234.462	-53.38	
759	Spectrogram 1	1	1133.722619553	1134.095049701	153.866	212.481	0.3724	58.615	-50.59	
760	Spectrogram 1	1	1134.808339638	1135.417770790	219.808	315.058	0.6094	95.250	-53.22	
761	Spectrogram 1	1	1141.177536816	1141.660003144	197.827	271.096	0.4825	73.269	-50.29	
765	Spectrogram 1	1	1139.069824589	1139.272968306	271.096	322.385	0.2031	51.289	-50.11	
767	Spectrogram 1	1	1164.043446501	1164.161947003	234.462	446.943	0.1185	212.481	-45.66	
768	Spectrogram 1	1	1164.635949009	1164.779842475	285.750	417.635	0.1439	131.885	-48.17	
769	Spectrogram 1	1	1169.033248691	1170.015109990	402.981	762.001	0.9819	359.020	-49.96	
770	Spectrogram 1	1	1170.799987718	1171.426347512	190.500	278.423	0.6264	87.923	-50.73	
771	Spectrogram 1	1	1174.605798978	1175.130586914	219.808	300.404	0.5248	80.596	-48.67	
772	Spectrogram 1	1	1176.758494508	1177.774213093	337.039	659.424	1.0157	322.385	-47.82	
773	Spectrogram 1	1	1181.257558025	1181.621523852	205.154	293.077	0.3640	87.923	-47.61	
774	Spectrogram 1	1	1190.018042443	1191.135332887	505.558	849.924	1.1173	344.366	-45.51	
775	Spectrogram 1	1	1191.194583138	1191.482370070	212.481	278.423	0.2878	65.942	-50.17	
776	Spectrogram 1	1	1191.567013286	1191.761692681	205.154	293.077	0.1947	87.923	-49.37	
777	Spectrogram 1	1	1193.463021312	1194.461811255	578.827	967.155	0.9988	388.327	-50.39	
778	Spectrogram 1	1	1197.903047981	1198.732551493	512.885	923.193	0.8295	410.308	-45.54	
779	Spectrogram 1	1	1209.800186033	1211.069834265	556.847	901.212	1.2696	344.366	-46.68	
780	Spectrogram 1	1	1213.084342793	1214.328598061	659.424	930.520	1.2443	271.096	-49.28	
781	Spectrogram 1	1	1214.514813135	1215.005743784	219.808	300.404	0.4909	80.596	-51.21	
