Selection	View	Channel	Begin Time (s)	End Time (s)	Low Freq (Hz)	High Freq (Hz)	Delta Time (s)	Delta Freq (Hz)	Avg Power Density (dB FS/Hz)	Annotation
1	Spectrogram 1	1	2.008107959	2.699544400	169.279	347.962	0.6914	178.683	-33.01	
3	Spectrogram 1	1	5.619289149	6.185678574	159.875	423.197	0.5664	263.322	-37.54	
4	Spectrogram 1	1	8.171719413	8.716041717	141.066	319.749	0.5443	178.683	-36.66	
5	Spectrogram 1	1	11.245462538	12.098724529	150.470	338.558	0.8533	188.088	-27.89	
6	Spectrogram 1	1	16.927039462	17.456650353	987.461	1203.762	0.5296	216.301	-49.67	
7	Spectrogram 1	1	17.419871818	17.839147107	272.727	470.219	0.4193	197.492	-45.55	
8	Spectrogram 1	1	18.250124979	18.522286131	291.536	432.602	0.2722	141.066	-40.43	
9	Spectrogram 1	1	20.015494614	20.934957965	150.470	366.771	0.9195	216.301	-34.17	
10	Spectrogram 1	1	24.203863667	24.770253091	159.875	357.367	0.5664	197.492	-36.88	
11	Spectrogram 1	1	30.076689580	30.944662984	169.279	319.749	0.8680	150.470	-31.45	
12	Spectrogram 1	1	33.584420020	34.297923580	150.470	357.367	0.7135	206.897	-39.19	
13	Spectrogram 1	1	36.805748748	37.666366445	103.448	263.323	0.8606	159.875	-35.75	
14	Spectrogram 1	1	39.438150078	40.497371858	112.853	338.558	1.0592	225.705	-34.65	
15	Spectrogram 1	1	43.005667881	43.498500237	150.470	366.771	0.4928	216.301	-38.21	
16	Spectrogram 1	1	36.743462926	37.390765125	931.034	1090.909	0.6473	159.875	-50.91	
17	Spectrogram 1	1	45.885194109	46.856147408	75.235	216.301	0.9710	141.066	-38.49	
18	Spectrogram 1	1	48.459691493	49.415933378	188.088	338.558	0.9562	150.470	-31.45	
19	Spectrogram 1	1	52.269006237	52.504388855	225.705	319.749	0.2354	94.044	-41.59	
20	Spectrogram 1	1	52.622080164	53.166402468	178.683	347.962	0.5443	169.279	-40.81	
21	Spectrogram 1	1	55.270134616	56.241087915	84.639	225.705	0.9710	141.066	-38.92	
22	Spectrogram 1	1	54.769946553	54.961194930	141.066	272.727	0.1912	131.661	-36.80	
23	Spectrogram 1	1	58.313514468	59.284467767	178.683	347.962	0.9710	169.279	-34.29	
24	Spectrogram 1	1	62.006079288	62.697515728	169.279	347.962	0.6914	178.683	-40.44	
25	Spectrogram 1	1	64.965574088	65.642299114	94.044	225.705	0.6767	131.661	-35.26	
26	Spectrogram 1	1	67.407668749	68.099105189	197.492	366.771	0.6914	169.279	-37.48	
27	Spectrogram 1	1	71.305251975	71.923131347	169.279	357.367	0.6179	188.088	-35.27	
28	Spectrogram 1	1	76.822032084	77.763562555	159.875	366.771	0.9415	206.896	-38.64	
29	Spectrogram 1	1	80.735268107	81.456127375	206.897	376.176	0.7209	169.279	-41.40	
30	Spectrogram 1	1	86.629219541	87.541327185	159.875	366.771	0.9121	206.896	-39.15	
31	Spectrogram 1	1	90.394400044	91.306507689	206.897	366.771	0.9121	159.874	-43.83	
32	Spectrogram 1	1	93.689756696	94.454750204	84.639	225.705	0.7650	141.066	-38.78	
33	Spectrogram 1	1	94.793112717	95.852334498	451.411	630.094	1.0592	178.683	-45.50	
34	Spectrogram 1	1	96.117139943	97.058670415	169.279	357.367	0.9415	188.088	-38.79	
35	Spectrogram 1	1	100.102991151	100.985675968	159.875	347.962	0.8827	188.087	-38.77	
36	Spectrogram 1	1	103.059985289	103.913247279	47.022	244.514	0.8533	197.492	-34.65	
37	Spectrogram 1	1	105.655137410	106.817339086	169.279	376.176	1.1622	206.897	-38.37	
38	Spectrogram 1	1	109.435970711	110.451058251	206.897	376.176	1.0151	169.279	-40.25	
39	Spectrogram 1	1	112.763250851	113.631224255	65.831	235.110	0.8680	169.279	-37.11	
40	Spectrogram 1	1	115.278902581	116.191010225	169.279	385.580	0.9121	216.301	-37.92	
41	Spectrogram 1	1	118.975772592	119.610826431	189.615	337.752	0.6351	148.137	-39.36	
42	Spectrogram 1	1	121.733535428	122.658899594	82.957	207.392	0.9254	124.435	-34.98	
43	Spectrogram 1	1	124.455194738	125.162826158	177.764	367.380	0.7076	189.615	-34.68	
44	Spectrogram 1	1	128.322666863	128.830709934	207.392	355.529	0.5080	148.137	-38.08	
45	Spectrogram 1	1	129.338753005	130.273189368	426.634	562.920	0.9344	136.286	-47.48	
46	Spectrogram 1	1	131.467448380	132.320234963	82.957	225.168	0.8528	142.211	-34.80	
47	Spectrogram 1	1	134.152818898	134.942100098	171.839	349.603	0.7893	177.764	-37.08	
48	Spectrogram 1	1	137.225022833	137.905437660	183.690	373.305	0.6804	189.615	-36.21	
49	Spectrogram 1	1	139.955754340	140.472869609	71.106	213.317	0.5171	142.211	-31.95	
50	Spectrogram 1	1	142.293110261	142.900947507	201.466	373.305	0.6078	171.839	-37.14	
51	Spectrogram 1	1	145.885700550	146.502609993	201.466	379.230	0.6169	177.764	-34.21	
52	Spectrogram 1	1	148.159366437	149.130091591	77.031	219.243	0.9707	142.211	-35.54	
53	Spectrogram 1	1	150.363910477	151.080614096	171.839	361.454	0.7167	189.615	-35.83	
54	Spectrogram 1	1	153.657118242	154.301244278	165.913	367.380	0.6441	201.466	-36.48	
55	Spectrogram 1	1	155.906652743	156.804800315	94.808	225.168	0.8981	130.360	-36.07	
56	Spectrogram 1	1	157.966041620	158.628312052	148.137	367.380	0.6623	219.243	-35.73	
57	Spectrogram 1	1	161.080520723	161.461553026	94.808	373.305	0.3810	278.497	-40.00	
58	Spectrogram 1	1	163.185270589	163.883829811	88.882	207.392	0.6986	118.510	-35.62	
59	Spectrogram 1	1	169.157491966	169.692751631	142.211	290.348	0.5353	148.137	-42.63	
60	Spectrogram 1	1	175.178160153	175.758780806	278.497	420.709	0.5806	142.211	-45.70	
61	Spectrogram 1	1	185.253731410	185.834352062	308.125	468.113	0.5806	159.988	-47.15	
62	Spectrogram 1	1	201.631393632	202.583974390	278.497	485.889	0.9526	207.392	-47.43	
63	Spectrogram 1	1	219.559847096	220.194900935	325.901	497.740	0.6351	171.839	-48.37	
64	Spectrogram 1	1	232.825746122	233.651316113	319.976	497.740	0.8256	177.764	-47.40	
65	Spectrogram 1	1	239.859415244	241.138595119	331.827	515.516	1.2792	183.690	-47.39	
66	Spectrogram 1	1	242.934890263	243.470149928	361.454	491.814	0.5353	130.360	-47.60	
67	Spectrogram 1	1	249.191065676	250.370451377	319.976	515.516	1.1794	195.541	-46.80	
68	Spectrogram 1	1	259.892617960	260.663754764	373.305	479.964	0.7711	106.659	-44.42	
69	Spectrogram 1	1	263.058814957	263.585002423	331.827	545.144	0.5262	213.317	-48.50	
70	Spectrogram 1	1	266.351837000	266.732869303	349.603	539.218	0.3810	189.615	-48.23	
71	Spectrogram 1	1	269.291229054	270.461542557	337.752	533.293	1.1703	195.541	-46.09	
72	Spectrogram 1	1	272.741380085	273.358289529	337.752	479.964	0.6169	142.211	-45.88	
73	Spectrogram 1	1	279.233802552	280.313394078	325.901	497.740	1.0796	171.839	-44.35	
74	Spectrogram 1	1	288.898038478	289.569381108	337.752	474.038	0.6713	136.286	-48.66	
75	Spectrogram 1	1	292.436195580	293.316198757	284.423	456.262	0.8800	171.839	-45.88	
76	Spectrogram 1	1	296.448822869	296.920577149	331.827	527.367	0.4718	195.541	-48.24	
77	Spectrogram 1	1	299.696669645	300.830694357	319.976	474.038	1.1340	154.062	-44.61	
78	Spectrogram 1	1	303.216312437	304.014665834	254.795	450.336	0.7984	195.541	-47.72	
79	Spectrogram 1	1	307.171790633	307.897566449	254.795	408.858	0.7258	154.062	-46.09	
80	Spectrogram 1	1	310.624842221	311.205462874	302.199	468.113	0.5806	165.913	-46.30	
81	Spectrogram 1	1	311.758866933	313.038046809	385.156	604.399	1.2792	219.243	-44.90	
82	Spectrogram 1	1	315.466124707	316.627366012	408.858	598.473	1.1612	189.615	-40.50	
83	Spectrogram 1	1	320.591731142	321.607817284	497.740	734.759	1.0161	237.019	-41.54	
84	Spectrogram 1	1	335.145696363	336.243432285	551.069	758.461	1.0977	207.392	-39.35	
85	Spectrogram 1	1	336.134565912	336.724258763	248.870	397.007	0.5897	148.137	-47.28	
86	Spectrogram 1	1	338.774575442	340.480148609	533.293	752.535	1.7056	219.243	-38.40	
87	Spectrogram 1	1	344.513820850	345.575267981	556.995	936.225	1.0614	379.230	-40.07	
88	Spectrogram 1	1	348.402337927	348.946669789	266.646	391.081	0.5443	124.435	-49.38	
89	Spectrogram 1	1	355.242774991	356.558243657	610.324	948.076	1.3155	337.752	-40.56	
90	Spectrogram 1	1	358.686754382	360.737071061	598.473	912.523	2.0503	314.050	-39.76	
91	Spectrogram 1	1	364.241839929	365.530092002	592.548	924.374	1.2883	331.827	-39.26	
92	Spectrogram 1	1	373.110993542	374.743989128	622.175	965.853	1.6330	343.678	-41.40	
93	Spectrogram 1	1	376.597248101	378.765503350	663.653	959.927	2.1683	296.274	-38.97	
94	Spectrogram 1	1	378.865297525	379.210041037	177.764	349.603	0.3447	171.839	-47.15	
95	Spectrogram 1	1	382.267371662	383.419540769	586.622	977.704	1.1522	391.081	-38.44	
96	Spectrogram 1	1	396.373898785	397.317407346	1155.468	1611.729	0.9435	456.262	-46.34	
97	Spectrogram 1	1	399.621745561	400.411026760	1238.424	1593.953	0.7893	355.529	-48.26	
98	Spectrogram 1	1	403.776441268	404.184690165	195.541	373.305	0.4082	177.764	-48.88	
99	Spectrogram 1	1	407.496042324	408.530272862	1042.884	1463.593	1.0342	420.709	-46.08	
100	Spectrogram 1	1	410.395874503	411.049072737	1250.275	1404.338	0.6532	154.062	-39.92	
101	Spectrogram 1	1	412.301036020	412.800006893	1232.499	1398.412	0.4990	165.913	-42.92	
102	Spectrogram 1	1	415.675523649	416.110989138	225.168	385.156	0.4355	159.988	-43.35	
103	Spectrogram 1	1	414.849953658	415.031397612	1196.946	1333.232	0.1814	136.286	-40.74	
104	Spectrogram 1	1	416.963775722	417.190580664	1196.946	1368.785	0.2268	171.839	-45.49	
105	Spectrogram 1	1	419.041308995	420.329561068	1072.511	1410.263	1.2883	337.752	-43.47	
106	Spectrogram 1	1	424.435995534	424.971255198	219.243	349.603	0.5353	130.360	-46.94	
107	Spectrogram 1	1	420.770827664	422.276812482	1108.064	1416.189	1.5060	308.125	-47.63	
108	Spectrogram 1	1	424.118468615	425.089193768	1007.331	1285.828	0.9707	278.497	-41.53	
109	Spectrogram 1	1	427.105937563	427.659341623	888.821	1262.126	0.5534	373.305	-40.60	
110	Spectrogram 1	1	430.263062362	430.589661479	1113.989	1398.412	0.3266	284.423	-51.41	
111	Spectrogram 1	1	432.421875500	433.828066143	1025.107	1285.828	1.4062	260.721	-44.95	
112	Spectrogram 1	1	435.651577880	437.084985116	1096.213	1250.275	1.4334	154.062	-40.69	
113	Spectrogram 1	1	433.918602856	434.363140543	207.392	337.752	0.4445	130.360	-48.57	
114	Spectrogram 1	1	438.938244089	439.491648149	1036.958	1196.946	0.5534	159.988	-46.14	
115	Spectrogram 1	1	441.886708341	442.449184598	325.901	479.964	0.5625	154.062	-44.31	
116	Spectrogram 1	1	445.007544349	445.660742583	308.125	450.336	0.6532	142.211	-44.34	
117	Spectrogram 1	1	445.061977535	445.352287861	622.175	918.449	0.2903	296.274	-41.05	
118	Spectrogram 1	1	441.868563945	442.512689982	675.504	900.672	0.6441	225.168	-44.09	
119	Spectrogram 1	1	447.365945836	448.971724828	616.249	847.343	1.6058	231.094	-47.98	
120	Spectrogram 1	1	449.951522180	452.337510174	545.144	805.865	2.3860	260.721	-46.32	
121	Spectrogram 1	1	452.500809733	452.845553245	533.293	817.716	0.3447	284.423	-46.37	
122	Spectrogram 1	1	454.584144119	455.618374656	598.473	782.163	1.0342	183.690	-38.38	
123	Spectrogram 1	1	457.714052324	458.031579244	556.995	959.927	0.3175	402.932	-37.82	
124	Spectrogram 1	1	459.993704589	462.080310059	580.697	977.704	2.0866	397.007	-39.12	
125	Spectrogram 1	1	462.924024445	466.063004848	533.293	859.194	3.1390	325.901	-40.68	
126	Spectrogram 1	1	468.261192597	468.669441494	545.144	959.927	0.4082	414.783	-35.55	
127	Spectrogram 1	1	471.490894978	473.269045726	545.144	776.237	1.7782	231.094	-33.06	
128	Spectrogram 1	1	474.299820529	475.569928207	533.293	770.312	1.2701	237.019	-43.13	
129	Spectrogram 1	1	475.715083370	477.221068188	610.324	1013.256	1.5060	402.932	-38.83	
130	Spectrogram 1	1	478.972002343	479.997160683	497.740	906.598	1.0252	408.858	-37.47	
131	Spectrogram 1	1	482.730608096	484.127726542	503.665	995.480	1.3971	491.814	-34.51	
132	Spectrogram 1	1	486.032888058	488.509598030	574.771	924.374	2.4767	349.603	-30.93	
133	Spectrogram 1	1	489.489025026	491.684496869	468.113	876.970	2.1955	408.858	-36.64	
134	Spectrogram 1	1	490.783263476	491.037285012	254.795	373.305	0.2540	118.510	-47.55	
135	Spectrogram 1	1	496.840220454	497.502490886	1137.691	1339.158	0.6623	201.466	-48.03	
136	Spectrogram 1	1	494.263716308	495.089286298	462.187	882.896	0.8256	420.709	-38.60	
137	Spectrogram 1	1	497.584140665	499.716107124	485.889	716.983	2.1320	231.094	-34.22	
138	Spectrogram 1	1	501.436553602	501.962741068	189.615	397.007	0.5262	207.392	-46.23	
139	Spectrogram 1	1	501.037376903	503.260065339	450.336	752.535	2.2227	302.199	-37.54	
140	Spectrogram 1	1	504.917006433	505.524843679	165.913	325.901	0.6078	159.988	-49.51	
141	Spectrogram 1	1	505.778865214	506.432063449	402.932	598.473	0.6532	195.541	-39.49	
142	Spectrogram 1	1	508.306922552	508.724243646	183.690	290.348	0.4173	106.659	-44.75	
143	Spectrogram 1	1	508.760532436	511.391469769	426.634	782.163	2.6309	355.529	-38.19	
144	Spectrogram 1	1	512.355838631	514.932342777	391.081	770.312	2.5765	379.230	-35.56	
145	Spectrogram 1	1	517.937956121	518.464143588	159.988	355.529	0.5262	195.541	-45.68	
146	Spectrogram 1	1	517.266613492	518.155688866	397.007	711.057	0.8891	314.050	-41.18	
147	Spectrogram 1	1	519.788684451	520.242294336	171.839	308.125	0.4536	136.286	-49.79	
148	Spectrogram 1	1	520.653259139	522.240893736	379.230	568.846	1.5876	189.615	-36.02	
149	Spectrogram 1	1	522.367904504	523.383990646	331.827	474.038	1.0161	142.211	-40.70	
150	Spectrogram 1	1	524.617809533	524.980697441	385.156	539.218	0.3629	154.062	-40.35	
151	Spectrogram 1	1	525.461523919	526.994725330	319.976	497.740	1.5332	177.764	-37.73	
152	Spectrogram 1	1	527.989395992	528.633522028	165.913	325.901	0.6441	159.988	-47.00	
153	Spectrogram 1	1	528.833110378	529.821979927	337.752	758.461	0.9889	420.709	-44.24	
154	Spectrogram 1	1	532.745943492	534.542238636	237.019	491.814	1.7963	254.795	-34.12	
155	Spectrogram 1	1	536.646988501	538.053179145	266.646	444.411	1.4062	177.764	-34.20	
156	Spectrogram 1	1	540.632399197	541.530546769	254.795	438.485	0.8981	183.690	-35.94	
157	Spectrogram 1	1	544.379216846	545.830768478	260.721	432.560	1.4516	171.839	-30.29	
158	Spectrogram 1	1	548.143624326	549.631464748	225.168	438.485	1.4878	213.317	-34.77	
159	Spectrogram 1	1	551.110232973	551.309821322	213.317	361.454	0.1996	148.137	-46.04	
160	Spectrogram 1	1	552.561784605	553.414571188	260.721	438.485	0.8528	177.764	-36.67	
161	Spectrogram 1	1	555.981632609	557.723494567	213.317	408.858	1.7419	195.541	-33.40	
162	Spectrogram 1	1	559.211334989	560.744536400	248.870	402.932	1.5332	154.062	-33.65	
163	Spectrogram 1	1	563.632210560	564.503141539	219.243	420.709	0.8709	201.466	-31.93	
164	Spectrogram 1	1	566.643994932	568.186268541	207.392	385.156	1.5423	177.764	-33.29	
165	Spectrogram 1	1	569.952076007	571.512494011	189.615	385.156	1.5604	195.541	-29.33	
166	Spectrogram 1	1	574.569824635	575.395394626	195.541	414.783	0.8256	219.243	-34.12	
167	Spectrogram 1	1	575.785499127	576.230036814	171.839	319.976	0.4445	148.137	-44.33	
168	Spectrogram 1	1	577.696276492	579.247622299	183.690	385.156	1.5513	201.466	-29.91	
169	Spectrogram 1	1	581.279794583	582.323097318	201.466	367.380	1.0433	165.913	-30.74	
170	Spectrogram 1	1	582.676913028	582.958151157	177.764	420.709	0.2812	242.945	-40.38	
171	Spectrogram 1	1	584.427477270	584.763148584	165.913	331.827	0.3357	165.913	-41.20	
172	Spectrogram 1	1	585.761090331	586.468721751	189.615	391.081	0.7076	201.466	-33.82	
173	Spectrogram 1	1	588.745843374	589.952445667	159.988	361.454	1.2066	201.466	-32.68	
174	Spectrogram 1	1	591.899697088	592.997433009	159.988	379.230	1.0977	219.243	-33.12	
175	Spectrogram 1	1	593.369393115	593.686920034	171.839	343.678	0.3175	171.839	-42.16	
176	Spectrogram 1	1	596.093768330	596.873977332	213.317	379.230	0.7802	165.913	-33.16	
177	Spectrogram 1	1	598.561406104	599.722647409	165.913	337.752	1.1612	171.839	-28.71	
178	Spectrogram 1	1	601.391931786	602.426162323	177.764	373.305	1.0342	195.541	-30.76	
179	Spectrogram 1	1	605.165595500	605.991165490	195.541	397.007	0.8256	201.466	-33.91	
180	Spectrogram 1	1	608.271003019	609.386883336	124.435	308.125	1.1159	183.690	-39.50	
181	Spectrogram 1	1	610.203381128	610.493691455	171.839	343.678	0.2903	171.839	-43.40	
182	Spectrogram 1	1	611.038023316	611.963387482	183.690	402.932	0.9254	219.243	-33.07	
183	Spectrogram 1	1	613.744254137	614.234152812	183.690	361.454	0.4899	177.764	-46.31	
184	Spectrogram 1	1	614.805701267	615.431682908	195.541	391.081	0.6260	195.541	-34.53	
185	Spectrogram 1	1	616.874162342	617.273339041	159.988	254.795	0.3992	94.808	-40.05	
186	Spectrogram 1	1	617.445710797	617.781382112	118.510	248.870	0.3357	130.360	-38.70	
187	Spectrogram 1	1	618.543261455	618.978726944	225.168	397.007	0.4355	171.839	-42.99	
188	Spectrogram 1	1	619.994813086	621.110693403	154.062	397.007	1.1159	242.945	-35.46	
191	Spectrogram 1	1	622.185748830	622.702864099	219.243	397.007	0.5171	177.764	-43.12	
192	Spectrogram 1	1	623.824545200	624.631970795	165.913	373.305	0.8074	207.392	-32.83	
193	Spectrogram 1	1	626.183316602	626.664143080	213.317	414.783	0.4808	201.466	-43.17	
194	Spectrogram 1	1	627.017958790	627.879817571	94.808	260.721	0.8619	165.913	-34.95	
195	Spectrogram 1	1	629.636552840	630.625422389	171.839	373.305	0.9889	201.466	-31.19	
196	Spectrogram 1	1	633.470820768	634.178452188	189.615	391.081	0.7076	201.466	-34.13	
197	Spectrogram 1	1	634.214740979	634.867939213	201.466	397.007	0.6532	195.541	-44.82	
198	Spectrogram 1	1	636.237841066	636.936400288	77.031	242.945	0.6986	165.913	-34.09	
199	Spectrogram 1	1	637.761970279	638.215580164	225.168	420.709	0.4536	195.541	-43.97	
200	Spectrogram 1	1	638.660117851	639.485687841	177.764	373.305	0.8256	195.541	-30.51	
201	Spectrogram 1	1	642.427795458	643.135426878	177.764	385.156	0.7076	207.392	-31.87	
202	Spectrogram 1	1	645.212960151	646.038530141	82.957	242.945	0.8256	159.988	-34.96	
203	Spectrogram 1	1	641.502431292	642.309856887	426.634	562.920	0.8074	136.286	-48.38	
204	Spectrogram 1	1	647.849513332	648.702299916	171.839	408.858	0.8528	237.019	-32.75	
205	Spectrogram 1	1	649.990551989	650.988493736	432.560	604.399	0.9979	171.839	-43.66	
206	Spectrogram 1	1	651.696125156	652.349323390	195.541	408.858	0.6532	213.317	-33.35	
207	Spectrogram 1	1	654.490176783	655.433685343	65.180	284.423	0.9435	219.243	-33.20	
208	Spectrogram 1	1	657.030392138	657.701734768	183.690	397.007	0.6713	213.317	-29.90	
209	Spectrogram 1	1	660.199305041	660.925080857	201.466	402.932	0.7258	201.466	-31.63	
210	Spectrogram 1	1	662.911706275	663.773565056	77.031	302.199	0.8619	225.168	-32.55	
211	Spectrogram 1	1	665.379344049	666.086975469	171.839	397.007	0.7076	225.168	-29.99	
212	Spectrogram 1	1	669.029083429	669.800220233	154.062	397.007	0.7711	242.945	-31.88	
213	Spectrogram 1	1	671.587443180	671.841464715	106.659	242.945	0.2540	136.286	-39.38	
214	Spectrogram 1	1	671.914042297	672.585384927	53.329	231.094	0.6713	177.764	-29.35	
215	Spectrogram 1	1	674.202952023	674.738211687	165.913	385.156	0.5353	219.243	-29.58	
216	Spectrogram 1	1	677.060694298	677.532448578	142.211	385.156	0.4718	242.945	-28.78	
217	Spectrogram 1	1	679.144028684	679.924237686	88.882	260.721	0.7802	171.839	-30.77	
218	Spectrogram 1	1	681.466511294	681.947337772	201.466	391.081	0.4808	189.615	-30.76	
219	Spectrogram 1	1	683.876444797	684.520570834	177.764	408.858	0.6441	231.094	-38.01	
220	Spectrogram 1	1	686.180783012	686.870270037	65.180	272.572	0.6895	207.392	-30.84	
221	Spectrogram 1	1	688.418344759	688.935460028	189.615	379.230	0.5171	189.615	-30.80	
222	Spectrogram 1	1	691.666191535	692.192379001	237.019	432.560	0.5262	195.541	-34.81	
223	Spectrogram 1	1	694.082112029	695.107270369	65.180	231.094	1.0252	165.913	-30.92	
224	Spectrogram 1	1	696.595110791	697.130370455	225.168	397.007	0.5353	171.839	-31.25	
225	Spectrogram 1	1	699.875975273	700.356801751	201.466	408.858	0.4808	207.392	-29.77	
226	Spectrogram 1	1	702.001770091	702.990639640	94.808	284.423	0.9889	189.615	-28.61	
227	Spectrogram 1	1	704.469407864	705.158894890	195.541	402.932	0.6895	207.392	-28.68	
228	Spectrogram 1	1	708.182652629	708.781417677	94.808	408.858	0.5988	314.050	-30.23	
229	Spectrogram 1	1	708.760002197	708.995879337	574.771	829.567	0.2359	254.795	-38.08	
230	Spectrogram 1	1	710.665163714	711.200423378	88.882	254.795	0.5353	165.913	-25.18	
231	Spectrogram 1	1	712.488675451	712.679191603	616.249	841.418	0.1905	225.168	-38.37	
232	Spectrogram 1	1	704.744474352	705.116434458	639.951	876.970	0.3720	237.019	-38.76	
233	Spectrogram 1	1	713.084354678	713.719408517	183.690	420.709	0.6351	237.019	-27.22	
234	Spectrogram 1	1	715.007660590	715.252609928	545.144	835.492	0.2449	290.348	-37.67	
235	Spectrogram 1	1	716.686017164	717.411792980	231.094	397.007	0.7258	165.913	-29.75	
236	Spectrogram 1	1	717.856330667	718.146640994	598.473	799.939	0.2903	201.466	-40.50	
237	Spectrogram 1	1	719.283381612	719.972868637	47.404	278.497	0.6895	231.094	-28.22	
238	Spectrogram 1	1	720.145240393	720.707716651	562.920	794.014	0.5625	231.094	-38.84	
239	Spectrogram 1	1	721.823596967	722.558444981	201.466	426.634	0.7348	225.168	-29.48	
240	Spectrogram 1	1	723.916003551	724.233530470	580.697	853.269	0.3175	272.572	-39.06	
241	Spectrogram 1	1	725.830237265	726.356424732	195.541	414.783	0.5262	219.243	-29.39	
242	Spectrogram 1	1	727.327149885	728.406741411	521.442	740.684	1.0796	219.243	-42.52	
243	Spectrogram 1	1	728.252328786	729.213981742	53.329	254.795	0.9617	201.466	-30.21	
244	Spectrogram 1	1	729.930685360	730.429656234	562.920	716.983	0.4990	154.062	-38.99	
245	Spectrogram 1	1	730.865121723	731.627186330	231.094	397.007	0.7621	165.913	-26.60	
246	Spectrogram 1	1	734.617555835	735.279826267	231.094	385.156	0.6623	154.062	-24.62	
247	Spectrogram 1	1	737.203132179	737.529731296	59.255	225.168	0.3266	165.913	-35.35	
248	Spectrogram 1	1	737.629525471	738.228290519	88.882	272.572	0.5988	183.690	-30.98	
249	Spectrogram 1	1	738.772622381	739.180871277	521.442	847.343	0.4082	325.901	-41.73	
250	Spectrogram 1	1	740.060874454	740.750361479	165.913	432.560	0.6895	266.646	-30.36	
251	Spectrogram 1	1	743.855583734	744.499709770	201.466	391.081	0.6441	189.615	-33.09	
252	Spectrogram 1	1	746.586315241	747.312091056	47.404	248.870	0.7258	201.466	-29.48	
253	Spectrogram 1	1	749.053953014	749.806945423	165.913	420.709	0.7530	254.795	-28.22	
254	Spectrogram 1	1	749.461831996	750.686578686	479.964	835.492	1.2247	355.529	-45.97	
255	Spectrogram 1	1	752.392151853	753.335660413	420.709	669.579	0.9435	248.870	-45.24	
256	Spectrogram 1	1	752.927411517	753.616898542	159.988	385.156	0.6895	225.168	-30.40	
257	Spectrogram 1	1	753.837531843	754.218564147	408.858	782.163	0.3810	373.305	-44.63	
258	Spectrogram 1	1	755.597538197	756.785996095	71.106	284.423	1.1885	213.317	-33.19	
259	Spectrogram 1	1	758.427878614	759.072004651	183.690	391.081	0.6441	207.392	-27.80	
260	Spectrogram 1	1	759.570975524	760.986238365	379.230	562.920	1.4153	183.690	-43.85	
261	Spectrogram 1	1	762.138222209	762.845853629	189.615	385.156	0.7076	195.541	-30.21	
262	Spectrogram 1	1	763.517196259	764.115961307	361.454	497.740	0.5988	136.286	-40.06	
263	Spectrogram 1	1	764.732870750	765.748956892	53.329	260.721	1.0161	207.392	-30.75	
264	Spectrogram 1	1	767.517665529	768.325091124	177.764	402.932	0.8074	225.168	-29.59	
265	Spectrogram 1	1	770.538707362	771.291699771	414.783	586.622	0.7530	171.839	-37.05	
266	Spectrogram 1	1	770.829017688	771.527576911	225.168	391.081	0.6986	165.913	-29.28	
267	Spectrogram 1	1	773.362876752	774.415251685	53.329	248.870	1.0524	195.541	-28.83	
268	Spectrogram 1	1	774.306385313	774.959583547	379.230	533.293	0.6532	154.062	-39.80	
269	Spectrogram 1	1	776.057319469	776.901033854	225.168	379.230	0.8437	154.062	-24.19	
270	Spectrogram 1	1	778.140653854	778.648696926	343.678	788.088	0.5080	444.411	-46.15	
271	Spectrogram 1	1	779.601277684	780.290764709	177.764	426.634	0.6895	248.870	-34.15	
272	Spectrogram 1	1	781.100906210	782.207714329	331.827	527.367	1.1068	195.541	-41.18	
273	Spectrogram 1	1	782.470808062	783.468749809	65.180	254.795	0.9979	189.615	-30.05	
274	Spectrogram 1	1	784.421330567	785.274117151	373.305	479.964	0.8528	106.659	-40.15	
275	Spectrogram 1	1	785.310405942	786.117831537	189.615	397.007	0.8074	207.392	-28.68	
276	Spectrogram 1	1	788.902810966	789.701164363	159.988	379.230	0.7984	219.243	-32.53	
277	Spectrogram 1	1	791.651316954	792.395237165	361.454	474.038	0.7439	112.584	-39.52	
278	Spectrogram 1	1	791.533378384	792.876063643	94.808	231.094	1.3427	136.286	-29.99	
279	Spectrogram 1	1	794.146171321	795.044318893	171.839	408.858	0.8981	237.019	-30.07	
280	Spectrogram 1	1	797.556947741	798.346228941	207.392	391.081	0.7893	183.690	-29.85	
281	Spectrogram 1	1	800.151596282	801.340054181	94.808	213.317	1.1885	118.510	-29.49	
282	Spectrogram 1	1	802.918616580	803.762330966	213.317	432.560	0.8437	219.243	-32.24	
283	Spectrogram 1	1	809.640745160	810.665903500	65.180	231.094	1.0252	165.913	-31.45	
284	Spectrogram 1	1	812.326115678	813.260552041	189.615	414.783	0.9344	225.168	-31.74	
285	Spectrogram 1	1	813.272340145	813.762238821	373.305	509.591	0.4899	136.286	-40.95	
286	Spectrogram 1	1	816.393176153	817.100807573	207.392	391.081	0.7076	183.690	-35.75	
287	Spectrogram 1	1	818.845385438	819.689099823	71.106	225.168	0.8437	154.062	-30.42	
288	Spectrogram 1	1	819.643738835	819.997554545	237.019	355.529	0.3538	118.510	-43.56	
289	Spectrogram 1	1	821.376528595	822.265603970	189.615	408.858	0.8891	219.243	-34.13	
290	Spectrogram 1	1	824.805448797	825.939473509	225.168	408.858	1.1340	183.690	-33.13	
291	Spectrogram 1	1	827.254942175	828.452472271	59.255	237.019	1.1975	177.764	-32.83	
292	Spectrogram 1	1	828.615771830	829.405053030	225.168	331.827	0.7893	106.659	-39.06	
293	Spectrogram 1	1	830.003818078	830.911037847	183.690	432.560	0.9072	248.870	-33.39	
294	Spectrogram 1	1	832.323029604	832.885505861	207.392	385.156	0.5625	177.764	-43.43	
295	Spectrogram 1	1	833.956025189	834.663656610	130.360	397.007	0.7076	266.646	-34.66	
296	Spectrogram 1	1	836.105950780	836.759149014	189.615	391.081	0.6532	201.466	-39.47	
297	Spectrogram 1	1	836.822654398	837.729874167	82.957	225.168	0.9072	142.211	-32.33	
298	Spectrogram 1	1	839.525799397	840.360441585	171.839	420.709	0.8346	248.870	-33.12	
299	Spectrogram 1	1	843.399627814	844.070970444	189.615	408.858	0.6713	219.243	-35.29	
300	Spectrogram 1	1	845.951631273	846.940500822	65.180	225.168	0.9889	159.988	-32.93	
301	Spectrogram 1	1	846.595757310	847.094728183	225.168	361.454	0.4990	136.286	-36.37	
302	Spectrogram 1	1	848.655146187	849.353705410	165.913	426.634	0.6986	260.721	-32.24	
303	Spectrogram 1	1	849.734737713	850.351647157	201.466	373.305	0.6169	171.839	-37.53	
304	Spectrogram 1	1	851.766909997	852.492685813	195.541	420.709	0.7258	225.168	-33.49	
305	Spectrogram 1	1	854.457896979	855.437694330	59.255	254.795	0.9798	195.541	-33.63	
306	Spectrogram 1	1	856.889245962	857.914404302	195.541	438.485	1.0252	242.945	-30.48	
307	Spectrogram 1	1	860.024955281	860.496709561	213.317	349.603	0.4718	136.286	-36.99	
308	Spectrogram 1	1	861.122691202	861.784961634	248.870	444.411	0.6623	195.541	-31.52	
309	Spectrogram 1	1	863.717154479	864.588085458	71.106	254.795	0.8709	183.690	-31.22	
310	Spectrogram 1	1	866.411597196	867.173661802	219.243	426.634	0.7621	207.392	-28.92	
311	Spectrogram 1	1	867.614928405	868.032249499	148.137	248.870	0.4173	100.733	-39.37	
312	Spectrogram 1	1	870.227721342	870.935352762	183.690	432.560	0.7076	248.870	-32.13	
313	Spectrogram 1	1	873.082192532	873.971267906	65.180	231.094	0.8891	165.913	-32.27	
314	Spectrogram 1	1	874.316011419	874.814982292	225.168	373.305	0.4990	148.137	-38.34	
315	Spectrogram 1	1	875.803851841	876.547772052	195.541	391.081	0.7439	195.541	-31.93	
316	Spectrogram 1	1	879.553385397	880.333594399	195.541	402.932	0.7802	207.392	-32.45	
317	Spectrogram 1	1	881.927030722	882.952189062	82.957	225.168	1.0252	142.211	-34.27	
318	Spectrogram 1	1	884.694051020	885.574054197	177.764	379.230	0.8800	201.466	-31.20	
319	Spectrogram 1	1	888.579667541	889.260082368	189.615	391.081	0.6804	201.466	-31.28	
320	Spectrogram 1	1	889.468742915	890.031219173	142.211	385.156	0.5625	242.945	-39.83	
321	Spectrogram 1	1	891.727720142	892.888961447	94.808	237.019	1.1612	142.211	-35.74	
322	Spectrogram 1	1	893.451067790	893.968183059	171.839	385.156	0.5171	213.317	-45.75	
323	Spectrogram 1	1	894.775608654	895.655611831	183.690	391.081	0.8800	207.392	-32.19	
324	Spectrogram 1	1	898.395415535	899.211913328	189.615	426.634	0.8165	237.019	-31.65	
325	Spectrogram 1	1	901.137935146	902.144949091	82.957	219.243	1.0070	136.286	-35.15	
326	Spectrogram 1	1	902.335465242	902.770930732	219.243	385.156	0.4355	165.913	-38.72	
327	Spectrogram 1	1	903.941244235	904.911969389	154.062	408.858	0.9707	254.795	-32.41	
328	Spectrogram 1	1	907.838833510	908.655331303	165.913	402.932	0.8165	237.019	-33.37	
329	Spectrogram 1	1	911.168330065	911.984827858	71.106	237.019	0.8165	165.913	-34.50	
330	Spectrogram 1	1	913.708545420	914.534115411	195.541	414.783	0.8256	219.243	-30.74	
331	Spectrogram 1	1	916.269621077	916.950035905	183.690	361.454	0.6804	177.764	-40.52	
332	Spectrogram 1	1	917.340140406	918.084060617	219.243	426.634	0.7439	207.392	-32.51	
333	Spectrogram 1	1	919.925716749	920.923658496	71.106	237.019	0.9979	165.913	-34.45	
334	Spectrogram 1	1	922.254000473	922.752971347	195.541	402.932	0.4990	207.392	-31.49	
335	Spectrogram 1	1	925.066381759	925.728652191	165.913	367.380	0.6623	201.466	-32.35	
336	Spectrogram 1	1	927.358376692	928.301885253	77.031	207.392	0.9435	130.360	-33.89	
337	Spectrogram 1	1	929.626056202	930.134099274	219.243	367.380	0.5080	148.137	-32.34	
338	Spectrogram 1	1	932.792253199	933.508956817	201.466	385.156	0.7167	183.690	-30.70	
339	Spectrogram 1	1	935.169168996	936.040099975	82.957	213.317	0.8709	130.360	-34.20	
340	Spectrogram 1	1	937.524669312	938.214156338	213.317	391.081	0.6895	177.764	-32.37	
341	Spectrogram 1	1	941.280373895	942.024294107	159.988	379.230	0.7439	219.243	-32.86	
342	Spectrogram 1	1	943.941428377	945.084525287	77.031	213.317	1.1431	136.286	-34.70	
343	Spectrogram 1	1	946.445354942	947.316285921	219.243	397.007	0.8709	177.764	-30.17	
344	Spectrogram 1	1	950.702931568	951.464996175	183.690	420.709	0.7621	237.019	-32.94	
345	Spectrogram 1	1	953.560488579	954.558430326	88.882	219.243	0.9979	130.360	-33.45	
346	Spectrogram 1	1	956.191425911	956.862768541	213.317	385.156	0.6713	171.839	-30.98	
347	Spectrogram 1	1	959.599116511	960.397469908	171.839	397.007	0.7984	225.168	-32.71	
348	Spectrogram 1	1	961.858093737	962.856035484	71.106	219.243	0.9979	148.137	-34.73	
349	Spectrogram 1	1	964.026348987	964.743052605	201.466	402.932	0.7167	201.466	-30.09	
350	Spectrogram 1	1	967.893821112	968.392791986	106.659	462.187	0.4990	355.529	-38.07	
351	Spectrogram 1	1	969.009701429	969.563105489	225.168	391.081	0.5534	165.913	-43.84	
352	Spectrogram 1	1	970.098365153	970.815068771	53.329	219.243	0.7167	165.913	-31.59	
353	Spectrogram 1	1	973.057166347	973.574281616	225.168	402.932	0.5171	177.764	-36.65	
354	Spectrogram 1	1	974.064180291	974.300057431	207.392	408.858	0.2359	201.466	-40.58	
355	Spectrogram 1	1	976.749550810	977.185016299	213.317	592.548	0.4355	379.230	-39.04	
356	Spectrogram 1	1	979.123195522	979.903404524	88.882	225.168	0.7802	136.286	-33.08	
357	Spectrogram 1	1	980.393303200	980.674541328	337.752	450.336	0.2812	112.584	-43.09	
358	Spectrogram 1	1	981.454750330	981.663410877	189.615	515.516	0.2087	325.901	-41.53	
359	Spectrogram 1	1	982.280320321	982.588775042	177.764	610.324	0.3085	432.560	-36.60	
360	Spectrogram 1	1	984.545098661	984.953347557	337.752	468.113	0.4082	130.360	-45.39	
361	Spectrogram 1	1	985.697267768	985.960361501	159.988	639.951	0.2631	479.964	-37.93	
362	Spectrogram 1	1	988.261428632	988.896482471	302.199	462.187	0.6351	159.988	-45.25	
363	Spectrogram 1	1	988.433800388	989.032565436	82.957	213.317	0.5988	130.360	-31.40	
364	Spectrogram 1	1	989.223081588	989.504319717	225.168	456.262	0.2812	231.094	-44.11	
365	Spectrogram 1	1	991.146387500	991.400409035	130.360	592.548	0.2540	462.187	-37.25	
366	Spectrogram 1	1	992.165189548	992.391994491	183.690	355.529	0.2268	171.839	-38.77	
367	Spectrogram 1	1	992.881893166	993.063337120	183.690	319.976	0.1814	136.286	-39.84	
368	Spectrogram 1	1	993.598596785	994.015917879	124.435	509.591	0.4173	385.156	-44.41	
369	Spectrogram 1	1	994.487672159	995.104581602	94.808	521.442	0.6169	426.634	-38.92	
370	Spectrogram 1	1	996.746649386	997.590363771	100.733	237.019	0.8437	136.286	-32.73	
371	Spectrogram 1	1	999.355986588	999.646296914	177.764	716.983	0.2903	539.218	-38.33	
372	Spectrogram 1	1	999.791452077	1000.208773171	308.125	462.187	0.4173	154.062	-46.67	
373	Spectrogram 1	1	1000.372072730	1000.635166463	183.690	314.050	0.2631	130.360	-37.15	
374	Spectrogram 1	1	1001.560530628	1001.760118977	183.690	331.827	0.1996	148.137	-41.04	
375	Spectrogram 1	1	1002.531255782	1002.885071492	154.062	805.865	0.3538	651.802	-40.61	
376	Spectrogram 1	1	1004.572500264	1004.971676962	237.019	385.156	0.3992	148.137	-42.97	
377	Spectrogram 1	1	1007.127588930	1007.590271012	124.435	669.579	0.4627	545.144	-40.90	
378	Spectrogram 1	1	1009.250483191	1009.531721320	171.839	462.187	0.2812	290.348	-43.76	
379	Spectrogram 1	1	1010.919767567	1011.210077894	88.882	687.355	0.2903	598.473	-40.78	
380	Spectrogram 1	1	1011.863276128	1012.434824583	219.243	402.932	0.5715	183.690	-42.09	
381	Spectrogram 1	1	1012.945398296	1013.235708623	213.317	515.516	0.2903	302.199	-44.02	
382	Spectrogram 1	1	1015.521902442	1016.147884084	219.243	367.380	0.6260	148.137	-39.89	
383	Spectrogram 1	1	1015.993656723	1016.265822654	165.913	669.579	0.2722	503.665	-37.81	
384	Spectrogram 1	1	1019.722329976	1019.976351512	201.466	794.014	0.2540	592.548	-38.13	
385	Spectrogram 1	1	1022.782376507	1023.508152322	165.913	367.380	0.7258	201.466	-42.40	
386	Spectrogram 1	1	1026.365894597	1027.019092831	183.690	367.380	0.6532	183.690	-39.47	
387	Spectrogram 1	1	1025.921356910	1026.093728666	154.062	337.752	0.1724	183.690	-40.39	
388	Spectrogram 1	1	1024.445489242	1024.781160557	337.752	711.057	0.3357	373.305	-39.03	
392	Spectrogram 1	1	1028.524581933	1028.795698757	119.271	707.107	0.2711	587.836	-39.79	
393	Spectrogram 1	1	1027.914569080	1027.914569080	1073.439	1073.439	0.0000	0.000	-60.26	
395	Spectrogram 1	1	1030.306206774	1030.722564754	178.907	408.929	0.4164	230.023	-43.22	
396	Spectrogram 1	1	1033.134647453	1033.424957779	119.431	591.467	0.2903	472.036	-38.01	
397	Spectrogram 1	1	1033.724340303	1034.450116119	193.364	352.606	0.7258	159.241	-40.21	
398	Spectrogram 1	1	1036.346205438	1036.663732357	136.492	625.590	0.3175	489.098	-38.46	
399	Spectrogram 1	1	1037.189919824	1037.870334651	176.303	346.918	0.6804	170.616	-39.77	
400	Spectrogram 1	1	1040.891006570	1041.163172501	90.995	739.334	0.2722	648.339	-41.52	
401	Spectrogram 1	1	1041.326472060	1041.898020515	170.616	415.165	0.5715	244.549	-42.27	
402	Spectrogram 1	1	1042.750807098	1042.986684238	159.241	386.729	0.2359	227.487	-40.14	
403	Spectrogram 1	1	1043.639882472	1044.501741254	176.303	363.980	0.8619	187.677	-45.46	
404	Spectrogram 1	1	1047.213958451	1047.976023058	147.867	346.918	0.7621	199.052	-43.41	
405	Spectrogram 1	1	1049.436646887	1049.681596225	164.928	472.036	0.2449	307.108	-39.36	
406	Spectrogram 1	1	1051.169436647	1051.641190927	193.364	363.980	0.4718	170.616	-43.59	
407	Spectrogram 1	1	1052.865567089	1053.192166206	142.180	540.283	0.3266	398.103	-40.09	
408	Spectrogram 1	1	1053.927014219	1054.099385975	181.990	409.477	0.1724	227.487	-41.30	
409	Spectrogram 1	1	1055.042894536	1055.051966734	1313.740	1313.740	0.0091	0.000	-58.66	
410	Spectrogram 1	1	1054.979389152	1055.550937607	290.046	409.477	0.5715	119.431	-44.78	
411	Spectrogram 1	1	1058.112197914	1058.638385381	199.052	500.472	0.5262	301.421	-40.90	
412	Spectrogram 1	1	1061.411206792	1061.665228327	130.805	420.852	0.2540	290.046	-33.96	
413	Spectrogram 1	1	1064.477609614	1065.257818616	142.180	324.170	0.7802	181.990	-44.47	
414	Spectrogram 1	1	1065.925705510	1066.143438255	119.431	392.416	0.2177	272.985	-37.16	
415	Spectrogram 1	1	1067.331896153	1067.758289445	170.616	363.980	0.4264	193.364	-40.31	
416	Spectrogram 1	1	1069.091902507	1069.246129868	159.241	363.980	0.1542	204.739	-41.05	
417	Spectrogram 1	1	1069.899328102	1070.126133044	142.180	363.980	0.2268	221.800	-34.49	
418	Spectrogram 1	1	1071.133146989	1071.795417421	216.113	375.354	0.6623	159.241	-45.89	
419	Spectrogram 1	1	1073.425141922	1073.670091259	159.241	437.913	0.2449	278.672	-42.55	
420	Spectrogram 1	1	1076.301028592	1076.908865837	199.052	381.041	0.6078	181.990	-41.03	
421	Spectrogram 1	1	1080.476955439	1081.003142905	199.052	352.606	0.5262	153.554	-41.72	
422	Spectrogram 1	1	1082.472838932	1083.017170794	181.990	329.857	0.5443	147.867	-48.73	
423	Spectrogram 1	1	1083.555146365	1083.854528889	210.426	665.401	0.2994	454.975	-38.90	
424	Spectrogram 1	1	1084.389788553	1085.115564369	221.800	392.416	0.7258	170.616	-43.00	
425	Spectrogram 1	1	1087.156808851	1087.474335770	147.867	449.288	0.3175	301.421	-39.77	
426	Spectrogram 1	1	1089.678879810	1090.186922882	250.236	409.477	0.5080	159.241	-46.07	
427	Spectrogram 1	1	1090.543269234	1090.897084944	119.431	335.544	0.3538	216.113	-48.83	
428	Spectrogram 1	1	1091.731727132	1091.994820866	119.431	432.226	0.2631	312.795	-37.47	
429	Spectrogram 1	1	1093.146989973	1093.827404801	147.867	346.918	0.6804	199.052	-43.51	
430	Spectrogram 1	1	1100.265394081	1100.619209791	153.554	511.847	0.3538	358.293	-38.32	
431	Spectrogram 1	1	1104.571416903	1104.898016020	176.303	386.729	0.3266	210.426	-42.44	
432	Spectrogram 1	1	1107.861354196	1108.151664523	164.928	534.595	0.2903	369.667	-44.83	
433	Spectrogram 1	1	1108.432902651	1108.677851989	193.364	489.098	0.2449	295.734	-42.55	
434	Spectrogram 1	1	1108.886512536	1109.167750665	227.487	568.719	0.2812	341.231	-41.94	
435	Spectrogram 1	1	1112.460958429	1112.742196558	187.677	545.970	0.2812	358.293	-44.38	
436	Spectrogram 1	1	1115.790084456	1116.134827969	130.805	489.098	0.3447	358.293	-38.48	
437	Spectrogram 1	1	1116.388849504	1116.987614552	108.057	551.657	0.5988	443.601	-45.24	
438	Spectrogram 1	1	1119.043732345	1119.379403660	181.990	597.155	0.3357	415.165	-36.53	
439	Spectrogram 1	1	1121.221059792	1121.438792537	164.928	511.847	0.2177	346.918	-44.30	
440	Spectrogram 1	1	1123.588903391	1123.942719102	170.616	483.411	0.3538	312.795	-36.67	
441	Spectrogram 1	1	1124.205812835	1124.459834370	210.426	494.785	0.2540	284.359	-43.56	
442	Spectrogram 1	1	1127.435515215	1127.762114332	318.482	830.329	0.3266	511.847	-42.37	
443	Spectrogram 1	1	1128.478817950	1128.760056079	187.677	460.662	0.2812	272.985	-42.58	
444	Spectrogram 1	1	1132.198419006	1132.552234717	176.303	580.093	0.3538	403.790	-40.59	
446	Spectrogram 1	1	1136.046111160	1136.309204893	261.611	608.529	0.2631	346.918	-39.07	
447	Spectrogram 1	1	1136.408999068	1136.626731812	147.867	375.354	0.2177	227.487	-43.36	
448	Spectrogram 1	1	1136.753742580	1136.980547523	181.990	545.970	0.2268	363.980	-46.02	
449	Spectrogram 1	1	1139.702206832	1139.919939577	170.616	494.785	0.2177	324.170	-43.17	
450	Spectrogram 1	1	1140.409838252	1140.700148579	193.364	699.524	0.2903	506.160	-39.90	
451	Spectrogram 1	1	1141.244480440	1141.607368348	147.867	318.482	0.3629	170.616	-42.60	
452	Spectrogram 1	1	1143.832586813	1144.204546919	113.744	443.601	0.3720	329.857	-37.62	
453	Spectrogram 1	1	1147.751776218	1148.114664126	113.744	619.903	0.3629	506.160	-37.85	
454	Spectrogram 1	1	1151.138421252	1151.646464323	90.995	517.534	0.5080	426.539	-37.37	
455	Spectrogram 1	1	1151.954919045	1152.290590360	153.554	494.785	0.3357	341.231	-44.27	
456	Spectrogram 1	1	1155.553309833	1155.780114775	159.241	545.970	0.2268	386.729	-42.40	
457	Spectrogram 1	1	1156.297230044	1156.669190149	153.554	648.339	0.3720	494.785	-39.70	
458	Spectrogram 1	1	1159.944253518	1160.252708240	176.303	602.842	0.3085	426.539	-39.57	
459	Spectrogram 1	1	1160.298069228	1160.651884939	176.303	597.155	0.3538	420.852	-45.56	
460	Spectrogram 1	1	1164.664326963	1164.999998278	159.241	551.657	0.3357	392.416	-39.39	
461	Spectrogram 1	1	1165.725774094	1165.970723432	181.990	352.606	0.2449	170.616	-41.33	
462	Spectrogram 1	1	1166.397116723	1166.732788038	159.241	335.544	0.3357	176.303	-36.89	
463	Spectrogram 1	1	1168.057328902	1168.474649996	62.559	608.529	0.4173	545.970	-38.60	
464	Spectrogram 1	1	1172.239242126	1172.466047069	147.867	472.036	0.2268	324.170	-32.48	
465	Spectrogram 1	1	1173.445844420	1173.999248480	523.221	727.960	0.5534	204.739	-46.48	
466	Spectrogram 1	1	1175.369150332	1175.668532856	113.744	528.908	0.2994	415.165	-37.62	
467	Spectrogram 1	1	1177.207535380	1177.724650649	130.805	272.985	0.5171	142.180	-43.25	
468	Spectrogram 1	1	1183.603064843	1183.875230774	159.241	625.590	0.2722	466.349	-36.29	
469	Spectrogram 1	1	1184.011313739	1184.265335275	170.616	477.724	0.2540	307.108	-44.53	
470	Spectrogram 1	1	1187.885142156	1188.075658307	170.616	494.785	0.1905	324.170	-45.14	
471	Spectrogram 1	1	1188.393185227	1188.747000937	102.369	403.790	0.3538	301.421	-36.59	
472	Spectrogram 1	1	1190.255701421	1190.473434166	153.554	295.734	0.2177	142.180	-42.72	
473	Spectrogram 1	1	1191.643747669	1192.088285356	96.682	574.406	0.4445	477.724	-38.49	
474	Spectrogram 1	1	1195.620086166	1195.955757481	102.369	511.847	0.3357	409.477	-34.97	
475	Spectrogram 1	1	1199.022160303	1199.276181838	136.492	534.595	0.2540	398.103	-34.31	
476	Spectrogram 1	1	1203.633552640	1204.205101095	159.241	528.908	0.5715	369.667	-40.05	
477	Spectrogram 1	1	1207.564530149	1207.882057068	136.492	432.226	0.3175	295.734	-38.07	
478	Spectrogram 1	1	1208.435461128	1208.644121675	170.616	460.662	0.2087	290.046	-41.68	
479	Spectrogram 1	1	1213.216509314	1213.470530850	176.303	545.970	0.2540	369.667	-36.84	
480	Spectrogram 1	1	1217.002145876	1217.328744993	119.431	642.652	0.3266	523.221	-39.52	
481	Spectrogram 1	1	1220.449581001	1220.676385943	181.990	472.036	0.2268	290.046	-41.26	
482	Spectrogram 1	1	1221.093707038	1221.374945166	113.744	437.913	0.2812	324.170	-36.47	
483	Spectrogram 1	1	1224.616435650	1224.888601581	193.364	534.595	0.2722	341.231	-36.31	
484	Spectrogram 1	1	1225.042828942	1225.977265305	523.221	699.524	0.9344	176.303	-43.59	
485	Spectrogram 1	1	1228.771502196	1229.061812522	85.308	403.790	0.2903	318.482	-34.10	
486	Spectrogram 1	1	1232.509247647	1232.790485776	119.431	483.411	0.2812	363.980	-35.94	
487	Spectrogram 1	1	1235.678159956	1236.830329064	494.785	648.339	1.1522	153.554	-47.63	
488	Spectrogram 1	1	1237.492599496	1237.819198613	136.492	591.467	0.3266	454.975	-38.44	
489	Spectrogram 1	1	1238.744562778	1239.660854745	477.724	722.273	0.9163	244.549	-49.75	
490	Spectrogram 1	1	1242.548344256	1243.029170734	506.160	614.216	0.4808	108.057	-44.68	
491	Spectrogram 1	1	1246.413100475	1246.757843987	119.431	437.913	0.3447	318.482	-37.15	
492	Spectrogram 1	1	1248.983248329	1249.200981074	449.288	676.775	0.2177	227.487	-48.06	
493	Spectrogram 1	1	1249.799746122	1250.117273042	68.246	426.539	0.3175	358.293	-36.17	
494	Spectrogram 1	1	1251.605113464	1252.684704990	466.349	676.775	1.0796	210.426	-46.49	
495	Spectrogram 1	1	1254.780382658	1255.097909578	142.180	432.226	0.3175	290.046	-37.23	
496	Spectrogram 1	1	1255.052363325	1255.877933316	409.477	619.903	0.8256	210.426	-48.06	
497	Spectrogram 1	1	1255.841644525	1256.032160676	159.241	307.108	0.1905	147.867	-42.46	
498	Spectrogram 1	1	1256.150099246	1256.349687596	147.867	449.288	0.1996	301.421	-42.22	
499	Spectrogram 1	1	1256.531131550	1256.767008690	147.867	329.857	0.2359	181.990	-40.45	
500	Spectrogram 1	1	1261.943962491	1262.987265226	392.416	659.714	1.0433	267.298	-47.99	
501	Spectrogram 1	1	1263.361940624	1263.661323148	96.682	398.103	0.2994	301.421	-35.79	
502	Spectrogram 1	1	1266.664220586	1266.999891901	108.057	381.041	0.3357	272.985	-37.53	
503	Spectrogram 1	1	1268.233525524	1268.478474862	153.554	466.349	0.2449	312.795	-46.43	
504	Spectrogram 1	1	1272.987171853	1273.295626575	153.554	290.046	0.3085	136.492	-42.49	
505	Spectrogram 1	1	1275.357731359	1275.648041685	187.677	403.790	0.2903	216.113	-38.80	
506	Spectrogram 1	1	1285.620916983	1285.884010716	494.785	654.026	0.2631	159.241	-45.93	
507	Spectrogram 1	1	1287.326490150	1288.133915745	415.165	682.462	0.8074	267.298	-41.67	
508	Spectrogram 1	1	1294.402434440	1294.865116523	489.098	608.529	0.4627	119.431	-41.74	
509	Spectrogram 1	1	1297.042443970	1297.550487041	597.155	784.832	0.5080	187.677	-37.06	
510	Spectrogram 1	1	1297.741003193	1298.421418020	472.036	608.529	0.6804	136.492	-44.14	
511	Spectrogram 1	1	1304.699008837	1306.014477503	426.539	585.780	1.3155	159.241	-44.18	
