Selection	View	Channel	Begin Time (s)	End Time (s)	Low Freq (Hz)	High Freq (Hz)	Annotation
1	Spectrogram 1	1	3.888713572	4.297255465	0.000	370.052	un
2	Spectrogram 1	1	4.947896257	6.196218707	0.000	370.052	un
3	Spectrogram 1	1	8.064919587	8.155706674	89.323	395.573	un
4	Spectrogram 1	1	8.450764708	8.526420614	0.000	561.458	un
5	Spectrogram 1	1	24.482246415	25.359854925	982.552	1646.094	
6	Spectrogram 1	1	27.621967966	28.613060335	1288.802	1582.292	
7	Spectrogram 1	1	44.326792230	44.576456720	6679.807	8313.141	d
8	Spectrogram 1	1	44.871514754	45.204400741	6475.641	8402.464	d
9	Spectrogram 1	1	44.470538452	45.355712553	0.000	357.292	un
10	Spectrogram 1	1	50.613799143	51.408186157	1148.437	1339.844	
11	Spectrogram 1	1	62.653950838	62.926312100	1033.594	1301.562	un
12	Spectrogram 1	1	72.405998323	72.655662813	6352.176	9636.540	d
13	Spectrogram 1	1	87.378302398	88.187820593	1010.573	1398.561	
14	Spectrogram 1	1	88.944380218	90.321317709	1020.833	1301.562	
15	Spectrogram 1	1	95.329738691	95.571837590	3926.254	6057.243	d
16	Spectrogram 1	1	90.994655273	91.736083152	1263.281	1416.406	
17	Spectrogram 1	1	101.987459320	104.075562327	982.552	1237.760	
18	Spectrogram 1	1	100.323029386	101.412474434	905.990	1314.323	
19	Spectrogram 1	1	97.455670546	98.023089842	3212.180	10358.378	d
20	Spectrogram 1	1	98.068483385	98.628337090	3320.456	10683.205	d
21	Spectrogram 1	1	98.764517721	99.316805836	3067.812	9961.367	d
22	Spectrogram 1	1	100.035536943	100.292767024	3067.812	7723.668	d
23	Spectrogram 1	1	106.012347838	106.549504771	0.000	370.052	un
24	Spectrogram 1	1	117.648224727	119.093252533	0.000	344.531	un
25	Spectrogram 1	1	122.051399248	122.686908859	225.574	406.034	
26	Spectrogram 1	1	123.844443444	124.714486364	568.448	748.907	
27	Spectrogram 1	1	125.569398103	126.605884016	216.551	433.103	
28	Spectrogram 1	1	128.656159070	129.284103091	279.712	1299.309	un
29	Spectrogram 1	1	143.310707877	144.180750796	505.287	757.930	
30	Spectrogram 1	1	192.766979729	193.016644219	153.391	649.654	un
31	Spectrogram 1	1	251.801289702	252.572979944	395.573	880.469	
32	Spectrogram 1	1	254.464377596	255.553822644	114.844	497.656	
33	Spectrogram 1	1	256.892932181	257.967246047	370.052	599.740	
34	Spectrogram 1	1	261.349062405	261.742473117	421.094	778.385	
35	Spectrogram 1	1	263.603608406	263.951625574	5243.272	7246.658	d
36	Spectrogram 1	1	266.425573702	267.008124179	421.094	803.906	
37	Spectrogram 1	1	270.420206511	271.683660143	306.250	638.021	
38	Spectrogram 1	1	274.800683473	275.345405997	331.771	803.906	
39	Spectrogram 1	1	279.029849591	279.309776443	421.094	880.469	
40	Spectrogram 1	1	281.571888035	282.532718042	370.052	714.583	
41	Spectrogram 1	1	283.115268518	283.425457733	446.615	816.667	
42	Spectrogram 1	1	285.173109658	286.270120296	382.812	727.344	
43	Spectrogram 1	1	289.651939845	290.060481737	344.531	727.344	
44	Spectrogram 1	1	293.336382470	294.562008149	331.771	548.698	
45	Spectrogram 1	1	295.068904002	295.394224398	395.573	778.385	
46	Spectrogram 1	1	297.573114492	298.829002533	319.010	523.177	
47	Spectrogram 1	1	302.339436575	303.217045085	293.490	880.469	
48	Spectrogram 1	1	306.609106983	307.569936990	286.744	573.488	
49	Spectrogram 1	1	310.376771085	311.594831173	232.979	555.566	
50	Spectrogram 1	1	312.305997752	312.555662242	266.121	646.293	
51	Spectrogram 1	1	314.371403988	315.627292028	177.414	506.897	
52	Spectrogram 1	1	320.317958953	321.278788960	190.086	418.190	
53	Spectrogram 1	1	327.036203412	328.292092514	202.759	456.207	
54	Spectrogram 1	1	331.507468522	332.490995301	190.086	506.897	
55	Spectrogram 1	1	334.669885396	335.819855168	164.741	532.241	
56	Spectrogram 1	1	338.452681962	339.678307640	164.741	405.517	
57	Spectrogram 1	1	345.352500595	346.426814462	164.741	494.224	
58	Spectrogram 1	1	349.112599802	349.823765319	101.379	380.172	
59	Spectrogram 1	1	352.751648884	353.228281092	139.397	443.534	
60	Spectrogram 1	1	357.215348551	358.198875330	114.052	405.517	
61	Spectrogram 1	1	360.861963223	361.119193304	177.414	392.845	
62	Spectrogram 1	1	364.569103442	364.985210926	0.000	481.552	
63	Spectrogram 1	1	366.581550544	366.974961255	25.345	456.207	
64	Spectrogram 1	1	369.653180330	370.250861988	101.379	342.155	
65	Spectrogram 1	1	373.526763930	374.086617635	126.724	354.828	
66	Spectrogram 1	1	377.249034508	378.368741918	50.690	494.224	
67	Spectrogram 1	1	380.396321059	381.304191932	139.397	608.276	
68	Spectrogram 1	1	384.390952900	384.950806605	76.034	443.534	
69	Spectrogram 1	1	386.456359135	387.250746149	88.707	443.534	
70	Spectrogram 1	1	389.505293469	390.019753630	114.052	392.845	
71	Spectrogram 1	1	393.878204840	394.559107994	88.707	481.552	
72	Spectrogram 1	1	396.919572264	397.812311955	101.379	392.845	
73	Spectrogram 1	1	399.711275926	400.369482309	152.069	443.534	
74	Spectrogram 1	1	403.690776585	404.303589424	63.362	354.828	
75	Spectrogram 1	1	405.854535499	406.883455821	114.052	456.207	
76	Spectrogram 1	1	408.971560001	409.690291109	88.707	418.190	
77	Spectrogram 1	1	413.041847747	413.579004681	164.741	392.845	
78	Spectrogram 1	1	416.136175164	416.953258950	63.362	354.828	
79	Spectrogram 1	1	419.374247944	419.797921018	101.379	494.224	
80	Spectrogram 1	1	423.361314487	423.928733783	76.034	468.879	
81	Spectrogram 1	1	425.789869072	426.372419549	190.086	405.517	
84	Spectrogram 1	1	425.703024813	426.049150583	2534.483	15815.172	d
85	Spectrogram 1	1	426.266661313	426.469040862	2940.000	17437.241	d
86	Spectrogram 1	1	426.716813954	426.911627912	2585.172	14395.862	d
87	Spectrogram 1	1	427.199120356	427.395825711	2787.931	13838.276	d
88	Spectrogram 1	1	429.001634784	429.204014333	10898.276	15815.172	d
89	Spectrogram 1	1	428.597495770	429.250156781	139.397	354.828	
90	Spectrogram 1	1	430.111459957	430.550133751	63.362	354.828	un
91	Spectrogram 1	1	432.647208477	433.117980354	139.397	405.517	
92	Spectrogram 1	1	436.044256410	436.894855597	152.069	443.534	
93	Spectrogram 1	1	433.425324562	433.729839584	10036.552	17437.241	d
94	Spectrogram 1	1	433.987069665	434.181883623	6843.103	15916.552	d
95	Spectrogram 1	1	434.414525534	434.681212603	2027.586	15409.655	d
96	Spectrogram 1	1	435.479389522	435.598547574	2483.793	7147.241	d
97	Spectrogram 1	1	436.061939999	436.190555039	1723.448	5981.379	d
98	Spectrogram 1	1	439.145443787	440.068445841	139.397	380.172	
99	Spectrogram 1	1	445.023908970	445.750205669	114.052	405.517	
100	Spectrogram 1	1	445.719943306	446.408412051	190.086	354.828	
101	Spectrogram 1	1	448.156063482	448.662958052	177.414	456.207	
102	Spectrogram 1	1	452.438187855	452.854295339	190.086	354.828	
103	Spectrogram 1	1	450.244166579	450.486265479	2838.621	4866.207	d
104	Spectrogram 1	1	455.456858488	456.031843374	6538.966	10695.517	d
105	Spectrogram 1	1	456.637091023	457.272600634	5981.379	11253.103	d
106	Spectrogram 1	1	457.242338272	457.885413473	4055.172	11709.310	d
107	Spectrogram 1	1	460.011344434	460.291271286	3953.793	7755.517	d
108	Spectrogram 1	1	460.616591682	460.964608850	3700.345	7856.897	d
109	Spectrogram 1	1	455.645997549	456.190720072	101.379	456.207	
110	Spectrogram 1	1	458.369610167	458.868939147	126.724	380.172	
111	Spectrogram 1	1	461.970831123	462.500422465	88.707	418.190	
112	Spectrogram 1	1	467.387793998	467.932516521	101.379	354.828	
113	Spectrogram 1	1	464.762534057	465.398043668	177.414	456.207	un
114	Spectrogram 1	1	464.103779500	464.681544985	3261.713	11039.644	d
115	Spectrogram 1	1	465.165691063	465.829051436	2867.440	11218.859	d
116	Spectrogram 1	1	465.847775317	466.446939524	3154.184	10717.057	d
117	Spectrogram 1	1	466.556607973	467.110299897	4050.259	10143.569	d
118	Spectrogram 1	1	467.690741244	468.281880931	2795.754	11075.487	d
119	Spectrogram 1	1	468.338052576	468.891744499	3010.812	10286.941	d
120	Spectrogram 1	1	468.963965185	469.512307428	3046.655	10036.040	d
121	Spectrogram 1	1	470.060650253	470.603642816	2473.167	10108.162	d
122	Spectrogram 1	1	470.748084187	471.628106616	3045.000	17167.142	d
123	Spectrogram 1	1	473.243711337	474.094310524	2901.628	13260.255	d
124	Spectrogram 1	1	473.877648467	474.479487515	3260.058	11324.733	d
125	Spectrogram 1	1	475.097375603	475.806208259	3188.372	9819.327	d
126	Spectrogram 1	1	475.693865587	476.009496732	3224.215	7812.119	d
127	Spectrogram 1	1	471.527592228	472.064749161	101.379	348.825	
128	Spectrogram 1	1	474.046936031	474.879150997	164.741	506.897	
129	Spectrogram 1	1	477.685985112	478.291232361	101.379	405.517	
130	Spectrogram 1	1	481.499044137	481.922717211	114.052	405.517	
131	Spectrogram 1	1	483.420705180	484.010821247	202.759	430.862	
132	Spectrogram 1	1	485.917350080	486.507466147	114.052	380.172	
133	Spectrogram 1	1	490.169213874	490.577755767	139.397	354.828	
134	Spectrogram 1	1	495.381905802	495.888800373	164.741	456.207	
135	Spectrogram 1	1	494.710480810	495.045258194	2711.897	8820.000	d
136	Spectrogram 1	1	495.253311936	495.527564596	2737.241	6285.517	d
137	Spectrogram 1	1	498.737284890	499.034234321	1546.034	5829.310	d
138	Spectrogram 1	1	499.340640741	499.565717062	2078.276	5601.207	d
139	Spectrogram 1	1	499.445573657	499.838984369	152.069	405.517	
140	Spectrogram 1	1	502.002743282	502.555031397	215.431	405.517	
141	Spectrogram 1	1	504.189200756	504.998718951	76.034	380.172	
142	Spectrogram 1	1	508.615071261	509.469983000	177.414	405.517	
143	Spectrogram 1	1	513.457048265	514.130385829	63.362	392.845	
144	Spectrogram 1	1	517.693779005	518.026664992	139.397	481.552	
145	Spectrogram 1	1	511.754789311	512.314643016	2509.010	9068.279	d
146	Spectrogram 1	1	519.706224368	520.107200670	114.052	405.517	d
147	Spectrogram 1	1	522.369312262	522.906469195	88.707	380.172	d
148	Spectrogram 1	1	526.091582840	526.727092451	76.034	557.586	d
149	Spectrogram 1	1	521.317695167	521.892680053	3978.573	8494.791	d
150	Spectrogram 1	1	528.421783893	529.375048309	268.822	501.802	
151	Spectrogram 1	1	533.687434892	534.466690725	125.450	358.430	
152	Spectrogram 1	1	535.238380967	535.503176638	125.450	582.449	
153	Spectrogram 1	1	537.281090431	537.969559176	89.607	286.744	
154	Spectrogram 1	1	546.791038425	547.108793230	190.086	671.638	
155	Spectrogram 1	1	548.009098513	548.720264030	139.397	354.828	
156	Spectrogram 1	1	552.306353657	552.805682637	126.724	342.155	
157	Spectrogram 1	1	557.466086538	557.957849928	126.724	443.534	
158	Spectrogram 1	1	554.757605101	555.256934081	76.034	380.172	
159	Spectrogram 1	1	561.044610895	561.498546332	126.724	494.224	
160	Spectrogram 1	1	562.693909648	562.988967681	88.707	709.655	
161	Spectrogram 1	1	565.765538633	566.295129976	88.707	392.845	
162	Spectrogram 1	1	568.958217870	569.949310239	38.017	342.155	
163	Spectrogram 1	1	572.014717407	572.536743158	25.345	266.121	
164	Spectrogram 1	1	574.609714985	575.184699871	76.034	405.517	
165	Spectrogram 1	1	578.188239342	578.680002731	126.724	494.224	
166	Spectrogram 1	1	580.208252034	581.048032591	88.707	456.207	
167	Spectrogram 1	1	584.603860260	585.072926878	164.741	519.569	
168	Spectrogram 1	1	586.661700906	586.911365396	253.448	811.034	
169	Spectrogram 1	1	587.433391147	587.720883591	152.069	595.603	
170	Spectrogram 1	1	588.477442651	589.286960846	101.379	354.828	
171	Spectrogram 1	1	590.989219554	591.359933494	139.397	658.966	
172	Spectrogram 1	1	591.806303340	592.010574286	215.431	658.966	
173	Spectrogram 1	1	595.543705100	595.876591086	88.707	544.914	
174	Spectrogram 1	1	596.792027550	597.056823221	126.724	735.000	
175	Spectrogram 1	1	597.752858178	598.441326923	126.724	456.207	
176	Spectrogram 1	1	600.453774025	600.726135287	126.724	620.948	
177	Spectrogram 1	1	604.024732791	604.546758543	164.741	582.931	
178	Spectrogram 1	1	608.631029217	609.084964653	162.414	541.379	
179	Spectrogram 1	1	605.786367239	606.535360709	117.299	496.264	
180	Spectrogram 1	1	616.022611657	616.257144966	117.299	550.402	
181	Spectrogram 1	1	620.864589382	621.205040960	171.437	559.425	
182	Spectrogram 1	1	624.185882841	624.549031190	135.345	667.700	
183	Spectrogram 1	1	625.366114976	625.691435372	99.253	541.379	
184	Spectrogram 1	1	627.696316883	627.968678145	99.253	622.585	
185	Spectrogram 1	1	628.657146890	628.967336105	90.230	604.539	
186	Spectrogram 1	1	629.012729648	629.398574769	171.437	387.988	
187	Spectrogram 1	1	637.123042956	637.614806346	81.207	532.356	
188	Spectrogram 1	1	635.602359244	635.935245231	207.528	532.356	un
189	Spectrogram 1	1	638.273011561	638.999308259	144.368	739.884	
190	Spectrogram 1	1	639.808826454	640.103884488	99.253	523.333	
191	Spectrogram 1	1	646.050438888	646.564899050	144.368	387.988	
192	Spectrogram 1	1	647.548427074	647.820788336	153.391	541.379	
193	Spectrogram 1	1	650.945377257	651.300960015	234.597	595.516	
194	Spectrogram 1	1	664.086806412	665.176251460	387.988	640.631	
195	Spectrogram 1	1	669.155752119	669.995532677	387.988	622.585	
196	Spectrogram 1	1	670.275460277	670.562952720	261.666	559.425	
197	Spectrogram 1	1	677.871313246	678.083149783	270.689	586.494	
198	Spectrogram 1	1	678.635437484	679.815669619	406.034	667.700	
199	Spectrogram 1	1	681.805419949	683.220185392	460.172	893.275	
200	Spectrogram 1	1	687.101333884	687.789802630	415.057	694.769	
201	Spectrogram 1	1	689.945995766	690.150266712	99.253	442.126	
202	Spectrogram 1	1	693.774184613	694.061677056	117.299	595.516	
203	Spectrogram 1	1	696.089254872	696.898773067	406.034	658.677	
204	Spectrogram 1	1	699.735869544	700.840445773	415.057	875.229	
205	Spectrogram 1	1	701.135503807	701.498652156	171.437	730.861	
206	Spectrogram 1	1	704.925865799	705.538678638	297.758	875.229	
207	Spectrogram 1	1	712.763817679	713.036178940	27.069	469.195	
208	Spectrogram 1	1	714.102927216	715.056191632	460.172	730.861	
209	Spectrogram 1	1	718.059731103	719.255094419	469.195	839.137	
210	Spectrogram 1	1	722.523428227	723.446430281	505.287	803.045	
211	Spectrogram 1	1	732.858026021	733.977733431	460.172	911.321	
212	Spectrogram 1	1	736.307934353	737.223370817	478.218	640.631	
213	Spectrogram 1	1	740.128557610	740.453878006	108.276	523.333	
214	Spectrogram 1	1	741.732462819	742.715989598	469.195	694.769	
215	Spectrogram 1	1	747.701714649	747.989207092	153.391	532.356	
216	Spectrogram 1	1	751.053270230	751.302934720	180.460	613.562	
217	Spectrogram 1	1	751.787132519	752.921971110	487.241	803.045	
218	Spectrogram 1	1	755.940641762	756.833381454	469.195	803.045	
220	Spectrogram 1	1	758.656689779	758.876091906	216.551	766.953	
221	Spectrogram 1	1	760.578349793	761.342474444	397.011	839.137	un
222	Spectrogram 1	1	762.908551700	763.180912962	189.483	766.953	
223	Spectrogram 1	1	766.736739709	767.016666562	225.574	622.585	
224	Spectrogram 1	1	778.115387752	778.251568383	270.689	550.402	
225	Spectrogram 1	1	781.618256203	781.807395969	162.414	703.792	
226	Spectrogram 1	1	785.907946973	786.089521147	270.689	667.700	
227	Spectrogram 1	1	793.140651593	793.428144036	207.528	532.356	
228	Spectrogram 1	1	789.425946605	789.630217551	243.620	478.218	
229	Spectrogram 1	1	796.681348081	796.953709343	90.230	622.585	
230	Spectrogram 1	1	800.539799290	800.751635827	297.758	748.907	
231	Spectrogram 1	1	802.854870016	803.066706553	90.230	360.919	
232	Spectrogram 1	1	803.914052785	804.080495778	270.689	658.677	
233	Spectrogram 1	1	808.150783525	808.408013605	333.850	721.838	
234	Spectrogram 1	1	811.351028352	811.487208983	315.804	676.723	
235	Spectrogram 1	1	814.717717067	814.914422422	189.483	640.631	
236	Spectrogram 1	1	818.583733867	818.818267176	162.414	577.471	
237	Spectrogram 1	1	822.911251391	823.085259975	261.666	496.264	
238	Spectrogram 1	1	826.890752050	827.087457406	225.574	550.402	
239	Spectrogram 1	1	831.354451477	831.520894470	315.804	550.402	
240	Spectrogram 1	1	839.086485077	839.275624842	207.528	640.631	
241	Spectrogram 1	1	842.952502846	843.096249067	270.689	532.356	
242	Spectrogram 1	1	846.992528230	847.204364767	189.483	523.333	
243	Spectrogram 1	1	850.760192069	850.941766243	117.299	550.402	
244	Spectrogram 1	1	854.406806741	854.686733594	216.551	577.471	
245	Spectrogram 1	1	858.038290500	858.242561446	225.574	559.425	
246	Spectrogram 1	1	862.161537381	862.411201871	207.528	595.516	
247	Spectrogram 1	1	865.951898275	866.224259537	126.322	613.562	
248	Spectrogram 1	1	869.734694123	869.908702707	252.643	586.494	
249	Spectrogram 1	1	873.003029265	873.245128165	243.620	694.769	
250	Spectrogram 1	1	877.043055858	877.300285939	189.483	577.471	
251	Spectrogram 1	1	886.477347853	887.165816598	451.149	730.861	
252	Spectrogram 1	1	887.952638021	888.451967001	297.758	784.999	
253	Spectrogram 1	1	888.573016451	888.845377713	72.184	523.333	
254	Spectrogram 1	1	890.176921660	890.562766781	487.241	784.999	
255	Spectrogram 1	1	891.917007499	892.189368761	216.551	685.746	
256	Spectrogram 1	1	894.179119802	894.383390748	469.195	803.045	
257	Spectrogram 1	1	900.102977247	900.337510556	216.551	622.585	
258	Spectrogram 1	1	892.310418922	892.469296325	541.379	821.091	
259	Spectrogram 1	1	895.465270205	895.593885246	315.804	568.448	
260	Spectrogram 1	1	888.541208691	888.739146866	2347.917	5614.583	d
261	Spectrogram 1	1	889.145722578	889.399832398	2858.333	7605.208	d
