Selection	View	Channel	Begin Time (s)	End Time (s)	Low Freq (Hz)	High Freq (Hz)	Delta Time (s)	Delta Freq (Hz)	Avg Power Density (dB FS/Hz)	Annotation
1	Spectrogram 1	1	0.711438168	2.733955246	125.000	400.000	2.0225	275.000	-35.70	
2	Spectrogram 1	1	4.980067177	5.274805846	112.500	287.500	0.2947	175.000	-35.45	
3	Spectrogram 1	1	5.427256882	6.301309489	125.000	400.000	0.8741	275.000	-35.70	
4	Spectrogram 1	1	6.037061026	7.063564669	412.500	850.000	1.0265	437.500	-44.92	
5	Spectrogram 1	1	7.419283753	8.913303906	500.000	750.000	1.4940	250.000	-34.86	
6	Spectrogram 1	1	8.445787396	10.641082314	25.000	425.000	2.1953	400.000	-38.09	
7	Spectrogram 1	1	10.437814266	13.202259720	512.500	775.000	2.7644	262.500	-36.22	
8	Spectrogram 1	1	11.443991104	13.354710756	112.500	412.500	1.9107	300.000	-31.43	
9	Spectrogram 1	1	0.691111363	1.849739237	0.000	175.000	1.1586	175.000	-34.78	
10	Spectrogram 1	1	13.944161774	14.259227249	250.000	800.000	0.3151	550.000	-43.23	
11	Spectrogram 1	1	14.238900444	14.655599942	200.000	550.000	0.4167	350.000	-44.88	
12	Spectrogram 1	1	14.960502014	15.488998939	212.500	500.000	0.5285	287.500	-29.22	
13	Spectrogram 1	1	16.688280423	17.785927882	125.000	350.000	1.0976	225.000	-35.90	
14	Spectrogram 1	1	17.562333029	18.588836672	425.000	787.500	1.0265	362.500	-33.39	
15	Spectrogram 1	1	19.391745461	20.824785200	975.000	1237.500	1.4330	262.500	-45.49	
16	Spectrogram 1	1	19.706810936	21.383772332	75.000	462.500	1.6770	387.500	-36.65	
17	Spectrogram 1	1	23.375799203	25.093414209	87.500	487.500	1.7176	400.000	-36.93	
18	Spectrogram 1	1	26.262189894	27.837517266	0.000	200.000	1.5753	200.000	-39.66	
19	Spectrogram 1	1	27.918824485	28.853857506	100.000	412.500	0.9350	312.500	-35.76	
20	Spectrogram 1	1	28.914837921	29.992158575	137.500	500.000	1.0773	362.500	-41.70	
21	Spectrogram 1	1	30.693433341	30.906864791	175.000	550.000	0.2134	375.000	-41.07	
22	Spectrogram 1	1	30.246243635	31.343891095	537.500	800.000	1.0976	262.500	-45.79	
23	Spectrogram 1	1	31.303237485	32.217943701	87.500	387.500	0.9147	300.000	-31.64	
24	Spectrogram 1	1	32.339904530	33.732290659	87.500	450.000	1.3924	362.500	-39.29	
25	Spectrogram 1	1	33.905068500	34.829938118	962.500	1337.500	0.9249	375.000	-40.01	
26	Spectrogram 1	1	34.179480365	35.226310812	0.000	225.000	1.0468	225.000	-40.08	
27	Spectrogram 1	1	35.104349983	36.588206734	100.000	325.000	1.4839	225.000	-34.54	
28	Spectrogram 1	1	36.567879929	36.954089220	87.500	475.000	0.3862	387.500	-34.53	
29	Spectrogram 1	1	37.502912950	39.088403725	87.500	437.500	1.5855	350.000	-43.01	
30	Spectrogram 1	1	39.362794636	40.125049817	125.000	400.000	0.7623	275.000	-35.63	
31	Spectrogram 1	1	39.627043099	40.247010645	550.000	875.000	0.6200	325.000	-49.00	
32	Spectrogram 1	1	41.934135444	43.915998912	562.500	925.000	1.9819	362.500	-41.66	
33	Spectrogram 1	1	41.913808639	44.383515423	25.000	375.000	2.4697	350.000	-34.90	
34	Spectrogram 1	1	46.151947441	48.489529993	112.500	412.500	2.3376	300.000	-38.37	
35	Spectrogram 1	1	45.328711846	48.093157299	537.500	950.000	2.7644	412.500	-49.87	
36	Spectrogram 1	1	41.049919435	41.608906567	100.000	650.000	0.5590	550.000	-40.83	
37	Spectrogram 1	1	49.881916122	51.274302251	1100.000	1337.500	1.3924	237.500	-44.65	
38	Spectrogram 1	1	44.688417495	45.887698978	50.000	275.000	1.1993	225.000	-46.38	
39	Spectrogram 1	1	49.566850648	50.725478521	0.000	400.000	1.1586	400.000	-40.49	
41	Spectrogram 1	1	51.020206561	52.880109200	0.000	387.500	1.8599	387.500	-34.85	
42	Spectrogram 1	1	52.402429287	53.622037575	2762.500	3175.000	1.2196	412.500	-57.64	
43	Spectrogram 1	1	53.205338077	54.201351512	75.000	250.000	0.9960	175.000	-45.48	
44	Spectrogram 1	1	54.536743792	56.742202113	50.000	387.500	2.2055	337.500	-38.40	
45	Spectrogram 1	1	55.431123203	56.396646431	2512.500	3150.000	0.9655	637.500	-56.73	
46	Spectrogram 1	1	54.973770095	56.732038710	625.000	937.500	1.7583	312.500	-44.33	
47	Spectrogram 1	1	58.134588242	59.211908896	75.000	462.500	1.0773	387.500	-35.10	
48	Spectrogram 1	1	58.541124338	59.293216116	550.000	987.500	0.7521	437.500	-43.97	
49	Spectrogram 1	1	60.055471296	60.878706890	425.000	800.000	0.8232	375.000	-47.21	
50	Spectrogram 1	1	59.923347064	60.665275440	0.000	237.500	0.7419	237.500	-35.47	
51	Spectrogram 1	1	62.342226775	63.134972162	125.000	400.000	0.7927	275.000	-34.16	
52	Spectrogram 1	1	62.423533994	63.328076808	2450.000	3000.000	0.9045	550.000	-53.85	
53	Spectrogram 1	1	64.791606754	66.509221759	50.000	375.000	1.7176	325.000	-35.21	
54	Spectrogram 1	1	66.123012468	66.854777441	2850.000	3225.000	0.7318	375.000	-53.92	
55	Spectrogram 1	1	66.509221759	66.915757855	0.000	475.000	0.4065	475.000	-35.43	
56	Spectrogram 1	1	68.399614606	69.375301237	112.500	350.000	0.9757	237.500	-31.46	
57	Spectrogram 1	1	67.901607888	69.293994017	350.000	787.500	1.3924	437.500	-44.86	
58	Spectrogram 1	1	64.222456219	65.472554714	362.500	962.500	1.2501	600.000	-45.20	
59	Spectrogram 1	1	69.304157420	69.974941978	1012.500	1312.500	0.6708	300.000	-42.52	
60	Spectrogram 1	1	72.373504945	73.278047759	150.000	437.500	0.9045	287.500	-34.03	
61	Spectrogram 1	1	72.769877639	73.227230747	475.000	1400.000	0.4574	925.000	-43.14	
62	Spectrogram 1	1	75.676595520	77.190942477	50.000	375.000	1.5143	325.000	-33.37	
63	Spectrogram 1	1	76.672608955	77.262086294	2287.500	2862.500	0.5895	575.000	-53.83	
64	Spectrogram 1	1	79.010191507	80.046858552	75.000	350.000	1.0367	275.000	-33.75	
65	Spectrogram 1	1	78.867903874	79.863917309	3437.500	3725.000	0.9960	287.500	-56.98	
66	Spectrogram 1	1	79.711466273	80.494048258	2537.500	2737.500	0.7826	200.000	-55.60	
67	Spectrogram 1	1	77.343393513	78.664635826	250.000	600.000	1.3212	350.000	-40.33	un
68	Spectrogram 1	1	81.256303438	81.703493144	1775.000	2037.500	0.4472	262.500	-44.60	
69	Spectrogram 1	1	82.099865837	82.821467408	1012.500	1350.000	0.7216	337.500	-43.23	
70	Spectrogram 1	1	82.130356045	82.272643678	1650.000	1937.500	0.1423	287.500	-44.72	
71	Spectrogram 1	1	82.729996786	83.614212795	112.500	400.000	0.8842	287.500	-35.86	
72	Spectrogram 1	1	85.159049960	85.728200495	387.500	1025.000	0.5692	637.500	-41.94	
73	Spectrogram 1	1	85.321651096	86.998612492	87.500	387.500	1.6770	300.000	-34.53	
74	Spectrogram 1	1	87.293351161	88.330018206	162.500	350.000	1.0367	187.500	-39.67	
75	Spectrogram 1	1	88.269037792	89.102436789	3225.000	3562.500	0.8334	337.500	-52.77	
76	Spectrogram 1	1	88.929658948	89.519136287	2250.000	2737.500	0.5895	487.500	-54.12	
77	Spectrogram 1	1	88.929658948	89.986652798	87.500	362.500	1.0570	275.000	-34.68	
78	Spectrogram 1	1	90.210247651	92.110803900	75.000	475.000	1.9006	400.000	-42.00	
79	Spectrogram 1	1	90.850542002	91.714431206	2987.500	3400.000	0.8639	412.500	-58.76	
80	Spectrogram 1	1	92.710444641	93.411719407	62.500	350.000	0.7013	287.500	-35.94	
81	Spectrogram 1	1	93.726784882	94.671981305	987.500	1337.500	0.9452	350.000	-46.41	
82	Spectrogram 1	1	93.767438491	95.983060215	137.500	450.000	2.2156	312.500	-41.52	
83	Spectrogram 1	1	95.922079800	97.060380869	212.500	400.000	1.1383	187.500	-39.07	
84	Spectrogram 1	1	98.168181860	99.194685502	112.500	437.500	1.0265	325.000	-34.11	
85	Spectrogram 1	1	99.458933965	100.536254619	887.500	1350.000	1.0773	462.500	-48.31	
86	Spectrogram 1	1	101.583085067	103.056778415	825.000	1150.000	1.4737	325.000	-49.97	
87	Spectrogram 1	1	102.203052613	103.382007292	112.500	450.000	1.1790	337.500	-37.52	
88	Spectrogram 1	1	103.625928949	106.319230586	62.500	475.000	2.6933	412.500	-42.07	
89	Spectrogram 1	1	105.770406856	107.549002276	250.000	687.500	1.7786	437.500	-39.96	
90	Spectrogram 1	1	104.388184129	106.014328514	537.500	1250.000	1.6261	712.500	-49.28	
91	Spectrogram 1	1	107.518512069	107.823414141	512.500	962.500	0.3049	450.000	-48.72	
92	Spectrogram 1	1	106.735919074	107.589644876	0.000	325.000	0.8537	325.000	-37.95	
93	Spectrogram 1	1	107.752259314	109.347913491	100.000	387.500	1.5957	287.500	-35.27	
94	Spectrogram 1	1	107.670952095	109.327586687	1000.000	1900.000	1.6566	900.000	-55.69	
95	Spectrogram 1	1	109.967881038	110.943567669	112.500	600.000	0.9757	487.500	-43.64	
96	Spectrogram 1	1	110.811443437	111.492391398	0.000	400.000	0.6809	400.000	-42.75	
97	Spectrogram 1	1	111.980234713	113.077882173	125.000	362.500	1.0976	237.500	-36.02	
98	Spectrogram 1	1	112.213992969	113.677522915	562.500	1237.500	1.4635	675.000	-43.68	
99	Spectrogram 1	1	114.165366230	116.106576088	87.500	412.500	1.9412	325.000	-39.87	
100	Spectrogram 1	1	115.110562653	115.720366797	362.500	1100.000	0.6098	737.500	-45.22	
101	Spectrogram 1	1	116.594419404	118.494975653	112.500	487.500	1.9006	375.000	-35.97	
102	Spectrogram 1	1	116.604582806	116.960301890	662.500	1000.000	0.3557	337.500	-43.80	
103	Spectrogram 1	1	118.962479820	121.543984030	525.000	1162.500	2.5815	637.500	-39.70	
104	Spectrogram 1	1	119.470649940	119.988983462	162.500	412.500	0.5183	250.000	-41.91	
105	Spectrogram 1	1	120.842709264	121.940356724	137.500	362.500	1.0976	225.000	-35.81	
106	Spectrogram 1	1	122.438363441	125.243462504	562.500	850.000	2.8051	287.500	-37.12	
107	Spectrogram 1	1	124.084834630	125.436567150	150.000	437.500	1.3517	287.500	-39.50	
108	Spectrogram 1	1	125.660162002	126.524051207	650.000	1025.000	0.8639	375.000	-42.24	
109	Spectrogram 1	1	127.072874936	127.885947128	87.500	350.000	0.8131	262.500	-32.23	
110	Spectrogram 1	1	127.977417750	129.136045624	187.500	450.000	1.1586	262.500	-40.50	
111	Spectrogram 1	1	128.129868786	128.566895089	525.000	862.500	0.4370	337.500	-43.97	
112	Spectrogram 1	1	129.339313672	130.375980717	612.500	1200.000	1.0367	587.500	-44.53	
113	Spectrogram 1	1	130.569085362	131.473628176	137.500	400.000	0.9045	262.500	-35.56	
114	Spectrogram 1	1	131.239858152	133.038780377	500.000	750.000	1.7989	250.000	-33.62	
115	Spectrogram 1	1	131.717538065	134.685251566	87.500	400.000	2.9677	312.500	-39.40	
116	Spectrogram 1	1	134.431166506	136.839892875	450.000	650.000	2.4087	200.000	-33.70	
117	Spectrogram 1	1	136.158944915	136.992343911	137.500	400.000	0.8334	262.500	-30.41	
118	Spectrogram 1	1	134.522637128	135.203585089	675.000	1150.000	0.6809	475.000	-44.07	
119	Spectrogram 1	1	133.668911326	134.776722188	212.500	400.000	1.1078	187.500	-39.33	
120	Spectrogram 1	1	137.246428971	137.673291872	225.000	487.500	0.4269	262.500	-38.06	
121	Spectrogram 1	1	139.218129037	139.899076998	400.000	762.500	0.6809	362.500	-41.31	
122	Spectrogram 1	1	139.807606377	140.925580641	150.000	400.000	1.1180	250.000	-34.08	
123	Spectrogram 1	1	142.389098807	144.807988578	437.500	675.000	2.4189	237.500	-40.39	
124	Spectrogram 1	1	142.785471501	143.974589582	100.000	337.500	1.1891	237.500	-39.55	
125	Spectrogram 1	1	143.202170999	145.092563846	100.000	450.000	1.8904	350.000	-38.85	
126	Spectrogram 1	1	145.753185002	146.637401011	75.000	337.500	0.8842	262.500	-31.74	
127	Spectrogram 1	1	145.946289647	146.911812876	675.000	1300.000	0.9655	625.000	-46.07	
128	Spectrogram 1	1	146.149557695	148.405833029	362.500	650.000	2.2563	287.500	-35.90	
129	Spectrogram 1	1	148.659918089	149.269722233	62.500	412.500	0.6098	350.000	-44.81	
130	Spectrogram 1	1	149.401846464	150.143774839	125.000	387.500	0.7419	262.500	-33.91	
131	Spectrogram 1	1	149.239232025	150.540147533	775.000	1225.000	1.3009	450.000	-43.33	
132	Spectrogram 1	1	150.255572266	150.824722800	25.000	450.000	0.5692	425.000	-39.04	un- weird whale sound probably
134	Spectrogram 1	1	151.627625318	152.979357837	0.000	262.500	1.3517	262.500	-40.23	
135	Spectrogram 1	1	151.973180999	153.822920236	112.500	412.500	1.8497	300.000	-37.95	
136	Spectrogram 1	1	151.261742831	152.023998011	250.000	850.000	0.7623	600.000	-42.43	
138	Spectrogram 1	1	154.625823145	155.418568532	137.500	387.500	0.7927	250.000	-29.01	
139	Spectrogram 1	1	154.371738085	155.073012850	737.500	1250.000	0.7013	512.500	-43.20	
140	Spectrogram 1	1	154.392064889	156.546706198	300.000	687.500	2.1546	387.500	-36.65	
141	Spectrogram 1	1	156.556869601	157.644353658	100.000	350.000	1.0875	250.000	-41.00	
142	Spectrogram 1	1	157.552883036	160.083570234	287.500	812.500	2.5307	525.000	-41.52	
143	Spectrogram 1	1	158.579386679	159.219681030	112.500	375.000	0.6403	262.500	-33.61	
145	Spectrogram 1	1	161.364158937	163.193571369	87.500	662.500	1.8294	575.000	-41.29	
147	Spectrogram 1	1	163.549280197	164.545293632	100.000	425.000	0.9960	325.000	-41.31	
148	Spectrogram 1	1	164.474149815	165.459999848	125.000	375.000	0.9859	250.000	-32.96	
149	Spectrogram 1	1	163.803365257	168.071994265	175.000	575.000	4.2686	400.000	-37.56	
150	Spectrogram 1	1	166.669444734	167.614641157	787.500	1275.000	0.9452	487.500	-43.52	
151	Spectrogram 1	1	168.112647875	168.935883470	112.500	350.000	0.8232	237.500	-31.86	
152	Spectrogram 1	1	167.513007133	171.608858301	200.000	600.000	4.0959	400.000	-36.84	
153	Spectrogram 1	1	169.982713917	171.242975815	762.500	1287.500	1.2603	525.000	-43.94	
154	Spectrogram 1	1	172.228825848	173.052061442	62.500	450.000	0.8232	387.500	-45.74	
155	Spectrogram 1	1	173.560231562	174.424120766	187.500	350.000	0.8639	162.500	-29.94	
156	Spectrogram 1	1	174.901800679	175.755526481	750.000	1287.500	0.8537	537.500	-44.44	
157	Spectrogram 1	1	175.542083267	177.025940018	75.000	500.000	1.4839	425.000	-42.31	
158	Spectrogram 1	1	177.229208066	179.200908132	162.500	362.500	1.9717	200.000	-34.72	
159	Spectrogram 1	1	177.889829222	178.774045231	0.000	112.500	0.8842	112.500	-38.54	
160	Spectrogram 1	1	179.139927717	180.989666954	50.000	537.500	1.8497	487.500	-38.97	
161	Spectrogram 1	1	180.451006627	182.961367020	125.000	412.500	2.5104	287.500	-35.81	
162	Spectrogram 1	1	183.083327849	183.743949005	150.000	350.000	0.6606	200.000	-34.18	
163	Spectrogram 1	1	184.465550576	185.237969158	187.500	500.000	0.7724	312.500	-44.38	
164	Spectrogram 1	1	185.370093390	186.376270227	162.500	400.000	1.0062	237.500	-33.74	
165	Spectrogram 1	1	186.701499104	187.717839344	150.000	450.000	1.0163	300.000	-35.26	
166	Spectrogram 1	1	187.362120260	188.368297098	850.000	1250.000	1.0062	400.000	-44.95	
167	Spectrogram 1	1	189.059397457	190.573744415	75.000	350.000	1.5143	275.000	-34.53	
168	Spectrogram 1	1	190.573744415	191.315672790	162.500	387.500	0.7419	225.000	-37.30	
169	Spectrogram 1	1	190.736358853	191.986457349	850.000	1300.000	1.2501	450.000	-44.96	
170	Spectrogram 1	1	191.854333117	192.555607883	125.000	387.500	0.7013	262.500	-31.38	
171	Spectrogram 1	1	192.738549126	194.710249192	100.000	425.000	1.9717	325.000	-39.09	
172	Spectrogram 1	1	194.862700228	197.342570414	150.000	475.000	2.4799	325.000	-35.74	
173	Spectrogram 1	1	195.970511090	196.722602868	787.500	1312.500	0.7521	525.000	-45.05	
174	Spectrogram 1	1	198.135307833	199.791942424	0.000	362.500	1.6566	362.500	-36.96	
175	Spectrogram 1	1	198.623151148	201.377433199	87.500	475.000	2.7543	387.500	-39.28	
176	Spectrogram 1	1	201.367269797	202.678348706	112.500	375.000	1.3111	262.500	-34.67	
177	Spectrogram 1	1	202.942597169	203.806486373	175.000	400.000	0.8639	225.000	-31.45	
178	Spectrogram 1	1	204.172368859	204.507761139	75.000	262.500	0.3354	187.500	-41.85	
179	Spectrogram 1	1	204.985441052	205.229362709	87.500	250.000	0.2439	162.500	-41.70	
180	Spectrogram 1	1	205.280179721	205.991617889	150.000	350.000	0.7114	200.000	-34.81	
181	Spectrogram 1	1	206.052598304	207.262043189	150.000	475.000	1.2094	325.000	-33.89	
182	Spectrogram 1	1	207.353513811	207.658415883	87.500	237.500	0.3049	150.000	-32.97	
183	Spectrogram 1	1	207.262043189	208.105605589	850.000	1387.500	0.8436	537.500	-42.61	
184	Spectrogram 1	1	207.810866919	208.796716952	37.500	300.000	0.9859	262.500	-36.23	
186	Spectrogram 1	1	208.847521626	209.497979380	12.500	500.000	0.6505	487.500	-38.86	
187	Spectrogram 1	1	209.914678878	210.931019119	200.000	375.000	1.0163	175.000	-32.48	
188	Spectrogram 1	1	209.558959794	212.282751638	0.000	250.000	2.7238	250.000	-35.41	
189	Spectrogram 1	1	210.473666010	211.703437701	825.000	1150.000	1.2298	325.000	-43.62	
190	Spectrogram 1	1	214.071510461	214.630497593	187.500	400.000	0.5590	212.500	-30.29	
191	Spectrogram 1	1	214.833765641	215.189484725	887.500	1200.000	0.3557	312.500	-53.35	
192	Spectrogram 1	1	215.535040406	216.622524463	625.000	1312.500	1.0875	687.500	-45.03	
193	Spectrogram 1	1	215.890759490	217.212001803	37.500	425.000	1.3212	387.500	-35.98	
194	Spectrogram 1	1	217.374616241	217.903113166	0.000	275.000	0.5285	275.000	-37.40	
195	Spectrogram 1	1	218.797492577	219.539420953	100.000	350.000	0.7419	250.000	-29.63	
196	Spectrogram 1	1	220.250859121	220.718375631	37.500	537.500	0.4675	500.000	-38.84	
198	Spectrogram 1	1	216.734321890	217.598211094	2688.235	5863.235	0.8639	3175.000	-66.16	d
199	Spectrogram 1	1	219.265009088	220.626905010	2813.235	3375.735	1.3619	562.500	-62.30	d
200	Spectrogram 1	1	220.230524537	221.063923534	2187.500	2462.500	0.8334	275.000	-62.80	un d/w
201	Spectrogram 1	1	220.840328681	222.395329249	75.000	375.000	1.5550	300.000	-44.26	
202	Spectrogram 1	1	222.761211735	223.503140110	175.000	375.000	0.7419	200.000	-35.80	
203	Spectrogram 1	1	223.818205585	224.163761266	50.000	512.500	0.3456	462.500	-35.93	
204	Spectrogram 1	1	224.712584996	226.704611867	12.500	250.000	1.9920	237.500	-38.14	
205	Spectrogram 1	1	225.403696359	226.694448464	200.000	575.000	1.2908	375.000	-42.61	
206	Spectrogram 1	1	227.436376840	227.853076338	87.500	700.000	0.4167	612.500	-37.49	
207	Spectrogram 1	1	228.127488203	229.631671758	137.500	350.000	1.5042	212.500	-38.52	
210	Spectrogram 1	1	229.382664184	231.029135373	2111.170	2749.734	1.6465	638.564	-58.74	
211	Spectrogram 1	1	229.992468328	230.368514217	52.128	599.468	0.3760	547.340	-34.80	
212	Spectrogram 1	1	231.740573541	232.512992123	156.383	338.830	0.7724	182.447	-32.82	
213	Spectrogram 1	1	232.512992123	232.889038012	78.191	664.628	0.3760	586.437	-37.76	
214	Spectrogram 1	1	233.712273607	234.931881895	0.000	325.798	1.2196	325.798	-35.95	
215	Spectrogram 1	1	233.600476180	234.423711775	2124.202	2554.255	0.8232	430.053	-57.99	
216	Spectrogram 1	1	235.683965888	236.862920567	143.351	403.989	1.1790	260.638	-35.79	
217	Spectrogram 1	1	237.167822639	237.645502552	143.351	703.723	0.4777	560.372	-37.02	
218	Spectrogram 1	1	238.123182465	238.621189182	0.000	338.830	0.4980	338.830	-40.01	un
219	Spectrogram 1	1	238.915927852	240.664033065	104.255	417.021	1.7481	312.766	-35.92	
220	Spectrogram 1	1	242.239360437	243.357334701	52.128	312.766	1.1180	260.638	-35.88	
221	Spectrogram 1	1	240.816484101	242.066582596	0.000	338.830	1.2501	338.830	-39.63	
222	Spectrogram 1	1	243.895995029	245.207073939	78.191	482.181	1.3111	403.990	-38.98	
223	Spectrogram 1	1	243.733380590	246.050636338	482.181	807.979	2.3173	325.798	-42.02	
224	Spectrogram 1	1	246.660429667	247.046638959	65.160	325.798	0.3862	260.638	-38.02	
225	Spectrogram 1	1	247.656443103	248.642293136	65.160	443.085	0.9859	377.925	-42.53	
226	Spectrogram 1	1	248.987848817	249.546835949	143.351	403.989	0.5590	260.638	-32.25	
227	Spectrogram 1	1	249.831411217	250.522522580	573.404	860.106	0.6911	286.702	-37.46	
228	Spectrogram 1	1	251.457555601	252.646673682	26.064	325.798	1.1891	299.734	-34.38	
229	Spectrogram 1	1	253.002392766	253.673177324	104.255	417.021	0.6708	312.766	-45.00	
230	Spectrogram 1	1	254.018733006	255.533079964	39.096	377.926	1.5143	338.830	-36.79	
231	Spectrogram 1	1	255.878635646	256.244518132	52.128	208.511	0.3659	156.383	-33.24	
232	Spectrogram 1	1	256.651054228	257.321838787	0.000	260.638	0.6708	260.638	-43.43	
233	Spectrogram 1	1	257.697884675	258.541447075	143.351	377.926	0.8436	234.575	-32.35	
234	Spectrogram 1	1	258.612577973	259.537447592	234.574	443.085	0.9249	208.511	-51.45	
235	Spectrogram 1	1	259.801696054	260.939997123	26.064	338.830	1.1383	312.766	-38.38	
236	Spectrogram 1	1	260.716402271	261.946173961	573.404	1211.968	1.2298	638.564	-46.25	
237	Spectrogram 1	1	262.230749228	263.114965237	169.415	417.021	0.8842	247.606	-31.94	
238	Spectrogram 1	1	263.978854441	265.310260156	547.340	1277.128	1.3314	729.788	-45.83	
239	Spectrogram 1	1	263.379213700	264.578495183	0.000	312.766	1.1993	312.766	-41.45	
240	Spectrogram 1	1	265.544018411	266.855097321	13.032	338.830	1.3111	325.798	-40.14	
241	Spectrogram 1	1	266.235129775	266.956731345	195.479	456.117	0.7216	260.638	-36.78	
242	Spectrogram 1	1	267.129509186	268.044215402	195.479	390.957	0.9147	195.478	-43.83	
243	Spectrogram 1	1	268.775980375	269.904118042	65.160	234.574	1.1281	169.414	-34.23	
244	Spectrogram 1	1	269.843137627	270.564739198	547.340	1172.872	0.7216	625.532	-37.94	
245	Spectrogram 1	1	263.135292042	263.663788967	2285.309	9399.255	0.5285	7113.946	-66.75	d
246	Spectrogram 1	1	263.724769381	264.222776099	2174.729	9657.273	0.4980	7482.544	-64.66	d
247	Spectrogram 1	1	264.487024562	265.015521486	2211.589	10726.208	0.5285	8514.619	-68.17	d
248	Spectrogram 1	1	265.218789534	265.696469447	2469.608	11758.283	0.4777	9288.675	-67.64	d
249	Spectrogram 1	1	265.767613264	266.296110189	2211.589	12126.881	0.5285	9915.292	-68.39	d
250	Spectrogram 1	1	266.458724627	266.824607114	2174.729	12163.741	0.3659	9989.012	-66.52	d
251	Spectrogram 1	1	269.924428089	271.276160609	169.415	364.894	1.3517	195.479	-46.35	
252	Spectrogram 1	1	271.337141023	272.028252387	208.511	403.989	0.6911	195.478	-34.95	
253	Spectrogram 1	1	272.363644666	272.800670969	1642.021	2397.872	0.4370	755.851	-61.43	
254	Spectrogram 1	1	272.556749311	273.766194197	52.128	351.862	1.2094	299.734	-41.27	
255	Spectrogram 1	1	273.491782332	274.121913281	4383.008	5334.338	0.6301	951.330	-63.83	d
256	Spectrogram 1	1	274.874005059	276.398515419	78.191	390.957	1.5245	312.766	-40.19	
257	Spectrogram 1	1	276.601783467	277.557143293	39.096	312.766	0.9554	273.670	-36.83	
258	Spectrogram 1	1	277.292894831	277.638450512	3883.511	4665.426	0.3456	781.915	-62.45	d
259	Spectrogram 1	1	278.004332999	278.461686107	208.511	338.830	0.4574	130.319	-37.56	
260	Spectrogram 1	1	278.593810338	279.854072236	625.532	2046.011	1.2603	1420.479	-46.16	
261	Spectrogram 1	1	278.868222203	279.691457797	156.383	377.926	0.8232	221.543	-33.75	
262	Spectrogram 1	1	281.215968158	282.567700677	143.351	390.957	1.3517	247.606	-43.12	
263	Spectrogram 1	1	281.968047374	283.309616491	508.245	1407.447	1.3416	899.202	-50.97	
264	Spectrogram 1	1	282.750629359	283.401087113	169.415	390.957	0.6505	221.542	-38.76	
265	Spectrogram 1	1	283.207980375	283.746640702	1381.383	2032.979	0.5387	651.596	-61.79	
266	Spectrogram 1	1	283.858438129	284.935758783	26.064	430.053	1.0773	403.989	-44.17	
267	Spectrogram 1	1	285.037392807	286.267164498	39.096	312.766	1.2298	273.670	-38.43	
268	Spectrogram 1	1	286.856641837	287.385138762	104.255	377.926	0.5285	273.671	-40.04	
269	Spectrogram 1	1	287.029419678	288.421805807	847.074	1407.447	1.3924	560.373	-49.71	
270	Spectrogram 1	1	287.954289296	290.271545044	52.128	495.213	2.3173	443.085	-44.90	
272	Spectrogram 1	1	291.206578065	292.792068840	104.255	351.862	1.5855	247.607	-42.17	
273	Spectrogram 1	1	291.389519308	292.385532743	1589.894	2267.553	0.9960	677.659	-61.32	
274	Spectrogram 1	1	293.015648269	294.184439545	1615.957	2450.000	1.1688	834.043	-62.88	
275	Spectrogram 1	1	293.533978170	294.113292107	52.128	807.979	0.5793	755.851	-43.22	
276	Spectrogram 1	1	294.296233350	295.048325128	130.319	390.957	0.7521	260.638	-37.77	
277	Spectrogram 1	1	297.111495815	297.619665936	26.064	755.851	0.5082	729.787	-43.34	
278	Spectrogram 1	1	295.993521551	296.532181879	104.255	351.862	0.5387	247.607	-42.58	
279	Spectrogram 1	1	296.379730843	297.446888095	977.394	1238.032	1.0672	260.638	-49.18	
280	Spectrogram 1	1	298.392084518	299.560875794	951.330	1381.383	1.1688	430.053	-42.14	
281	Spectrogram 1	1	297.761953569	298.493718542	91.223	443.085	0.7318	351.862	-40.99	
282	Spectrogram 1	1	298.798620614	299.591366001	0.000	208.511	0.7927	208.511	-36.85	
283	Spectrogram 1	1	300.445091803	302.447282076	39.096	338.830	2.0022	299.734	-40.72	
284	Spectrogram 1	1	301.054895947	301.441105239	78.191	651.596	0.3862	573.405	-39.40	
285	Spectrogram 1	1	300.617869644	301.583392872	1120.745	1785.372	0.9655	664.627	-45.24	
286	Spectrogram 1	1	302.061072785	302.437118674	91.223	768.883	0.3760	677.660	-44.34	
287	Spectrogram 1	1	303.006269208	303.646563560	104.255	807.979	0.6403	703.724	-47.15	
288	Spectrogram 1	1	304.906810419	305.435307344	26.064	651.596	0.5285	625.532	-38.39	
289	Spectrogram 1	1	305.262529503	306.136582110	912.234	1824.468	0.8741	912.234	-40.98	
290	Spectrogram 1	1	304.154718641	304.713705774	195.479	377.926	0.5590	182.447	-42.61	
291	Spectrogram 1	1	306.116255305	307.051288326	13.032	403.989	0.9350	390.957	-38.62	
292	Spectrogram 1	1	307.528968239	308.453837857	0.000	338.830	0.9249	338.830	-41.93	
293	Spectrogram 1	1	309.063642001	309.632792536	78.191	755.851	0.5692	677.660	-40.81	
294	Spectrogram 1	1	309.876714193	311.441878163	130.319	338.830	1.5652	208.511	-42.06	
295	Spectrogram 1	1	312.437891599	312.864754500	1720.213	2332.713	0.4269	612.500	-60.33	
296	Spectrogram 1	1	312.559852427	313.748970508	0.000	403.989	1.1891	403.989	-39.20	
297	Spectrogram 1	1	313.891258142	314.663676725	156.383	443.085	0.7724	286.702	-42.82	
298	Spectrogram 1	1	314.836439717	315.812126347	0.000	195.479	0.9757	195.479	-36.85	
299	Spectrogram 1	1	315.547877885	316.330459870	951.330	1355.319	0.7826	403.989	-33.37	
300	Spectrogram 1	1	315.944250579	317.539904756	0.000	351.862	1.5957	351.862	-40.41	
301	Spectrogram 1	1	317.641538780	318.058238278	78.191	729.787	0.4167	651.596	-39.05	
302	Spectrogram 1	1	317.590721768	318.373303753	1081.649	1485.638	0.7826	403.989	-48.69	
303	Spectrogram 1	1	317.987094461	318.820493458	2371.809	2958.245	0.8334	586.436	-57.41	
304	Spectrogram 1	1	319.481114614	320.182389380	2723.670	3166.755	0.7013	443.085	-59.65	
305	Spectrogram 1	1	317.265492891	317.895623840	2710.638	3205.851	0.6301	495.213	-64.16	
306	Spectrogram 1	1	318.210689314	318.942454287	130.319	403.989	0.7318	273.670	-41.89	
307	Spectrogram 1	1	319.694546065	320.009611539	26.064	403.989	0.3151	377.925	-43.91	
308	Spectrogram 1	1	320.771866719	321.249546632	52.128	677.660	0.4777	625.532	-39.26	
309	Spectrogram 1	1	321.523958497	322.133762641	964.362	1264.096	0.6098	299.734	-38.33	
310	Spectrogram 1	1	322.408174506	323.566802380	0.000	182.447	1.1586	182.447	-37.15	
311	Spectrogram 1	1	324.146116317	324.705103449	65.160	234.574	0.5590	169.414	-44.19	
312	Spectrogram 1	1	324.694940046	325.091312740	78.191	860.106	0.3964	781.915	-39.91	
313	Spectrogram 1	1	325.131966350	325.416541617	1172.872	1628.989	0.2846	456.117	-53.84	
314	Spectrogram 1	1	325.721442740	327.317096917	130.319	390.957	1.5957	260.638	-43.12	
315	Spectrogram 1	1	327.601661370	329.197315547	873.138	1707.181	1.5957	834.043	-41.60	
316	Spectrogram 1	1	328.130158295	328.628165013	52.128	664.628	0.4980	612.500	-38.21	
317	Spectrogram 1	1	329.990060934	330.681172298	26.064	195.479	0.6911	169.415	-35.53	
318	Spectrogram 1	1	329.288786169	329.959570727	117.287	390.957	0.6708	273.670	-47.01	
319	Spectrogram 1	1	330.671008895	331.047054784	964.362	1798.404	0.3760	834.042	-43.97	
320	Spectrogram 1	1	331.158852211	331.748329550	325.798	469.149	0.5895	143.351	-45.41	
321	Spectrogram 1	1	331.402773868	332.591891949	78.191	247.606	1.1891	169.415	-41.72	
322	Spectrogram 1	1	332.510584730	333.049245057	0.000	860.106	0.5387	860.106	-38.51	
323	Spectrogram 1	1	332.805323400	333.577741982	2671.543	2945.213	0.7724	273.670	-60.78	
324	Spectrogram 1	1	333.323656922	333.598068787	1498.670	2606.383	0.2744	1107.713	-58.17	
325	Spectrogram 1	1	333.465944556	334.959964709	26.064	390.957	1.4940	364.893	-44.59	
326	Spectrogram 1	1	335.122579147	336.240553411	104.255	443.085	1.1180	338.830	-46.80	
327	Spectrogram 1	1	335.640912670	337.063789006	990.426	1329.255	1.4229	338.829	-41.23	
328	Spectrogram 1	1	336.809703946	337.195913237	1459.574	1668.085	0.3862	208.511	-46.55	
329	Spectrogram 1	1	338.537476283	340.265254691	716.755	1355.319	1.7278	638.564	-37.77	
330	Spectrogram 1	1	338.130940187	338.771234538	0.000	312.766	0.6403	312.766	-36.41	
331	Spectrogram 1	1	339.187934036	339.858718595	91.223	325.798	0.6708	234.575	-42.10	
332	Spectrogram 1	1	340.681954189	341.281594931	0.000	547.340	0.5996	547.340	-40.15	
333	Spectrogram 1	1	342.552020231	343.151660973	677.660	2371.809	0.5996	1694.149	-42.59	
334	Spectrogram 1	1	341.149463490	341.972699085	0.000	247.606	0.8232	247.606	-42.59	
335	Spectrogram 1	1	341.871065061	342.694300655	65.160	417.021	0.8232	351.861	-41.88	
336	Spectrogram 1	1	344.737144538	345.164007439	0.000	781.915	0.4269	781.915	-39.04	
337	Spectrogram 1	1	344.716817733	345.428255901	2384.840	3062.500	0.7114	677.660	-63.46	
338	Spectrogram 1	1	345.905935814	346.241328093	677.660	2098.138	0.3354	1420.478	-40.01	
339	Spectrogram 1	1	346.302308508	347.552407003	0.000	221.543	1.2501	221.543	-39.36	
340	Spectrogram 1	1	348.741525084	349.087080766	52.128	599.468	0.3456	547.340	-36.08	
341	Spectrogram 1	1	348.761851889	350.286362249	612.500	1225.000	1.5245	612.500	-35.75	
342	Spectrogram 1	1	349.402146240	350.133911213	13.032	403.989	0.7318	390.957	-41.16	
343	Spectrogram 1	1	350.591255404	351.068935317	130.319	377.926	0.4777	247.607	-42.35	
344	Spectrogram 1	1	351.790536887	352.491811653	260.638	390.957	0.7013	130.319	-44.19	
345	Spectrogram 1	1	351.912497716	353.711419941	638.564	1342.287	1.7989	703.723	-37.92	
346	Spectrogram 1	1	353.914687989	354.890374620	0.000	247.606	0.9757	247.606	-37.82	
347	Spectrogram 1	1	353.752073551	354.931028229	1016.489	1381.383	1.1790	364.894	-55.72	
348	Spectrogram 1	1	356.486028797	356.729950454	1185.904	2450.000	0.2439	1264.096	-51.33	
349	Spectrogram 1	1	356.303087554	357.034852526	742.819	1120.745	0.7318	377.926	-44.52	
350	Spectrogram 1	1	356.719787052	357.268610782	39.096	534.309	0.5488	495.213	-36.14	
351	Spectrogram 1	1	355.154623082	355.957531872	208.511	390.957	0.8029	182.446	-48.01	
352	Spectrogram 1	1	358.030865962	358.904918568	0.000	195.479	0.8741	195.479	-44.91	
353	Spectrogram 1	1	358.701650520	359.972075820	117.287	377.926	1.2704	260.639	-51.25	
354	Spectrogram 1	1	359.138676824	360.551389757	664.628	1225.000	1.4127	560.372	-34.89	
355	Spectrogram 1	1	360.561553160	361.303481535	26.064	807.979	0.7419	781.915	-42.27	
356	Spectrogram 1	1	360.337958307	360.917272244	1238.032	2397.872	0.5793	1159.840	-58.40	
357	Spectrogram 1	1	361.425432498	361.872622204	52.128	729.787	0.4472	677.659	-48.05	
358	Spectrogram 1	1	362.157197471	363.620727417	612.500	1146.809	1.4635	534.309	-37.35	
359	Spectrogram 1	1	362.492589750	363.681707831	0.000	169.415	1.1891	169.415	-37.86	
360	Spectrogram 1	1	365.175727984	365.683898104	26.064	586.436	0.5082	560.372	-38.79	
361	Spectrogram 1	1	364.382982597	365.084257363	91.223	364.894	0.7013	273.671	-42.82	
362	Spectrogram 1	1	365.907492957	367.472656927	0.000	312.766	1.5652	312.766	-41.29	
363	Spectrogram 1	1	366.395336272	366.679911540	573.404	1238.032	0.2846	664.628	-32.87	
364	Spectrogram 1	1	367.147428050	367.432003317	912.234	1238.032	0.2846	325.798	-43.49	
365	Spectrogram 1	1	368.966677080	369.444356993	104.255	651.596	0.4777	547.341	-37.37	
366	Spectrogram 1	1	369.190271933	370.979030755	703.723	1120.745	1.7888	417.022	-32.83	
367	Spectrogram 1	1	370.470851718	371.568499177	0.000	234.574	1.0976	234.574	-37.65	
368	Spectrogram 1	1	372.554349210	373.093009538	13.032	377.926	0.5387	364.894	-39.31	
369	Spectrogram 1	1	373.174316757	373.621506463	13.032	443.085	0.4472	430.053	-35.43	
370	Spectrogram 1	1	372.473041991	374.190656997	599.468	1225.000	1.7176	625.532	-35.64	
371	Spectrogram 1	1	373.977225547	374.322781228	1277.128	2515.160	0.3456	1238.032	-56.86	
372	Spectrogram 1	1	374.363434838	375.786311174	664.628	1277.128	1.4229	612.500	-48.02	
373	Spectrogram 1	1	375.186670432	375.765984369	65.160	495.213	0.5793	430.053	-44.95	
374	Spectrogram 1	1	375.816801381	376.558729757	169.415	390.957	0.7419	221.542	-49.40	
375	Spectrogram 1	1	377.016082865	377.331148339	573.404	1381.383	0.3151	807.979	-33.74	
376	Spectrogram 1	1	377.066899877	377.636050411	91.223	547.340	0.5692	456.117	-37.12	
377	Spectrogram 1	1	377.890135471	378.438959201	351.862	1290.160	0.5488	938.298	-48.26	
378	Spectrogram 1	1	378.195037543	379.455299441	0.000	208.511	1.2603	208.511	-39.27	
379	Spectrogram 1	1	379.882162342	381.528633531	651.596	1277.128	1.6465	625.532	-31.59	
380	Spectrogram 1	1	381.050953618	381.772555189	0.000	403.989	0.7216	403.989	-38.79	
381	Spectrogram 1	1	381.803045396	382.290888711	521.277	1329.255	0.4878	807.978	-48.70	
382	Spectrogram 1	1	382.829536890	384.862217370	612.500	1342.287	2.0327	729.787	-34.90	
383	Spectrogram 1	1	385.289080271	385.756596782	52.128	495.213	0.4675	443.085	-38.26	
384	Spectrogram 1	1	385.034995211	386.539178767	521.277	677.660	1.5042	156.383	-45.85	
385	Spectrogram 1	1	386.427381340	386.823754034	52.128	325.798	0.3964	273.670	-41.76	
386	Spectrogram 1	1	383.154765767	383.347870413	78.191	390.957	0.1931	312.766	-41.18	
387	Spectrogram 1	1	384.191432812	384.476008079	13.032	456.117	0.2846	443.085	-41.05	
388	Spectrogram 1	1	383.805223521	384.049145178	52.128	495.213	0.2439	443.085	-44.77	
389	Spectrogram 1	1	386.905061253	387.423394776	195.479	456.117	0.5183	260.638	-48.79	
390	Spectrogram 1	1	387.626662824	388.419408211	0.000	234.574	0.7927	234.574	-37.91	
391	Spectrogram 1	1	387.677479836	388.073852529	521.277	1550.798	0.3964	1029.521	-36.26	
392	Spectrogram 1	1	388.703983478	389.242643805	0.000	182.447	0.5387	182.447	-41.82	
393	Spectrogram 1	1	389.161336586	389.537382475	495.213	964.362	0.3760	469.149	-43.36	
394	Spectrogram 1	1	390.126859814	390.665520142	104.255	495.213	0.5387	390.958	-38.66	
395	Spectrogram 1	1	390.482578898	392.281501124	547.340	1446.543	1.7989	899.203	-35.96	
396	Spectrogram 1	1	391.275324286	391.580226358	0.000	430.053	0.3049	430.053	-41.62	
397	Spectrogram 1	1	392.301827928	392.586403196	52.128	403.989	0.2846	351.861	-41.83	
398	Spectrogram 1	1	392.657547012	393.013266096	417.021	1133.777	0.3557	716.756	-45.78	
399	Spectrogram 1	1	393.318168168	393.704377460	117.287	390.957	0.3862	273.670	-46.94	
400	Spectrogram 1	1	394.100750153	394.629247078	26.064	443.085	0.5285	417.021	-37.48	
401	Spectrogram 1	1	393.562081668	395.808193598	651.596	1277.128	2.2461	625.532	-38.70	
402	Spectrogram 1	1	395.818353396	397.678256036	521.277	1133.777	1.8599	612.500	-41.92	
403	Spectrogram 1	1	396.153745675	396.926164258	0.000	260.638	0.7724	260.638	-36.96	
404	Spectrogram 1	1	398.308386984	398.775903495	508.245	1225.000	0.4675	716.755	-40.70	
405	Spectrogram 1	1	398.928354531	399.243420005	52.128	612.500	0.3151	560.372	-38.33	
406	Spectrogram 1	1	398.887700921	400.574825720	443.085	703.723	1.6871	260.638	-41.02	
407	Spectrogram 1	1	399.883714357	400.137799417	52.128	390.957	0.2541	338.829	-40.36	
408	Spectrogram 1	1	400.849237585	401.133812852	495.213	847.074	0.2846	351.861	-41.11	
409	Spectrogram 1	1	401.530185546	401.855414423	0.000	247.606	0.3252	247.606	-38.77	
410	Spectrogram 1	1	401.347244302	403.207146942	508.245	1055.585	1.8599	547.340	-39.44	
411	Spectrogram 1	1	403.928748512	404.223487182	403.989	768.883	0.2947	364.894	-39.96	
412	Spectrogram 1	1	404.721493900	406.012246005	0.000	208.511	1.2908	208.511	-38.31	
413	Spectrogram 1	1	404.365774816	406.642376954	482.181	677.660	2.2766	195.479	-37.53	
414	Spectrogram 1	1	407.780668157	408.116060436	39.096	417.021	0.3354	377.925	-36.28	
415	Spectrogram 1	1	407.343641853	408.776681592	482.181	755.851	1.4330	273.670	-40.26	
416	Spectrogram 1	1	408.807170851	409.112072923	52.128	338.830	0.3049	286.702	-39.54	
417	Spectrogram 1	1	409.599916238	409.874328103	78.191	677.660	0.2744	599.469	-38.83	
418	Spectrogram 1	1	410.606093076	413.960015868	469.149	677.660	3.3539	208.511	-36.21	
419	Spectrogram 1	1	410.910995148	411.144753403	104.255	208.511	0.2338	104.256	-36.13	
420	Spectrogram 1	1	411.541126097	411.805374559	52.128	234.574	0.2642	182.446	-41.07	
421	Spectrogram 1	1	412.811551397	412.923348823	78.191	234.574	0.1118	156.383	-38.53	
422	Spectrogram 1	1	413.970179271	414.325898355	521.277	1042.553	0.3557	521.276	-39.77	
423	Spectrogram 1	1	415.413382412	416.195964397	312.766	821.011	0.7826	508.245	-46.34	
424	Spectrogram 1	1	416.226454604	417.923742805	390.957	703.723	1.6973	312.766	-37.55	
425	Spectrogram 1	1	418.777457976	420.749158042	377.926	586.436	1.9717	208.510	-37.80	
426	Spectrogram 1	1	420.769484847	421.094713724	417.021	886.170	0.3252	469.149	-39.75	
427	Spectrogram 1	1	419.397425523	420.322295141	0.000	299.734	0.9249	299.734	-41.77	
428	Spectrogram 1	1	422.182197781	425.282035513	377.926	690.691	3.0998	312.765	-37.37	
429	Spectrogram 1	1	425.109257672	426.003637084	351.862	886.170	0.8944	534.308	-40.66	
433	Spectrogram 1	1	426.532134008	428.554651086	247.606	521.277	2.0225	273.671	-35.49	
434	Spectrogram 1	1	427.233408774	427.619618065	417.021	977.394	0.3862	560.373	-37.13	
435	Spectrogram 1	1	429.662461948	430.363736714	0.000	221.543	0.7013	221.543	-43.79	
436	Spectrogram 1	1	429.896211864	431.461375833	417.021	664.628	1.5652	247.607	-35.04	
437	Spectrogram 1	1	431.522356248	432.223631014	299.734	768.883	0.7013	469.149	-39.34	
438	Spectrogram 1	1	432.874085162	433.768464574	860.106	1290.160	0.8944	430.054	-52.67	
439	Spectrogram 1	1	433.239967649	435.943432688	195.479	729.787	2.7035	534.308	-40.77	
440	Spectrogram 1	1	435.018563069	435.374282153	390.957	834.043	0.3557	443.086	-44.23	
441	Spectrogram 1	1	437.213857988	439.236375066	260.638	469.149	2.0225	208.511	-32.43	
442	Spectrogram 1	1	437.224021390	437.457779645	573.404	899.202	0.2338	325.798	-54.01	
443	Spectrogram 1	1	437.711864706	437.986276570	573.404	886.170	0.2744	312.766	-53.49	
444	Spectrogram 1	1	438.199708021	438.474119886	508.245	807.979	0.2744	299.734	-54.86	
445	Spectrogram 1	1	438.291178642	439.571767345	0.000	208.511	1.2806	208.511	-42.04	
446	Spectrogram 1	1	440.262878708	441.218238534	0.000	286.702	0.9554	286.702	-39.05	
447	Spectrogram 1	1	441.502813801	442.234578774	234.574	430.053	0.7318	195.479	-33.27	
448	Spectrogram 1	1	441.553630813	443.413533453	351.862	664.628	1.8599	312.766	-36.23	
449	Spectrogram 1	1	443.525330879	443.881049963	325.798	873.138	0.3557	547.340	-45.11	
450	Spectrogram 1	1	444.999011895	447.448391874	221.543	573.404	2.4494	351.861	-34.25	
451	Spectrogram 1	1	446.787770718	447.163816607	286.702	860.106	0.3760	573.404	-37.07	
452	Spectrogram 1	1	449.023719246	451.371465201	182.447	456.117	2.3477	273.670	-36.85	
453	Spectrogram 1	1	450.233164132	450.649863630	0.000	182.447	0.4167	182.447	-40.79	
454	Spectrogram 1	1	452.763851330	454.237544678	377.926	482.181	1.4737	104.255	-29.29	
455	Spectrogram 1	1	453.160224023	454.511956543	91.223	403.989	1.3517	312.766	-35.29	
456	Spectrogram 1	1	454.562773555	455.050616870	325.798	1003.457	0.4878	677.659	-51.36	
457	Spectrogram 1	1	455.894168070	458.089462989	286.702	899.202	2.1953	612.500	-39.37	
458	Spectrogram 1	1	455.812860851	456.005965496	573.404	768.883	0.1931	195.479	-52.10	
459	Spectrogram 1	1	457.388188223	457.550802661	599.468	821.011	0.1626	221.543	-48.17	
460	Spectrogram 1	1	459.126130034	460.213614091	0.000	325.798	1.0875	325.798	-43.18	
461	Spectrogram 1	1	459.837568202	461.880412084	104.255	430.053	2.0428	325.798	-35.50	
462	Spectrogram 1	1	461.067339892	461.545019805	364.894	860.106	0.4777	495.212	-43.02	
463	Spectrogram 1	1	462.683320874	462.978059544	78.191	390.957	0.2947	312.766	-45.00	
464	Spectrogram 1	1	463.333778628	465.498583339	117.287	338.830	2.1648	221.543	-34.96	
465	Spectrogram 1	1	463.608190493	465.508746742	312.766	599.468	1.9006	286.702	-38.48	
466	Spectrogram 1	1	466.819815786	468.771189047	286.702	834.043	1.9514	547.341	-40.27	
467	Spectrogram 1	1	467.439783332	468.435796767	0.000	403.989	0.9960	403.989	-32.58	
468	Spectrogram 1	1	470.397333431	471.129098404	351.862	638.564	0.7318	286.702	-51.28	
469	Spectrogram 1	1	471.535634500	472.125111839	299.734	834.043	0.5895	534.309	-47.21	
470	Spectrogram 1	1	474.249262941	475.936387740	338.830	534.309	1.6871	195.479	-34.29	
471	Spectrogram 1	1	476.190472800	476.495374872	312.766	925.266	0.3049	612.500	-43.82	
472	Spectrogram 1	1	476.475038960	477.237294140	39.096	273.670	0.7623	234.574	-46.10	
473	Spectrogram 1	1	477.511706005	478.863438524	312.766	508.245	1.3517	195.479	-34.76	
474	Spectrogram 1	1	479.097196780	479.534223083	325.798	899.202	0.4370	573.404	-45.09	
475	Spectrogram 1	1	480.337131873	481.353472113	482.181	755.851	1.0163	273.670	-46.84	
476	Spectrogram 1	1	482.064910281	482.623897413	260.638	625.532	0.5590	364.894	-43.14	
477	Spectrogram 1	1	483.741871677	484.930989758	521.277	899.202	1.1891	377.925	-50.10	
478	Spectrogram 1	1	484.209388188	486.597787752	182.447	560.372	2.3884	377.925	-45.87	
479	Spectrogram 1	1	485.723735145	487.532820773	482.181	716.755	1.8091	234.574	-51.14	
480	Spectrogram 1	1	488.488169399	490.063496771	560.372	794.947	1.5753	234.575	-45.57	
481	Spectrogram 1	1	488.447515789	490.124477186	208.511	599.468	1.6770	390.957	-42.62	
482	Spectrogram 1	1	492.086013849	492.350262312	91.223	794.947	0.2642	703.724	-52.53	
483	Spectrogram 1	1	492.695817993	492.899086041	78.191	729.787	0.2033	651.596	-48.75	
484	Spectrogram 1	1	493.346275747	493.773138648	130.319	703.723	0.4269	573.404	-45.56	
485	Spectrogram 1	1	492.756798408	493.549543795	273.670	690.691	0.7927	417.021	-47.09	
486	Spectrogram 1	1	493.854445867	494.067877317	39.096	716.755	0.2134	677.659	-48.79	
487	Spectrogram 1	1	494.342289182	494.515067023	52.128	456.117	0.1728	403.989	-47.00	
488	Spectrogram 1	1	495.033400546	495.236668594	130.319	664.628	0.2033	534.309	-49.51	
489	Spectrogram 1	1	495.460263447	497.777519194	182.447	495.213	2.3173	312.766	-45.78	
490	Spectrogram 1	1	496.293662443	496.496930491	39.096	703.723	0.2033	664.627	-45.36	
491	Spectrogram 1	1	496.883139783	497.025427416	104.255	612.500	0.1423	508.245	-43.56	
493	Spectrogram 1	1	497.792758114	498.737954538	573.404	847.074	0.9452	273.670	-53.76	
494	Spectrogram 1	1	498.605830306	500.547040165	143.351	443.085	1.9412	299.734	-43.85	
495	Spectrogram 1	1	499.276614865	501.085700492	508.245	716.755	1.8091	208.510	-38.43	
496	Spectrogram 1	1	501.705668039	502.762661889	208.511	677.660	1.0570	469.149	-50.28	
497	Spectrogram 1	1	503.697694910	505.567760952	338.830	742.819	1.8701	403.989	-42.35	
500	Spectrogram 1	1	506.340175360	508.972496582	104.255	390.957	2.6323	286.702	-43.02	
501	Spectrogram 1	1	506.797528468	507.773215099	325.798	664.628	0.9757	338.830	-48.94	
502	Spectrogram 1	1	509.328215666	510.446189930	430.053	768.883	1.1180	338.830	-41.47	
503	Spectrogram 1	1	509.663607945	511.919883278	130.319	364.894	2.2563	234.575	-36.98	
504	Spectrogram 1	1	513.078509824	513.586679944	104.255	495.213	0.5082	390.958	-42.47	un
505	Spectrogram 1	1	513.901734029	514.115165480	26.064	234.574	0.2134	208.510	-40.67	
506	Spectrogram 1	1	514.054185065	514.918074269	208.511	456.117	0.8639	247.606	-38.58	
507	Spectrogram 1	1	517.235330017	519.013925437	78.191	312.766	1.7786	234.575	-42.89	
508	Spectrogram 1	1	520.253860530	522.367848230	456.117	807.979	2.1140	351.862	-43.19	
509	Spectrogram 1	1	521.158403344	522.672750302	104.255	338.830	1.5143	234.575	-39.49	
510	Spectrogram 1	1	524.146443650	526.097816911	495.213	781.915	1.9514	286.702	-41.33	
511	Spectrogram 1	1	524.979842647	525.894548863	130.319	338.830	0.9147	208.511	-41.11	
512	Spectrogram 1	1	527.754433981	529.004532477	52.128	286.702	1.2501	234.574	-40.61	
513	Spectrogram 1	1	529.197637122	530.254630972	508.245	794.947	1.0570	286.702	-38.73	
514	Spectrogram 1	1	531.281127567	532.439755441	65.160	325.798	1.1586	260.638	-38.23	
515	Spectrogram 1	1	534.980606041	535.275344711	39.096	325.798	0.2947	286.702	-38.09	
516	Spectrogram 1	1	535.427795747	536.240867939	156.383	430.053	0.8131	273.670	-39.79	
517	Spectrogram 1	1	538.537796882	540.082634047	521.277	807.979	1.5448	286.702	-50.95	
518	Spectrogram 1	1	540.702601593	542.288092368	78.191	325.798	1.5855	247.607	-38.11	
519	Spectrogram 1	1	539.767553143	540.092782020	182.447	586.436	0.3252	403.989	-41.59	un
520	Spectrogram 1	1	542.471016285	544.086997267	508.245	755.851	1.6160	247.606	-39.66	
521	Spectrogram 1	1	545.235461738	546.018043723	143.351	338.830	0.7826	195.479	-36.73	
522	Spectrogram 1	1	546.089187540	547.451083462	495.213	807.979	1.3619	312.766	-36.49	
523	Spectrogram 1	1	547.827129351	549.524417552	39.096	338.830	1.6973	299.734	-46.28	
524	Spectrogram 1	1	550.754189242	551.546934630	117.287	377.926	0.7927	260.639	-38.51	
525	Spectrogram 1	1	550.835496461	551.648568654	508.245	912.234	0.8131	403.989	-40.90	
526	Spectrogram 1	1	554.646756169	555.317540727	143.351	417.021	0.6708	273.670	-42.25	
527	Spectrogram 1	1	556.028978895	556.791234076	1772.340	2450.000	0.7623	677.660	-61.40	
528	Spectrogram 1	1	556.821724283	557.502672244	78.191	286.702	0.6809	208.511	-45.17	
529	Spectrogram 1	1	559.606496541	560.663490390	195.479	364.894	1.0570	169.415	-42.16	
530	Spectrogram 1	1	560.937902255	561.324111547	273.670	586.436	0.3862	312.766	-42.29	un
531	Spectrogram 1	1	563.021384520	563.621025261	755.851	1120.745	0.5996	364.894	-55.15	
532	Spectrogram 1	1	563.925927333	564.667855709	912.234	1537.766	0.7419	625.532	-44.50	
533	Spectrogram 1	1	566.233019679	567.198542907	755.851	1368.351	0.9655	612.500	-54.35	
534	Spectrogram 1	1	567.168052699	568.123412525	755.851	1355.319	0.9554	599.468	-48.34	
535	Spectrogram 1	1	568.987301729	569.515798654	1055.585	1850.532	0.5285	794.947	-60.64	
536	Spectrogram 1	1	572.026159047	572.585146179	834.043	1472.606	0.5590	638.563	-49.74	
537	Spectrogram 1	1	576.182972349	577.199312589	91.223	456.117	1.0163	364.894	-49.18	
538	Spectrogram 1	1	577.402580638	577.758299722	1928.723	6056.092	0.3557	4127.369	-63.33	un d/w
539	Spectrogram 1	1	579.597875556	580.106045676	2528.191	5834.549	0.5082	3306.358	-61.96	un d/w
540	Spectrogram 1	1	582.982288556	583.317680835	2576.571	6186.411	0.3354	3609.840	-63.59	un d/w
542	Spectrogram 1	1	585.736570607	586.976505700	964.362	1928.723	1.2399	964.361	-54.91	
543	Spectrogram 1	1	580.675196211	581.711863256	573.404	1277.128	1.0367	703.724	-51.55	
544	Spectrogram 1	1	583.937648382	585.096276255	716.755	1329.255	1.1586	612.500	-55.83	
545	Spectrogram 1	1	588.440020033	588.988843762	1485.638	2958.245	0.5488	1472.607	-62.54	
546	Spectrogram 1	1	589.293745834	590.421883501	729.787	1485.638	1.1281	755.851	-51.39	
547	Spectrogram 1	1	594.477081059	595.086885203	1550.798	2267.553	0.6098	716.755	-55.90	
548	Spectrogram 1	1	590.056001014	590.686131963	13.032	286.702	0.6301	273.670	-49.13	
549	Spectrogram 1	1	590.909726816	591.397570131	130.319	703.723	0.4878	573.404	-55.52	un
550	Spectrogram 1	1	595.798323371	597.078912074	169.415	534.309	1.2806	364.894	-55.50	
551	Spectrogram 1	1	596.916282011	597.587066570	1172.872	1798.404	0.6708	625.532	-60.02	
552	Spectrogram 1	1	596.570726330	597.078896450	3569.315	6749.103	0.5082	3179.788	-67.15	un d/w
553	Spectrogram 1	1	598.095236690	598.572916603	3006.267	5873.288	0.4777	2867.021	-65.51	un d/w
554	Spectrogram 1	1	598.562753200	599.081086723	2706.533	6394.565	0.5183	3688.032	-66.93	un d/w
555	Spectrogram 1	1	603.227754903	604.172951326	716.755	1433.511	0.9452	716.756	-56.94	
556	Spectrogram 1	1	605.192305312	606.350060725	925.000	1700.000	1.1578	775.000	-54.93	
557	Spectrogram 1	1	606.289126229	607.192987911	150.000	412.500	0.9039	262.500	-52.94	
558	Spectrogram 1	1	607.253922407	609.346006750	750.000	1462.500	2.0921	712.500	-53.32	
559	Spectrogram 1	1	609.437408493	610.178778187	237.500	437.500	0.7414	200.000	-52.74	
560	Spectrogram 1	1	612.971609227	613.773913417	737.500	1800.000	0.8023	1062.500	-54.18	
561	Spectrogram 1	1	610.574852407	611.123262866	737.500	1012.500	0.5484	275.000	-52.45	
562	Spectrogram 1	1	615.348051703	615.551166688	850.000	1275.000	0.2031	425.000	-52.78	
563	Spectrogram 1	1	616.018326600	617.064368772	675.000	1062.500	1.0460	387.500	-51.25	
564	Spectrogram 1	1	615.673029408	616.495645097	150.000	450.000	0.8226	300.000	-50.62	
565	Spectrogram 1	1	617.958072987	618.354147207	125.000	587.500	0.3961	462.500	-50.87	
566	Spectrogram 1	1	618.415081702	618.933024914	862.500	1187.500	0.5179	325.000	-50.38	
567	Spectrogram 1	1	618.780688675	619.522058369	250.000	425.000	0.7414	175.000	-54.70	
568	Spectrogram 1	1	619.288476137	620.324362559	600.000	850.000	1.0359	250.000	-49.32	
569	Spectrogram 1	1	620.618879287	620.964174761	600.000	1125.000	0.3453	525.000	-54.25	
570	Spectrogram 1	1	622.477381397	624.021055281	612.500	1312.500	1.5437	700.000	-51.83	
571	Spectrogram 1	1	622.822676871	623.624981061	1075.000	1850.000	0.8023	775.000	-54.06	
572	Spectrogram 1	1	619.633771611	620.588412039	1137.500	1837.500	0.9546	700.000	-57.41	
573	Spectrogram 1	1	624.234326015	624.894449716	837.500	1312.500	0.6601	475.000	-49.78	
574	Spectrogram 1	1	624.914761214	625.331146933	975.000	1525.000	0.4164	550.000	-53.47	
575	Spectrogram 1	1	625.402237178	626.052205129	112.500	400.000	0.6500	287.500	-49.97	
576	Spectrogram 1	1	626.671705832	627.128714548	175.000	487.500	0.4570	312.500	-52.46	
577	Spectrogram 1	1	627.474010022	627.941174487	150.000	300.000	0.4672	150.000	-47.74	
578	Spectrogram 1	1	627.606033685	627.910706162	900.000	1412.500	0.3047	512.500	-47.80	
579	Spectrogram 1	1	628.103665397	629.088773073	500.000	762.500	0.9851	262.500	-51.50	
580	Spectrogram 1	1	629.058305825	629.535626040	100.000	787.500	0.4773	687.500	-48.97	un
581	Spectrogram 1	1	631.231636162	631.861292615	550.000	750.000	0.6297	200.000	-49.07	
582	Spectrogram 1	1	631.729267875	632.318301330	962.500	1337.500	0.5890	375.000	-53.98	
583	Spectrogram 1	1	630.337930229	630.612135459	762.500	1275.000	0.2742	512.500	-43.83	
584	Spectrogram 1	1	632.450326071	632.724531300	387.500	937.500	0.2742	550.000	-52.84	
585	Spectrogram 1	1	633.069826774	634.217426438	1025.000	1412.500	1.1476	387.500	-48.14	
586	Spectrogram 1	1	636.319666530	637.386020200	975.000	1300.000	1.0664	325.000	-44.83	
587	Spectrogram 1	1	638.706267601	639.214055062	562.500	737.500	0.5078	175.000	-46.35	
588	Spectrogram 1	1	639.335924053	640.026515001	437.500	600.000	0.6906	162.500	-47.83	
589	Spectrogram 1	1	638.594553846	638.848447577	1087.500	1337.500	0.2539	250.000	-47.18	
590	Spectrogram 1	1	640.798351431	641.123335406	775.000	1350.000	0.3250	575.000	-46.30	
591	Spectrogram 1	1	642.819345529	643.692739963	362.500	562.500	0.8734	200.000	-49.11	
592	Spectrogram 1	1	643.794297455	644.230994673	0.000	300.000	0.4367	300.000	-44.73	
593	Spectrogram 1	1	644.261461920	644.637224642	587.500	1375.000	0.3758	787.500	-50.17	
594	Spectrogram 1	1	645.977783541	646.444948006	962.500	1775.000	0.4672	812.500	-54.81	
595	Spectrogram 1	1	647.419899933	647.826129903	750.000	1337.500	0.4062	587.500	-51.70	
596	Spectrogram 1	1	646.587128496	647.277719444	312.500	600.000	0.6906	287.500	-51.09	
597	Spectrogram 1	1	648.476097854	648.719835835	137.500	675.000	0.2437	537.500	-50.78	
598	Spectrogram 1	1	649.461205599	649.755722327	37.500	500.000	0.2945	462.500	-50.80	
599	Spectrogram 1	1	649.816656822	651.360330706	350.000	562.500	1.5437	212.500	-48.46	
600	Spectrogram 1	1	649.471361348	650.730674254	637.500	875.000	1.2593	237.500	-51.92	
601	Spectrogram 1	1	653.553972542	654.528924468	312.500	512.500	0.9750	200.000	-47.75	
602	Spectrogram 1	1	654.620326212	655.432786151	600.000	850.000	0.8125	250.000	-41.66	
603	Spectrogram 1	1	655.828860371	656.966304285	450.000	900.000	1.1374	450.000	-51.45	
604	Spectrogram 1	1	656.610853062	657.159263521	137.500	350.000	0.5484	212.500	-51.66	
605	Spectrogram 1	1	657.565493490	658.032657955	400.000	587.500	0.4672	187.500	-46.75	
606	Spectrogram 1	1	658.489666671	660.124742298	675.000	1075.000	1.6351	400.000	-47.70	
607	Spectrogram 1	1	659.220880616	660.662997008	375.000	875.000	1.4421	500.000	-47.64	
608	Spectrogram 1	1	661.099694303	662.348851459	250.000	450.000	1.2492	200.000	-41.08	
609	Spectrogram 1	1	661.871531245	663.059753906	625.000	950.000	1.1882	325.000	-36.72	
610	Spectrogram 1	1	663.232401643	663.648787362	725.000	1275.000	0.4164	550.000	-43.06	
611	Spectrogram 1	1	664.440935802	665.771338952	262.500	462.500	1.3304	200.000	-44.80	
612	Spectrogram 1	1	664.684673784	665.517445221	487.500	1225.000	0.8328	737.500	-49.88	
613	Spectrogram 1	1	666.908782867	667.355635833	612.500	1312.500	0.4469	700.000	-47.74	
614	Spectrogram 1	1	669.518810421	671.184353295	562.500	862.500	1.6655	300.000	-35.70	
615	Spectrogram 1	1	668.614948738	669.569589167	175.000	500.000	0.9546	325.000	-52.28	
616	Spectrogram 1	1	671.590583323	672.646781244	287.500	500.000	1.0562	212.500	-45.17	
617	Spectrogram 1	1	672.118682283	672.951453721	12.500	250.000	0.8328	237.500	-43.09	
618	Spectrogram 1	1	672.778805984	674.769332834	575.000	1000.000	1.9905	425.000	-38.41	
619	Spectrogram 1	1	674.586529348	675.053693813	75.000	475.000	0.4672	400.000	-38.72	
620	Spectrogram 1	1	674.901357574	676.516121703	262.500	912.500	1.6148	650.000	-49.57	
621	Spectrogram 1	1	677.907459348	678.577738798	462.500	1275.000	0.6703	812.500	-43.90	
622	Spectrogram 1	1	678.049639838	678.526960052	75.000	525.000	0.4773	450.000	-37.73	
623	Spectrogram 1	1	678.902722774	679.217551000	112.500	525.000	0.3148	412.500	-41.32	
625	Spectrogram 1	1	679.897986199	680.141724181	112.500	500.000	0.2437	387.500	-40.00	
626	Spectrogram 1	1	681.461971581	683.574367485	225.000	487.500	2.1124	262.500	-41.78	
627	Spectrogram 1	1	681.431504395	683.269695007	537.500	1387.500	1.8382	850.000	-47.25	
628	Spectrogram 1	1	683.747015222	684.224335436	237.500	937.500	0.4773	700.000	-55.12	
629	Spectrogram 1	1	684.214179686	685.199287362	0.000	225.000	0.9851	225.000	-42.17	
630	Spectrogram 1	1	684.447761919	686.255485283	475.000	1150.000	1.8077	675.000	-44.12	
631	Spectrogram 1	1	686.245329534	686.742961246	62.500	525.000	0.4976	462.500	-36.54	
632	Spectrogram 1	1	685.707074824	687.271060207	187.500	487.500	1.5640	300.000	-39.54	
633	Spectrogram 1	1	687.139035467	687.514798188	100.000	562.500	0.3758	462.500	-40.50	
634	Spectrogram 1	1	687.981962653	688.195233387	87.500	525.000	0.2133	437.500	-37.80	
635	Spectrogram 1	1	689.586571033	690.216227486	487.500	850.000	0.6297	362.500	-44.86	
636	Spectrogram 1	1	690.642768953	691.120089168	150.000	612.500	0.4773	462.500	-39.08	
637	Spectrogram 1	1	691.942704924	693.821518533	500.000	1012.500	1.8788	512.500	-47.33	
638	Spectrogram 1	1	692.460648135	693.262952325	0.000	162.500	0.8023	162.500	-38.04	un
639	Spectrogram 1	1	693.608247799	694.979273946	250.000	450.000	1.3710	200.000	-39.02	
640	Spectrogram 1	1	694.339461744	694.796470460	62.500	575.000	0.4570	512.500	-37.50	
641	Spectrogram 1	1	694.816781958	696.969800796	325.000	925.000	2.1530	600.000	-44.36	
642	Spectrogram 1	1	695.334725169	695.751110888	100.000	250.000	0.4164	150.000	-39.56	
643	Spectrogram 1	1	696.309677096	696.675284068	100.000	300.000	0.3656	200.000	-38.85	
644	Spectrogram 1	1	697.304940521	698.564253427	187.500	437.500	1.2593	250.000	-38.18	
645	Spectrogram 1	1	697.944752723	698.290048197	112.500	750.000	0.3453	637.500	-36.39	
646	Spectrogram 1	1	698.696278167	700.412599788	325.000	825.000	1.7163	500.000	-44.85	
647	Spectrogram 1	1	698.574409176	698.828302907	0.000	150.000	0.2539	150.000	-40.59	un
648	Spectrogram 1	1	699.854033580	700.615714772	12.500	150.000	0.7617	137.500	-36.87	
649	Spectrogram 1	1	701.875027678	702.352347892	112.500	600.000	0.4773	487.500	-35.42	
650	Spectrogram 1	1	702.829668181	703.093717661	237.500	487.500	0.2640	250.000	-40.11	
651	Spectrogram 1	1	702.951537171	704.830350780	400.000	912.500	1.8788	512.500	-43.64	
652	Spectrogram 1	1	705.307670994	705.724056713	150.000	512.500	0.4164	362.500	-32.41	
653	Spectrogram 1	1	703.784308609	703.977267844	137.500	437.500	0.1930	300.000	-40.89	
654	Spectrogram 1	1	704.637391545	706.343557417	150.000	450.000	1.7062	300.000	-36.87	
655	Spectrogram 1	1	706.688852891	707.511468579	387.500	600.000	0.8226	212.500	-39.71	
656	Spectrogram 1	1	707.897387050	708.262994022	100.000	850.000	0.3656	750.000	-37.06	
657	Spectrogram 1	1	707.948165796	709.298880445	275.000	512.500	1.3507	237.500	-37.62	
658	Spectrogram 1	1	709.055142463	709.349659191	112.500	600.000	0.2945	487.500	-39.14	
659	Spectrogram 1	1	709.430905185	709.755889160	487.500	1125.000	0.3250	637.500	-42.24	
660	Spectrogram 1	1	710.151963380	710.416012861	125.000	512.500	0.2640	387.500	-39.97	
661	Spectrogram 1	1	711.888596500	712.254203473	150.000	662.500	0.3656	512.500	-36.92	
662	Spectrogram 1	1	711.817506255	713.513516378	162.500	437.500	1.6960	275.000	-38.90	
663	Spectrogram 1	1	713.645541118	714.458001057	0.000	200.000	0.8125	200.000	-36.33	
664	Spectrogram 1	1	714.122861332	716.011830690	362.500	875.000	1.8890	512.500	-40.86	
665	Spectrogram 1	1	715.747781210	716.184478427	87.500	537.500	0.4367	450.000	-36.00	
666	Spectrogram 1	1	716.743044711	717.707840889	125.000	487.500	0.9648	362.500	-41.81	
667	Spectrogram 1	1	717.535193152	719.363228014	375.000	787.500	1.8280	412.500	-41.18	
668	Spectrogram 1	1	719.464785507	721.059238137	175.000	387.500	1.5945	212.500	-38.03	
669	Spectrogram 1	1	720.003040216	720.439737433	50.000	550.000	0.4367	500.000	-35.44	
670	Spectrogram 1	1	721.211574375	723.181789727	200.000	525.000	1.9702	325.000	-40.31	
671	Spectrogram 1	1	722.135747556	723.059920736	25.000	187.500	0.9242	162.500	-36.29	
672	Spectrogram 1	1	723.669265691	724.288766394	200.000	337.500	0.6195	137.500	-45.27	
673	Spectrogram 1	1	724.278610645	724.786398107	62.500	500.000	0.5078	437.500	-34.89	
674	Spectrogram 1	1	725.030136088	727.020662939	350.000	925.000	1.9905	575.000	-41.27	
675	Spectrogram 1	1	725.233251073	725.568390798	112.500	237.500	0.3351	125.000	-35.78	
676	Spectrogram 1	1	726.147268505	726.634744468	100.000	325.000	0.4875	225.000	-39.98	
677	Spectrogram 1	1	726.594121577	728.127639712	87.500	375.000	1.5335	287.500	-47.43	
678	Spectrogram 1	1	728.087016715	728.503402434	100.000	600.000	0.4164	500.000	-38.96	
679	Spectrogram 1	1	728.625271424	730.402527541	350.000	875.000	1.7773	525.000	-42.67	
680	Spectrogram 1	1	730.199412556	731.773553688	162.500	362.500	1.5741	200.000	-44.00	
681	Spectrogram 1	1	730.087699314	731.042339743	0.000	150.000	0.9546	150.000	-36.31	
682	Spectrogram 1	1	732.204725719	732.712513181	75.000	600.000	0.5078	525.000	-36.16	
683	Spectrogram 1	1	732.590644190	733.372636881	325.000	537.500	0.7820	212.500	-37.97	
684	Spectrogram 1	1	734.185096820	735.769393701	137.500	512.500	1.5843	375.000	-42.17	
685	Spectrogram 1	1	735.593044526	737.360144894	350.000	862.500	1.7671	512.500	-43.20	
686	Spectrogram 1	1	736.273479725	736.517217707	137.500	550.000	0.2437	412.500	-33.62	
687	Spectrogram 1	1	737.969489848	739.990483946	0.000	450.000	2.0210	450.000	-38.96	
688	Spectrogram 1	1	739.269425750	740.955280123	300.000	837.500	1.6859	537.500	-44.18	
689	Spectrogram 1	1	741.300575409	741.666182382	87.500	637.500	0.3656	550.000	-35.69	
690	Spectrogram 1	1	741.899764614	742.387240578	0.000	150.000	0.4875	150.000	-32.29	
691	Spectrogram 1	1	742.336461831	742.681757305	162.500	562.500	0.3453	400.000	-42.67	
692	Spectrogram 1	1	743.270790761	743.605930486	75.000	462.500	0.3351	387.500	-39.25	
693	Spectrogram 1	1	743.890291465	744.377767428	325.000	850.000	0.4875	525.000	-42.50	
694	Spectrogram 1	1	745.281629110	745.576145838	87.500	650.000	0.2945	562.500	-38.94	
695	Spectrogram 1	1	746.124556297	748.267419386	0.000	487.500	2.1429	487.500	-40.74	
696	Spectrogram 1	1	746.855770242	748.785362597	325.000	837.500	1.9296	512.500	-44.95	
697	Spectrogram 1	1	747.891656664	749.354084554	162.500	325.000	1.4624	162.500	-45.56	
698	Spectrogram 1	1	749.668912781	750.146232995	75.000	500.000	0.4773	425.000	-37.02	
699	Spectrogram 1	1	751.852398867	752.238317338	187.500	762.500	0.3859	575.000	-42.72	
700	Spectrogram 1	1	753.294515258	753.792146971	150.000	512.500	0.4976	362.500	-35.62	
701	Spectrogram 1	1	749.953273759	751.750841374	200.000	562.500	1.7976	362.500	-38.01	
702	Spectrogram 1	1	754.259311518	756.107657879	0.000	200.000	1.8483	200.000	-39.97	
703	Spectrogram 1	1	754.696008735	755.274886441	300.000	925.000	0.5789	625.000	-43.47	
704	Spectrogram 1	1	757.438061029	758.798931427	300.000	525.000	1.3609	225.000	-38.31	
705	Spectrogram 1	1	758.809087176	759.875440846	200.000	500.000	1.0664	300.000	-41.24	
706	Spectrogram 1	1	757.661487512	758.027094485	62.500	575.000	0.3656	512.500	-35.38	
707	Spectrogram 1	1	761.195688247	762.109705678	200.000	475.000	0.9140	275.000	-36.06	
708	Spectrogram 1	1	762.637360998	763.114681213	312.500	875.000	0.4773	562.500	-44.18	
709	Spectrogram 1	1	762.972500723	764.231813629	137.500	362.500	1.2593	225.000	-41.73	
710	Spectrogram 1	1	764.582720570	765.303778766	0.000	162.500	0.7211	162.500	-39.95	
711	Spectrogram 1	1	765.141286778	766.045148460	150.000	400.000	0.9039	250.000	-42.52	
712	Spectrogram 1	1	765.547516748	766.278730693	300.000	975.000	0.7312	675.000	-44.35	
713	Spectrogram 1	1	767.163687114	767.681630325	87.500	475.000	0.5179	387.500	-38.97	
714	Spectrogram 1	1	764.472413567	764.858332038	875.000	1350.000	0.3859	475.000	-49.74	un
715	Spectrogram 1	1	768.280819530	768.636270754	100.000	712.500	0.3555	612.500	-43.01	
716	Spectrogram 1	1	768.940943231	770.616641855	250.000	525.000	1.6757	275.000	-38.55	
717	Spectrogram 1	1	770.697887849	771.104117818	112.500	562.500	0.4062	450.000	-35.27	
718	Spectrogram 1	1	772.414209470	773.846170112	212.500	412.500	1.4320	200.000	-41.32	
719	Spectrogram 1	1	773.866481611	774.882056535	150.000	462.500	1.0156	312.500	-41.79	
720	Spectrogram 1	1	775.085171519	775.572647483	50.000	575.000	0.4875	525.000	-36.96	
721	Spectrogram 1	1	776.125546732	776.501309454	100.000	412.500	0.3758	312.500	-42.08	
722	Spectrogram 1	1	776.785670433	777.557507375	250.000	462.500	0.7718	212.500	-36.75	
723	Spectrogram 1	1	778.414177038	778.840718506	175.000	450.000	0.4265	275.000	-43.46	
724	Spectrogram 1	1	778.830562757	779.257104225	100.000	600.000	0.4265	500.000	-37.33	
725	Spectrogram 1	1	780.150810157	781.308565570	225.000	437.500	1.1578	212.500	-33.99	
726	Spectrogram 1	1	781.278098323	782.121025509	262.500	625.000	0.8429	362.500	-47.43	
727	Spectrogram 1	1	781.765574286	782.557722727	12.500	250.000	0.7921	237.500	-37.31	
728	Spectrogram 1	1	783.867814378	785.665381993	137.500	650.000	1.7976	512.500	-39.44	
729	Spectrogram 1	1	783.776412635	784.182642604	100.000	700.000	0.4062	600.000	-35.35	
730	Spectrogram 1	1	788.041827385	788.275409617	87.500	550.000	0.2336	462.500	-39.12	
731	Spectrogram 1	1	788.163696375	789.016779311	237.500	375.000	0.8531	137.500	-33.69	
732	Spectrogram 1	1	789.311296039	789.991731238	175.000	512.500	0.6804	337.500	-45.60	
733	Spectrogram 1	1	790.083132981	790.601076192	100.000	637.500	0.5179	537.500	-44.57	
734	Spectrogram 1	1	791.047929159	791.464314878	125.000	350.000	0.4164	225.000	-45.57	
735	Spectrogram 1	1	791.362757385	792.652537538	125.000	425.000	1.2898	300.000	-39.77	
736	Spectrogram 1	1	792.997833012	793.363439985	112.500	462.500	0.3656	350.000	-40.81	
737	Spectrogram 1	1	793.200947997	794.318080413	87.500	375.000	1.1171	287.500	-43.07	
738	Spectrogram 1	1	795.069605857	796.085180780	112.500	450.000	1.0156	337.500	-41.12	
740	Spectrogram 1	1	796.561531115	798.511434968	125.000	400.000	1.9499	275.000	-41.57	
741	Spectrogram 1	1	795.383464222	795.627202204	1037.500	1375.000	0.2437	337.500	-49.19	
742	Spectrogram 1	1	797.292745079	798.135672265	475.000	987.500	0.8429	512.500	-45.36	
743	Spectrogram 1	1	799.466075415	800.400404345	212.500	425.000	0.9343	212.500	-38.19	
744	Spectrogram 1	1	800.847257312	801.974545477	475.000	987.500	1.1273	512.500	-44.82	
745	Spectrogram 1	1	802.917070159	804.054514074	200.000	387.500	1.1374	187.500	-34.19	
746	Spectrogram 1	1	806.370024900	807.548091811	112.500	412.500	1.1781	300.000	-41.41	
747	Spectrogram 1	1	805.852081689	806.705164624	612.500	1000.000	0.8531	387.500	-44.01	
748	Spectrogram 1	1	808.411330496	810.361234350	100.000	387.500	1.9499	287.500	-44.58	
749	Spectrogram 1	1	810.838554506	811.640858695	162.500	412.500	0.8023	250.000	-37.77	
750	Spectrogram 1	1	813.052507839	814.118861509	0.000	312.500	1.0664	312.500	-44.10	un
751	Spectrogram 1	1	814.139173008	816.332814843	62.500	437.500	2.1936	375.000	-44.61	
752	Spectrogram 1	1	817.612439247	819.206891877	137.500	425.000	1.5945	287.500	-40.82	
753	Spectrogram 1	1	818.567079675	819.389695363	350.000	862.500	0.8226	512.500	-45.47	
754	Spectrogram 1	1	820.902901999	821.969255669	162.500	362.500	1.0664	200.000	-45.18	
755	Spectrogram 1	1	822.152059156	823.127011082	100.000	437.500	0.9750	337.500	-39.42	
756	Spectrogram 1	1	822.009878666	823.076232336	475.000	962.500	1.0664	487.500	-46.46	
757	Spectrogram 1	1	822.994986418	824.406635562	0.000	212.500	1.4116	212.500	-49.00	
758	Spectrogram 1	1	825.280029996	826.417473911	100.000	425.000	1.1374	325.000	-39.04	
759	Spectrogram 1	1	826.691679140	827.585385073	250.000	462.500	0.8937	212.500	-35.78	
760	Spectrogram 1	1	827.128376357	827.818967306	625.000	1087.500	0.6906	462.500	-48.66	
761	Spectrogram 1	1	828.936099722	830.865692077	187.500	750.000	1.9296	562.500	-43.16	
762	Spectrogram 1	1	832.399210212	833.079645410	50.000	212.500	0.6804	162.500	-42.94	
763	Spectrogram 1	1	833.171047154	834.298335319	187.500	475.000	1.1273	287.500	-40.22	
764	Spectrogram 1	1	834.968614768	835.659205717	187.500	412.500	0.6906	225.000	-46.12	
765	Spectrogram 1	1	836.573223232	837.802068890	150.000	350.000	1.2288	200.000	-37.85	
766	Spectrogram 1	1	837.944249379	838.685619074	650.000	875.000	0.7414	225.000	-42.93	
767	Spectrogram 1	1	838.695774823	839.345742774	150.000	337.500	0.6500	187.500	-49.32	
768	Spectrogram 1	1	840.087112468	841.031597148	137.500	412.500	0.9445	275.000	-36.22	
771	Spectrogram 1	1	841.569851857	842.351844548	12.500	250.000	0.7820	237.500	-42.56	
772	Spectrogram 1	1	841.427671368	842.483869288	462.500	912.500	1.0562	450.000	-42.92	
773	Spectrogram 1	1	844.027543172	844.789224365	150.000	412.500	0.7617	262.500	-37.03	
774	Spectrogram 1	1	845.043118096	845.936824029	162.500	362.500	0.8937	200.000	-42.38	
775	Spectrogram 1	1	846.505545986	847.439874916	425.000	875.000	0.9343	450.000	-45.78	
776	Spectrogram 1	1	847.206292684	849.308532776	100.000	500.000	2.1022	400.000	-41.60	
777	Spectrogram 1	1	849.227286849	850.019435289	0.000	200.000	0.7921	200.000	-45.95	
778	Spectrogram 1	1	850.801427980	852.710708837	112.500	400.000	1.9093	287.500	-39.15	
779	Spectrogram 1	1	853.208340550	854.132513730	187.500	400.000	0.9242	212.500	-46.43	
780	Spectrogram 1	1	853.756751008	854.904350672	362.500	762.500	1.1476	400.000	-52.25	
781	Spectrogram 1	1	855.026219663	856.214442324	125.000	400.000	1.1882	275.000	-38.64	
782	Spectrogram 1	1	857.565156972	858.448707156	12.500	237.500	0.8836	225.000	-43.41	
783	Spectrogram 1	1	858.336993921	860.449389762	137.500	425.000	2.1124	287.500	-40.27	
784	Spectrogram 1	1	859.697864382	860.774373801	812.500	1350.000	1.0765	537.500	-48.78	
785	Spectrogram 1	1	861.647768235	862.754744902	100.000	400.000	1.1070	300.000	-35.88	
786	Spectrogram 1	1	863.181286370	864.247640040	712.500	1350.000	1.0664	637.500	-48.52	
787	Spectrogram 1	1	865.496797196	866.502216370	100.000	400.000	1.0054	300.000	-36.33	
788	Spectrogram 1	1	868.228693741	870.330933833	62.500	475.000	2.1022	412.500	-40.03	
789	Spectrogram 1	1	868.259160988	869.020842181	687.500	1487.500	0.7617	800.000	-49.49	
790	Spectrogram 1	1	871.539468070	873.367502933	175.000	687.500	1.8280	512.500	-40.85	
791	Spectrogram 1	1	873.418281679	874.525258346	50.000	537.500	1.1070	487.500	-48.32	
792	Spectrogram 1	1	875.500210273	877.968057337	0.000	325.000	2.4678	325.000	-40.17	
793	Spectrogram 1	1	876.515785196	877.775098102	225.000	625.000	1.2593	400.000	-43.12	
794	Spectrogram 1	1	879.156279998	880.405437154	0.000	350.000	1.2492	350.000	-36.98	
795	Spectrogram 1	1	880.192166420	881.258520090	112.500	450.000	1.0664	337.500	-41.33	
796	Spectrogram 1	1	880.699953882	881.867865044	712.500	1475.000	1.1679	762.500	-48.88	
797	Spectrogram 1	1	882.720948047	883.695899974	112.500	337.500	0.9750	225.000	-34.77	
798	Spectrogram 1	1	884.325556426	885.391910096	762.500	1212.500	1.0664	450.000	-46.54	
799	Spectrogram 1	1	883.899014959	884.223998934	112.500	487.500	0.3250	375.000	-45.47	
800	Spectrogram 1	1	886.478575265	887.575396182	137.500	400.000	1.0968	262.500	-36.53	
801	Spectrogram 1	1	888.418323369	890.286981229	0.000	475.000	1.8687	475.000	-40.94	
802	Spectrogram 1	1	889.444054042	890.012775999	662.500	1150.000	0.5687	487.500	-42.62	
803	Spectrogram 1	1	890.439317467	890.794768690	150.000	525.000	0.3555	375.000	-44.80	
804	Spectrogram 1	1	891.698630373	893.100123767	75.000	450.000	1.4015	375.000	-37.50	
805	Spectrogram 1	1	893.262615755	893.668845725	187.500	625.000	0.4062	437.500	-43.54	
806	Spectrogram 1	1	894.562989698	895.009842664	0.000	450.000	0.4469	450.000	-40.18	un
807	Spectrogram 1	1	895.182489914	897.289807881	187.500	450.000	2.1073	262.500	-37.57	
808	Spectrogram 1	1	898.584666396	899.529151075	250.000	437.500	0.9445	187.500	-35.96	
809	Spectrogram 1	1	900.036938537	901.275939944	0.000	450.000	1.2390	450.000	-37.78	
810	Spectrogram 1	1	900.900177222	901.915752146	125.000	387.500	1.0156	262.500	-33.32	
811	Spectrogram 1	1	900.961111717	901.875129149	687.500	1437.500	0.9140	750.000	-46.53	
812	Spectrogram 1	1	901.956375143	902.789146580	237.500	425.000	0.8328	187.500	-41.75	
813	Spectrogram 1	1	903.281699462	904.510545119	112.500	425.000	1.2288	312.500	-47.90	
814	Spectrogram 1	1	904.480077872	905.526120043	800.000	1512.500	1.0460	712.500	-48.00	
815	Spectrogram 1	1	904.744127352	905.576898789	150.000	400.000	0.8328	250.000	-35.10	
816	Spectrogram 1	1	906.196399493	906.886990441	175.000	550.000	0.6906	375.000	-49.20	
817	Spectrogram 1	1	907.343999157	908.867361542	75.000	350.000	1.5234	275.000	-38.02	
818	Spectrogram 1	1	909.405616252	910.177453194	775.000	1162.500	0.7718	387.500	-47.93	
819	Spectrogram 1	1	909.497018045	910.289166486	0.000	300.000	0.7921	300.000	-40.13	
820	Spectrogram 1	1	910.116518749	911.213339666	150.000	450.000	1.0968	300.000	-34.90	
821	Spectrogram 1	1	912.503119819	913.457760248	137.500	400.000	0.9546	262.500	-46.15	
822	Spectrogram 1	1	913.447604498	914.706917404	137.500	387.500	1.2593	250.000	-35.54	
823	Spectrogram 1	1	916.199812542	917.469281196	87.500	325.000	1.2695	237.500	-36.43	
824	Spectrogram 1	1	917.875511166	918.616880860	225.000	450.000	0.7414	225.000	-43.15	
825	Spectrogram 1	1	918.748905600	919.754324775	162.500	400.000	1.0054	237.500	-33.64	
826	Spectrogram 1	1	919.947284010	920.912080188	62.500	337.500	0.9648	275.000	-41.14	
827	Spectrogram 1	1	920.810522695	921.084727925	50.000	425.000	0.2742	375.000	-38.22	
828	Spectrogram 1	1	921.237064238	923.146345094	75.000	412.500	1.9093	337.500	-37.11	
829	Spectrogram 1	1	924.456436746	925.847774391	200.000	437.500	1.3913	237.500	-37.47	
830	Spectrogram 1	1	926.355561853	926.721168826	87.500	337.500	0.3656	250.000	-45.51	
831	Spectrogram 1	1	927.127398795	928.467957695	112.500	375.000	1.3406	262.500	-33.84	
832	Spectrogram 1	1	928.965589407	929.849139591	50.000	262.500	0.8836	212.500	-44.65	
833	Spectrogram 1	1	930.925649010	931.910756686	50.000	450.000	0.9851	400.000	-35.17	
834	Spectrogram 1	1	925.766528397	927.046152801	1187.500	2200.000	1.2796	1012.500	-63.48	
835	Spectrogram 1	1	931.067829499	932.184961915	1087.500	2575.000	1.1171	1487.500	-60.58	
836	Spectrogram 1	1	933.231004159	933.484897890	100.000	250.000	0.2539	150.000	-43.59	
837	Spectrogram 1	1	933.820037614	935.576982232	87.500	337.500	1.7569	250.000	-35.34	
838	Spectrogram 1	1	936.460532416	937.709689572	112.500	350.000	1.2492	237.500	-35.04	
839	Spectrogram 1	1	938.197165536	938.593239756	112.500	425.000	0.3961	312.500	-37.98	
840	Spectrogram 1	1	939.933798655	941.000152325	62.500	400.000	1.0664	337.500	-36.62	
841	Spectrogram 1	1	942.046194496	943.549245383	62.500	237.500	1.5031	175.000	-34.10	
842	Spectrogram 1	1	944.341393824	944.707000796	137.500	337.500	0.3656	200.000	-43.12	
843	Spectrogram 1	1	944.849181286	945.671796974	137.500	450.000	0.8226	312.500	-30.90	
844	Spectrogram 1	1	942.716473946	943.742204619	1487.500	2512.500	1.0257	1025.000	-61.78	
845	Spectrogram 1	1	946.555347238	947.225626688	1637.500	2262.500	0.6703	625.000	-62.74	
846	Spectrogram 1	1	947.784192896	948.982571306	62.500	262.500	1.1984	200.000	-42.71	
847	Spectrogram 1	1	948.647431581	949.510670266	137.500	375.000	0.8632	237.500	-35.43	
848	Spectrogram 1	1	951.277770634	952.750354273	0.000	250.000	1.4726	250.000	-35.68	
849	Spectrogram 1	1	954.101068922	954.933840359	125.000	375.000	0.8328	250.000	-32.47	
850	Spectrogram 1	1	955.797079044	956.111907270	50.000	262.500	0.3148	212.500	-34.95	
851	Spectrogram 1	1	956.386112500	956.680629228	75.000	450.000	0.2945	375.000	-44.34	un
852	Spectrogram 1	1	957.604802408	958.407106598	137.500	387.500	0.8023	250.000	-34.19	
853	Spectrogram 1	1	959.503927600	960.966355490	0.000	300.000	1.4624	300.000	-35.75	
854	Spectrogram 1	1	962.357693136	963.444358304	150.000	400.000	1.0867	250.000	-32.84	
855	Spectrogram 1	1	963.078751332	963.850588274	1575.000	2412.500	0.7718	837.500	-60.78	
856	Spectrogram 1	1	966.084853106	967.141051026	1712.500	2375.000	1.0562	662.500	-59.07	
857	Spectrogram 1	1	966.399681332	967.242608519	87.500	387.500	0.8429	300.000	-35.22	
858	Spectrogram 1	1	969.060487693	970.187775858	37.500	250.000	1.1273	212.500	-33.15	
859	Spectrogram 1	1	971.650203748	972.452507938	137.500	362.500	0.8023	225.000	-30.43	
860	Spectrogram 1	1	970.868211057	971.294752525	1850.000	3300.000	0.4265	1450.000	-63.51	
861	Spectrogram 1	1	973.468082862	973.854001333	12.500	250.000	0.3859	237.500	-37.48	
862	Spectrogram 1	1	975.225027480	975.986708672	137.500	400.000	0.7617	262.500	-34.11	
863	Spectrogram 1	1	977.347579070	978.556113229	75.000	325.000	1.2085	250.000	-35.23	
864	Spectrogram 1	1	980.049008367	980.759910814	187.500	387.500	0.7109	200.000	-27.57	
865	Spectrogram 1	1	981.958289305	982.303584779	75.000	350.000	0.3453	275.000	-39.66	
866	Spectrogram 1	1	983.085577470	983.766012669	1462.500	2125.000	0.6804	662.500	-62.32	
867	Spectrogram 1	1	983.826947164	984.680030100	150.000	325.000	0.8531	175.000	-32.80	
868	Spectrogram 1	1	985.990121752	987.046319672	62.500	237.500	1.0562	175.000	-33.12	
869	Spectrogram 1	1	988.376722822	989.087625269	137.500	450.000	0.7109	312.500	-31.30	
870	Spectrogram 1	1	990.052421447	990.296159428	37.500	400.000	0.2437	362.500	-35.82	
871	Spectrogram 1	1	990.702389398	991.108619367	87.500	450.000	0.4062	362.500	-48.48	
872	Spectrogram 1	1	992.083571294	992.743694994	237.500	450.000	0.6601	212.500	-30.70	
873	Spectrogram 1	1	993.840515912	994.947492579	12.500	300.000	1.1070	287.500	-34.12	
874	Spectrogram 1	1	990.875589637	991.982566304	375.000	750.000	1.1070	375.000	-55.48	
875	Spectrogram 1	1	996.308915478	997.019817925	100.000	462.500	0.7109	362.500	-29.58	
876	Spectrogram 1	1	996.755768445	997.669785876	912.500	1362.500	0.9140	450.000	-53.89	
877	Spectrogram 1	1	998.644737755	999.325172954	500.000	1225.000	0.6804	725.000	-53.13	
878	Spectrogram 1	1	1000.178255890	1000.726666349	175.000	400.000	0.5484	225.000	-31.15	
879	Spectrogram 1	1	1002.199249988	1002.534389713	700.000	2212.500	0.3351	1512.500	-59.86	
880	Spectrogram 1	1	1002.554701212	1003.570276135	0.000	287.500	1.0156	287.500	-35.61	
881	Spectrogram 1	1	1005.134261518	1005.672516227	87.500	587.500	0.5383	500.000	-39.81	
882	Spectrogram 1	1	1004.748343047	1005.124105769	675.000	1237.500	0.3758	562.500	-57.28	
883	Spectrogram 1	1	1006.058434738	1006.505287704	112.500	450.000	0.4469	337.500	-42.04	
884	Spectrogram 1	1	1007.094321160	1007.409149386	100.000	462.500	0.3148	362.500	-43.13	
885	Spectrogram 1	1	1008.566904799	1009.115315258	50.000	600.000	0.5484	550.000	-39.78	
886	Spectrogram 1	1	1009.907463698	1011.207399601	37.500	287.500	1.2999	250.000	-37.81	
887	Spectrogram 1	1	1011.948769295	1012.334687766	550.000	1150.000	0.3859	600.000	-50.44	
888	Spectrogram 1	1	1012.263597521	1012.710450488	75.000	575.000	0.4469	500.000	-39.55	
889	Spectrogram 1	1	1013.279172445	1013.583844922	75.000	587.500	0.3047	512.500	-42.33	
890	Spectrogram 1	1	1014.243968623	1014.640042843	162.500	487.500	0.3961	325.000	-42.78	
891	Spectrogram 1	1	1016.021224739	1016.447766207	50.000	787.500	0.4265	737.500	-41.26	
892	Spectrogram 1	1	1017.453185382	1017.768013608	37.500	300.000	0.3148	262.500	-37.65	
893	Spectrogram 1	1	1017.808633236	1018.133617212	25.000	412.500	0.3250	387.500	-41.21	
894	Spectrogram 1	1	1019.484331860	1020.631931524	550.000	1012.500	1.1476	462.500	-49.58	
895	Spectrogram 1	1	1020.185078558	1020.682710270	87.500	487.500	0.4976	400.000	-39.88	
896	Spectrogram 1	1	1022.571679628	1023.495852809	462.500	1162.500	0.9242	700.000	-52.16	
897	Spectrogram 1	1	1023.749746540	1024.196599506	12.500	650.000	0.4469	637.500	-41.04	
898	Spectrogram 1	1	1025.415289415	1025.953544124	50.000	250.000	0.5383	200.000	-38.75	
899	Spectrogram 1	1	1025.953544124	1026.187126357	2250.000	3175.000	0.2336	925.000	-64.24	
900	Spectrogram 1	1	1026.633979323	1027.009742045	437.500	1400.000	0.3758	962.500	-48.07	
901	Spectrogram 1	1	1027.730800241	1027.994849721	2037.500	3575.000	0.2640	1537.500	-63.03	
902	Spectrogram 1	1	1024.704386968	1025.029370944	2175.000	2950.000	0.3250	775.000	-64.65	
903	Spectrogram 1	1	1027.527685256	1028.025316969	150.000	550.000	0.4976	400.000	-39.12	
904	Spectrogram 1	1	1028.644817672	1028.969801648	87.500	525.000	0.3250	437.500	-41.63	
905	Spectrogram 1	1	1029.609613850	1030.005688070	112.500	550.000	0.3961	437.500	-38.07	
906	Spectrogram 1	1	1029.843183109	1031.061873018	475.000	687.500	1.2187	212.500	-51.99	
907	Spectrogram 1	1	1031.193897758	1031.589971978	12.500	512.500	0.3961	500.000	-38.20	
908	Spectrogram 1	1	1032.412587666	1033.103178614	75.000	412.500	0.6906	337.500	-41.47	
909	Spectrogram 1	1	1034.372647269	1034.819500235	75.000	475.000	0.4469	400.000	-38.49	
910	Spectrogram 1	1	1034.098442040	1035.103861214	500.000	925.000	1.0054	425.000	-46.53	
911	Spectrogram 1	1	1033.357072345	1034.037507544	862.500	1087.500	0.6804	225.000	-59.18	
912	Spectrogram 1	1	1035.347599196	1035.682738921	50.000	500.000	0.3351	450.000	-41.84	
913	Spectrogram 1	1	1036.200682132	1036.596756352	112.500	587.500	0.3961	475.000	-40.95	
914	Spectrogram 1	1	1037.500618034	1038.770086689	450.000	850.000	1.2695	400.000	-44.08	
915	Spectrogram 1	1	1038.018561245	1038.414635465	0.000	550.000	0.3961	550.000	-36.09	
916	Spectrogram 1	1	1039.552079380	1040.009088095	25.000	287.500	0.4570	262.500	-39.49	
917	Spectrogram 1	1	1040.994195771	1041.867590206	362.500	650.000	0.8734	287.500	-50.96	
918	Spectrogram 1	1	1041.816811460	1042.385533417	25.000	600.000	0.5687	575.000	-35.98	
919	Spectrogram 1	1	1042.418781057	1043.434355981	375.000	762.500	1.0156	387.500	-46.11	
920	Spectrogram 1	1	1044.561639937	1045.648305105	300.000	662.500	1.0867	362.500	-53.39	
921	Spectrogram 1	1	1045.485813118	1045.973289081	112.500	887.500	0.4875	775.000	-39.87	
922	Spectrogram 1	1	1047.598208959	1048.095840672	37.500	337.500	0.4976	300.000	-39.47	
923	Spectrogram 1	1	1048.999702354	1049.355153577	425.000	1012.500	0.3555	587.500	-46.41	
924	Spectrogram 1	1	1049.690293302	1050.096523271	75.000	712.500	0.4062	637.500	-39.58	
925	Spectrogram 1	1	1050.797269969	1051.183188440	100.000	462.500	0.3859	362.500	-40.24	
926	Spectrogram 1	1	1051.122253944	1051.792533394	0.000	200.000	0.6703	200.000	-38.31	un
927	Spectrogram 1	1	1051.782377645	1053.579945260	350.000	875.000	1.7976	525.000	-51.25	
928	Spectrogram 1	1	1052.594837584	1053.041690550	75.000	562.500	0.4469	487.500	-39.00	
929	Spectrogram 1	1	1053.549478012	1054.818946666	387.500	937.500	1.2695	550.000	-48.43	
930	Spectrogram 1	1	1054.270536208	1054.940815657	0.000	250.000	0.6703	250.000	-37.82	
932	Spectrogram 1	1	1055.245482634	1056.210278812	412.500	600.000	0.9648	187.500	-53.74	
933	Spectrogram 1	1	1056.261057558	1056.728222023	112.500	575.000	0.4672	462.500	-36.49	
934	Spectrogram 1	1	1057.134451992	1058.180494164	587.500	825.000	1.0460	237.500	-43.82	
935	Spectrogram 1	1	1057.327411228	1057.845354439	125.000	500.000	0.5179	375.000	-40.88	
936	Spectrogram 1	1	1058.434387895	1058.820306366	125.000	400.000	0.3859	275.000	-37.92	
937	Spectrogram 1	1	1059.815569791	1060.231955510	100.000	512.500	0.4164	412.500	-36.99	
938	Spectrogram 1	1	1060.506160739	1060.963169455	400.000	950.000	0.4570	550.000	-48.13	
939	Spectrogram 1	1	1061.318620678	1062.192015112	50.000	475.000	0.8734	425.000	-43.47	
940	Spectrogram 1	1	1061.948277131	1062.679491076	550.000	912.500	0.7312	362.500	-49.68	
941	Spectrogram 1	1	1063.055253798	1064.070828721	362.500	625.000	1.0156	262.500	-52.17	
942	Spectrogram 1	1	1063.928648232	1064.598927682	87.500	675.000	0.6703	587.500	-39.49	
943	Spectrogram 1	1	1064.832509914	1065.147338140	350.000	800.000	0.3148	450.000	-50.26	
944	Spectrogram 1	1	1065.584035358	1066.041044073	0.000	262.500	0.4570	262.500	-45.17	
945	Spectrogram 1	1	1066.721474725	1067.930008884	0.000	225.000	1.2085	225.000	-46.80	
946	Spectrogram 1	1	1067.940164633	1068.417484848	75.000	812.500	0.4773	737.500	-38.08	
947	Spectrogram 1	1	1070.001777156	1070.895483089	50.000	212.500	0.8937	162.500	-37.85	
948	Spectrogram 1	1	1071.545451040	1071.880590765	362.500	925.000	0.3351	562.500	-47.11	
949	Spectrogram 1	1	1072.561025964	1072.967255933	62.500	625.000	0.4062	562.500	-37.48	
950	Spectrogram 1	1	1073.596912386	1073.982830857	62.500	450.000	0.3859	387.500	-39.70	
951	Spectrogram 1	1	1074.064076851	1075.597594986	325.000	575.000	1.5335	250.000	-52.27	
952	Spectrogram 1	1	1075.658529481	1076.247562937	87.500	587.500	0.5890	500.000	-38.94	
953	Spectrogram 1	1	1075.851488717	1076.430366423	475.000	887.500	0.5789	412.500	-48.82	
954	Spectrogram 1	1	1076.785817646	1077.628744833	1075.000	1550.000	0.8429	475.000	-53.99	
955	Spectrogram 1	1	1077.009244130	1078.319335781	25.000	250.000	1.3101	225.000	-38.70	
956	Spectrogram 1	1	1078.045130552	1079.202885965	362.500	925.000	1.1578	562.500	-51.22	
957	Spectrogram 1	1	1079.649738081	1080.238772387	50.000	575.000	0.5890	525.000	-37.11	
958	Spectrogram 1	1	1080.777022267	1081.081694744	125.000	487.500	0.3047	362.500	-38.62	
959	Spectrogram 1	1	1081.701195447	1081.934777680	100.000	475.000	0.2336	375.000	-38.18	
960	Spectrogram 1	1	1081.975400676	1082.310540401	375.000	887.500	0.3351	512.500	-47.08	
961	Spectrogram 1	1	1082.950352603	1083.884681533	25.000	600.000	0.9343	575.000	-37.76	
962	Spectrogram 1	1	1084.930723704	1085.408043919	12.500	200.000	0.4773	187.500	-36.35	
963	Spectrogram 1	1	1084.971346701	1086.271282604	312.500	500.000	1.2999	187.500	-47.94	
964	Spectrogram 1	1	1086.555643582	1086.951717803	350.000	1000.000	0.3961	650.000	-50.82	
965	Spectrogram 1	1	1083.904993032	1084.879944958	0.000	237.500	0.9750	237.500	-42.69	
966	Spectrogram 1	1	1087.032963797	1087.865735234	50.000	600.000	0.8328	550.000	-36.47	
967	Spectrogram 1	1	1088.007915723	1090.496074286	300.000	675.000	2.4882	375.000	-44.64	
968	Spectrogram 1	1	1091.074945752	1091.603044712	50.000	662.500	0.5281	612.500	-40.09	
969	Spectrogram 1	1	1092.273324162	1092.770955874	50.000	262.500	0.4976	212.500	-44.52	
970	Spectrogram 1	1	1093.106095599	1093.735752052	300.000	850.000	0.6297	550.000	-50.16	
971	Spectrogram 1	1	1093.075628352	1093.644350309	62.500	225.000	0.5687	162.500	-35.29	
972	Spectrogram 1	1	1095.269270187	1095.695811655	62.500	675.000	0.4265	612.500	-36.88	
973	Spectrogram 1	1	1094.741171226	1095.837992144	1187.500	1575.000	1.0968	387.500	-52.12	
974	Spectrogram 1	1	1096.091885875	1097.645715508	300.000	525.000	1.5538	225.000	-43.07	
975	Spectrogram 1	1	1096.254377863	1096.640296334	100.000	300.000	0.3859	200.000	-36.50	
976	Spectrogram 1	1	1097.209018291	1097.513690768	100.000	275.000	0.3047	175.000	-36.75	
977	Spectrogram 1	1	1097.716805753	1098.163658719	100.000	750.000	0.4469	650.000	-46.99	
978	Spectrogram 1	1	1098.214437465	1099.138610646	1175.000	1400.000	0.9242	225.000	-47.90	
979	Spectrogram 1	1	1099.057364652	1099.524529117	62.500	562.500	0.4672	500.000	-37.31	
980	Spectrogram 1	1	1099.585463612	1101.433809974	275.000	700.000	1.8483	425.000	-48.35	
981	Spectrogram 1	1	1100.682284530	1101.342408230	0.000	225.000	0.6601	225.000	-38.18	
982	Spectrogram 1	1	1101.443965723	1102.429073399	0.000	237.500	0.9851	237.500	-48.07	
983	Spectrogram 1	1	1102.855614867	1103.404025326	62.500	575.000	0.5484	512.500	-34.89	
984	Spectrogram 1	1	1102.571253888	1102.967328108	1187.500	2300.000	0.3961	1112.500	-59.32	
985	Spectrogram 1	1	1103.688380061	1104.358659510	275.000	475.000	0.6703	200.000	-47.70	
986	Spectrogram 1	1	1104.439905504	1104.703954984	100.000	500.000	0.2640	400.000	-38.04	
987	Spectrogram 1	1	1106.399965107	1108.035040734	225.000	412.500	1.6351	187.500	-39.50	
988	Spectrogram 1	1	1107.303826789	1107.628810765	37.500	600.000	0.3250	562.500	-37.48	
989	Spectrogram 1	1	1107.425695780	1108.339713211	1162.500	1450.000	0.9140	287.500	-49.11	
990	Spectrogram 1	1	1108.827189175	1109.314665138	0.000	325.000	0.4875	325.000	-42.33	
991	Spectrogram 1	1	1110.188059572	1111.467683976	212.500	400.000	1.2796	187.500	-45.01	
992	Spectrogram 1	1	1110.005256086	1110.990363762	1050.000	1687.500	0.9851	637.500	-57.74	
993	Spectrogram 1	1	1111.366126484	1111.853602447	0.000	825.000	0.4875	825.000	-39.97	
994	Spectrogram 1	1	1112.625439389	1112.919956117	100.000	512.500	0.2945	412.500	-38.84	
995	Spectrogram 1	1	1113.620702815	1113.976154038	100.000	475.000	0.3555	375.000	-40.97	
996	Spectrogram 1	1	1114.423007004	1115.255778442	187.500	625.000	0.8328	437.500	-49.51	
997	Spectrogram 1	1	1115.560450919	1115.926057891	75.000	512.500	0.3656	437.500	-33.69	
998	Spectrogram 1	1	1111.416905230	1111.721577707	8803.479	14000.714	0.3047	5197.235	-76.49	d
999	Spectrogram 1	1	1112.828554374	1113.275407340	10535.891	15202.796	0.4469	4666.905	-77.26	d
1000	Spectrogram 1	1	1117.175206510	1117.743928467	0.000	212.500	0.5687	212.500	-38.48	
1001	Spectrogram 1	1	1117.571280730	1119.013397122	112.500	412.500	1.4421	300.000	-39.87	
1002	Spectrogram 1	1	1119.186044859	1119.521184584	75.000	562.500	0.3351	487.500	-37.44	
1003	Spectrogram 1	1	1120.120373789	1120.404734768	75.000	437.500	0.2844	362.500	-37.86	
1004	Spectrogram 1	1	1121.024235471	1121.267973453	75.000	312.500	0.2437	237.500	-39.98	
1005	Spectrogram 1	1	1121.105481465	1122.527286358	87.500	462.500	1.4218	375.000	-38.31	
1006	Spectrogram 1	1	1122.517130609	1122.862426083	0.000	687.500	0.3453	687.500	-36.53	
1007	Spectrogram 1	1	1123.979558499	1124.517813209	12.500	212.500	0.5383	200.000	-36.99	
1008	Spectrogram 1	1	1125.350584646	1126.213823331	112.500	437.500	0.8632	325.000	-43.71	
1009	Spectrogram 1	1	1126.203667582	1126.721610793	75.000	575.000	0.5179	500.000	-36.82	
1010	Spectrogram 1	1	1128.275440426	1129.585532078	100.000	425.000	1.3101	325.000	-38.24	
1011	Spectrogram 1	1	1119.470405838	1119.856324309	1762.500	2950.000	0.3859	1187.500	-63.96	
1012	Spectrogram 1	1	1121.887473926	1122.222613651	1787.500	2875.000	0.3351	1087.500	-64.01	
1013	Spectrogram 1	1	1127.270021022	1128.834006404	1187.500	1500.000	1.5640	312.500	-50.54	
1014	Spectrogram 1	1	1130.408136693	1130.753432167	37.500	600.000	0.3453	562.500	-36.73	
1015	Spectrogram 1	1	1130.743276418	1131.352621372	1175.000	1500.000	0.6093	325.000	-47.10	
1016	Spectrogram 1	1	1130.722964920	1131.769007091	212.500	362.500	1.0460	150.000	-45.68	
1017	Spectrogram 1	1	1131.961966327	1133.485328712	175.000	300.000	1.5234	125.000	-35.80	
1018	Spectrogram 1	1	1132.276794553	1133.018164247	0.000	162.500	0.7414	162.500	-38.14	
1019	Spectrogram 1	1	1134.907133605	1135.282896327	125.000	612.500	0.3758	487.500	-36.37	
1020	Spectrogram 1	1	1135.912552780	1137.263267428	0.000	450.000	1.3507	450.000	-41.11	
1021	Spectrogram 1	1	1135.993798774	1136.176602260	75.000	387.500	0.1828	312.500	-35.07	
1022	Spectrogram 1	1	1136.867193208	1137.090619691	87.500	450.000	0.2234	362.500	-40.47	
1023	Spectrogram 1	1	1138.685072322	1139.070990793	50.000	537.500	0.3859	487.500	-36.05	
1024	Spectrogram 1	1	1139.070990793	1140.472484187	37.500	387.500	1.4015	350.000	-45.91	
1025	Spectrogram 1	1	1140.492795686	1140.939648652	0.000	325.000	0.4469	325.000	-37.07	
1026	Spectrogram 1	1	1135.293052076	1135.973487275	1037.500	1600.000	0.6804	562.500	-57.01	
1027	Spectrogram 1	1	1137.821833636	1138.867875808	1225.000	1587.500	1.0460	362.500	-53.63	
1028	Spectrogram 1	1	1140.716222169	1141.518526359	1187.500	1800.000	0.8023	612.500	-57.58	
1029	Spectrogram 1	1	1142.574719183	1143.173908388	1225.000	1712.500	0.5992	487.500	-50.73	
1030	Spectrogram 1	1	1142.686432424	1143.610605605	75.000	350.000	0.9242	275.000	-33.54	
1032	Spectrogram 1	1	1143.702007348	1143.966056828	112.500	400.000	0.2640	287.500	-38.09	
1033	Spectrogram 1	1	1144.646492027	1144.819139764	112.500	450.000	0.1726	337.500	-39.80	
1034	Spectrogram 1	1	1146.423748144	1147.449478817	1250.000	1625.000	1.0257	375.000	-56.28	
1035	Spectrogram 1	1	1148.424430743	1150.445424841	100.000	275.000	2.0210	175.000	-42.01	
1036	Spectrogram 1	1	1150.546982334	1150.922745056	75.000	612.500	0.3758	537.500	-36.32	
1037	Spectrogram 1	1	1147.864383724	1148.585441919	0.000	250.000	0.7211	250.000	-39.50	
1038	Spectrogram 1	1	1150.410769442	1151.101360390	875.000	1525.000	0.6906	650.000	-52.77	
1039	Spectrogram 1	1	1151.845015028	1153.114483682	137.500	387.500	1.2695	250.000	-40.82	
1040	Spectrogram 1	1	1153.757195517	1154.864172184	750.000	987.500	1.1070	237.500	-53.73	
1041	Spectrogram 1	1	1154.407163468	1154.965729676	50.000	537.500	0.5586	487.500	-39.98	
1042	Spectrogram 1	1	1155.907351266	1156.831524447	237.500	350.000	0.9242	112.500	-37.44	
1043	Spectrogram 1	1	1156.374515731	1157.105729676	0.000	200.000	0.7312	200.000	-39.52	
1044	Spectrogram 1	1	1158.366760318	1159.829188208	287.500	512.500	1.4624	225.000	-40.06	
1045	Spectrogram 1	1	1159.930745701	1160.174483682	100.000	475.000	0.2437	375.000	-38.62	
1046	Spectrogram 1	1	1160.905697628	1161.037722368	100.000	437.500	0.1320	337.500	-39.61	
1047	Spectrogram 1	1	1161.069408055	1162.420122704	137.500	325.000	1.3507	187.500	-38.03	
1048	Spectrogram 1	1	1162.440434202	1162.907598667	25.000	625.000	0.4672	600.000	-37.15	
1049	Spectrogram 1	1	1161.932646740	1161.932646740	3912.500	3912.500	0.0000	0.000	-72.46	
1050	Spectrogram 1	1	1162.308409462	1162.755262429	1200.000	1837.500	0.4469	637.500	-57.63	
1051	Spectrogram 1	1	1164.004419585	1164.755945028	12.500	300.000	0.7515	287.500	-38.94	
1052	Spectrogram 1	1	1165.273887254	1166.269150679	175.000	375.000	0.9953	200.000	-39.51	
1053	Spectrogram 1	1	1166.218371933	1166.634757652	50.000	600.000	0.4164	550.000	-35.46	
1054	Spectrogram 1	1	1164.512206061	1166.573823156	2150.000	3000.000	2.0616	850.000	-61.75	
1055	Spectrogram 1	1	1167.203479609	1167.457373340	100.000	412.500	0.2539	312.500	-38.00	
1056	Spectrogram 1	1	1167.650332576	1168.015939548	637.500	825.000	0.3656	187.500	-46.75	
1057	Spectrogram 1	1	1168.147964288	1169.783039915	262.500	550.000	1.6351	287.500	-40.96	
1058	Spectrogram 1	1	1169.793195665	1170.250204380	12.500	500.000	0.4570	487.500	-36.86	
1059	Spectrogram 1	1	1170.341606123	1171.844657010	137.500	387.500	1.5031	250.000	-40.48	
1060	Spectrogram 1	1	1173.652380375	1174.099233341	87.500	525.000	0.4469	437.500	-38.47	
1061	Spectrogram 1	1	1174.282036827	1175.226521506	87.500	350.000	0.9445	262.500	-42.14	
1062	Spectrogram 1	1	1175.876480337	1176.556915536	587.500	975.000	0.6804	387.500	-48.45	
1063	Spectrogram 1	1	1175.866324587	1177.795916942	62.500	200.000	1.9296	137.500	-41.58	
1064	Spectrogram 1	1	1177.653736453	1177.948253181	75.000	600.000	0.2945	525.000	-38.04	
1065	Spectrogram 1	1	1178.791180368	1179.420836820	600.000	800.000	0.6297	200.000	-46.10	
1066	Spectrogram 1	1	1179.126320093	1179.918468533	212.500	400.000	0.7921	187.500	-38.49	
1067	Spectrogram 1	1	1179.766132294	1180.314542753	12.500	175.000	0.5484	162.500	-36.42	
1068	Spectrogram 1	1	1181.837905139	1182.650365078	1800.000	2225.000	0.8125	425.000	-53.14	
1069	Spectrogram 1	1	1182.701143824	1183.655784252	87.500	475.000	0.9546	387.500	-38.44	
1070	Spectrogram 1	1	1183.361267524	1183.808120491	562.500	1062.500	0.4469	500.000	-49.32	
1071	Spectrogram 1	1	1184.112792968	1184.326063702	137.500	412.500	0.2133	275.000	-39.62	
1072	Spectrogram 1	1	1185.108056393	1186.672041776	75.000	450.000	1.5640	375.000	-38.57	
1073	Spectrogram 1	1	1185.961139329	1186.296279054	50.000	537.500	0.3351	487.500	-35.01	
1074	Spectrogram 1	1	1186.692353274	1186.875156760	562.500	837.500	0.1828	275.000	-46.92	
1075	Spectrogram 1	1	1187.494657464	1188.794593366	150.000	412.500	1.2999	262.500	-39.91	
1076	Spectrogram 1	1	1188.449297892	1188.733658871	587.500	975.000	0.2844	387.500	-47.18	
1077	Spectrogram 1	1	1189.068791782	1189.576579244	50.000	187.500	0.5078	137.500	-42.20	
1078	Spectrogram 1	1	1189.992964963	1190.419506431	87.500	562.500	0.4265	475.000	-38.09	
1079	Spectrogram 1	1	1191.130408878	1192.013959061	200.000	400.000	0.8836	200.000	-40.47	
1080	Spectrogram 1	1	1192.085049306	1192.278008541	112.500	500.000	0.1930	387.500	-41.94	
1081	Spectrogram 1	1	1192.460812028	1193.720124933	412.500	662.500	1.2593	250.000	-49.27	
1082	Spectrogram 1	1	1193.273271967	1194.319314138	237.500	425.000	1.0460	187.500	-35.39	
1083	Spectrogram 1	1	1195.822359273	1196.817622698	112.500	387.500	0.9953	275.000	-40.70	
1084	Spectrogram 1	1	1195.852826521	1196.990270435	425.000	950.000	1.1374	525.000	-50.62	
1085	Spectrogram 1	1	1193.517004196	1193.679496184	2200.000	7550.000	0.1625	5350.000	-66.92	d
1086	Spectrogram 1	1	1197.589459640	1198.198804594	10900.000	16100.000	0.6093	5200.000	-75.56	d
1087	Spectrogram 1	1	1197.396498725	1197.792572945	187.500	825.000	0.3961	637.500	-48.72	
1088	Spectrogram 1	1	1198.208958664	1198.574565636	37.500	575.000	0.3656	537.500	-36.51	
1089	Spectrogram 1	1	1199.468271569	1199.620607808	137.500	412.500	0.1523	275.000	-37.79	
1090	Spectrogram 1	1	1199.833878542	1200.219797013	150.000	437.500	0.3859	287.500	-34.93	
1091	Spectrogram 1	1	1200.473690744	1200.890076462	237.500	787.500	0.4164	550.000	-46.04	
1092	Spectrogram 1	1	1202.281414108	1203.357923527	250.000	512.500	1.0765	262.500	-40.00	
1093	Spectrogram 1	1	1202.342348603	1202.829824567	687.500	1137.500	0.4875	450.000	-53.38	
1094	Spectrogram 1	1	1201.286150682	1201.590823160	87.500	575.000	0.3047	487.500	-43.80	
1095	Spectrogram 1	1	1203.987576569	1205.754676936	237.500	650.000	1.7671	412.500	-43.65	
1096	Spectrogram 1	1	1204.810192257	1205.632807946	0.000	225.000	0.8226	225.000	-38.83	
1097	Spectrogram 1	1	1206.242152900	1206.496046631	87.500	350.000	0.2539	262.500	-46.18	
1098	Spectrogram 1	1	1207.095235836	1207.298350820	87.500	262.500	0.2031	175.000	-44.12	
1099	Spectrogram 1	1	1207.328818068	1207.765515285	0.000	575.000	0.4367	575.000	-38.93	
1100	Spectrogram 1	1	1207.806138282	1209.106074185	262.500	387.500	1.2999	125.000	-43.02	
1101	Spectrogram 1	1	1208.374860240	1208.649065469	112.500	437.500	0.2742	325.000	-37.03	
1102	Spectrogram 1	1	1209.197475928	1209.502148405	150.000	512.500	0.3047	362.500	-41.57	
1103	Spectrogram 1	1	1210.273985347	1211.259093023	50.000	437.500	0.9851	387.500	-38.09	
1104	Spectrogram 1	1	1211.188002778	1211.492675255	62.500	587.500	0.3047	525.000	-36.29	
1105	Spectrogram 1	1	1212.366069690	1212.772299659	50.000	550.000	0.4062	500.000	-42.26	
1106	Spectrogram 1	1	1213.107439384	1213.726940087	0.000	312.500	0.6195	312.500	-38.93	
1107	Spectrogram 1	1	1212.000458722	1212.366065695	4850.000	12000.000	0.3656	7150.000	-70.15	d
1108	Spectrogram 1	1	1214.478460975	1215.930733116	237.500	537.500	1.4523	300.000	-41.73	
1109	Spectrogram 1	1	1215.443257153	1215.940888865	50.000	512.500	0.4976	462.500	-37.49	
1110	Spectrogram 1	1	1216.103380853	1216.367430333	87.500	525.000	0.2640	437.500	-41.99	
1111	Spectrogram 1	1	1216.773660303	1217.007242535	75.000	512.500	0.2336	437.500	-41.08	
1112	Spectrogram 1	1	1217.575964492	1218.520449171	0.000	237.500	0.9445	237.500	-35.87	
1113	Spectrogram 1	1	1218.154842199	1219.058703881	262.500	512.500	0.9039	250.000	-46.15	
1114	Spectrogram 1	1	1219.434466603	1219.668048835	0.000	525.000	0.2336	525.000	-42.14	
1115	Spectrogram 1	1	1220.094590303	1220.439885777	75.000	550.000	0.3453	475.000	-36.71	
